clone_id	subject	clone_size	va_gene	ja_gene	va2_gene	ja2_gene	vb_gene	jb_gene	cdr3a	cdr3a_nucseq	cdr3a2	cdr3a2_nucseq	cdr3b	cdr3b_nucseq	alpha_umi	alpha2_umi	beta_umi	num_alphas	num_betas
clonotype1	UNK_S	19	TRAV12-1*01	TRAJ12*01			TRBV2*01	TRBJ2-2*01	CVVNGGDSSYKLIF	tgtgtggtgaacggtggggatagcagctataaattgatcttc			CASSSGQKSPGELFF	tgtgccagcagttccggacagaagagtcccggggagctgtttttt	19	0	19	1	1
clonotype10	UNK_S	6	TRAV8-4*01	TRAJ12*01			TRBV5-1*01	TRBJ2-1*01	CAVSEGDSSYKLIF	tgtgctgtgagtgaaggggatagcagctataaattgatcttc			CASSLIPGQMNEQFF	tgcgccagcagcctgataccgggacaaatgaatgagcagttcttc	6	0	6	1	1
clonotype100	UNK_S	2	TRAV21*01	TRAJ6*01			TRBV7-2*01	TRBJ2-5*01	CAVGGSYIPTF	tgtgctgtgggaggaagctacatacctacattt			CASSLNEQRQETQYF	tgtgccagcagcttaaacgaacaaagacaagagacccagtacttc	2	0	2	1	1
clonotype101	UNK_S	2	TRAV24*01	TRAJ16*01			TRBV7-2*01	TRBJ2-1*01	CAFSDGQKLLF	tgtgccttttcagatggccagaagctgctcttt			CASSLGLAGANEQFF	tgtgccagcagcttgggactagcgggagcaaatgagcagttcttc	2	0	2	1	1
clonotype1014	UNK_S	1	TRAV20*01	TRAJ10*01	TRAV25*01	TRAJ13*01	TRBV28*01	TRBJ1-3*01	CAVQFTGGGNKLTF	tgtgctgtgcagttcacgggaggaggaaacaaactcaccttt	CAGPTF	tgtgcagggccaaccttt	CASSSGYRNTIYF	tgtgccagcagttcaggctacaggaacaccatatatttt	2	1	2	2	1
clonotype1015	UNK_S	1	TRAV26-1*01	TRAJ41*01			TRBV6-2*01	TRBJ1-4*01	CIVVLYALNF	tgcatcgtcgtgctgtatgcactcaacttc			CASSSGLEEKLFF	tgtgccagctcttcggggctagaagaaaaactgtttttt	1	0	1	1	1
clonotype1016	UNK_S	1	TRAV1-2*01	TRAJ30*01			TRBV9*01	TRBJ2-7*01	CADPGDKIIF	tgtgctgatccgggtgacaagatcatcttt			CASSVGGSYEQYF	tgtgccagcagcgtaggaggctcctacgagcagtacttc	1	0	1	1	1
clonotype1017	UNK_S	1	TRAV26-2*01	TRAJ54*01			TRBV20-1*01	TRBJ2-1*01	CIRQGAQKLVF	tgcatccgacagggagcccagaagctggtattt			CSAPDRSASYNEQFF	tgcagtgccccagacaggagtgcttcctacaatgagcagttcttc	1	0	1	1	1
clonotype1018	UNK_S	1	TRAV26-1*01	TRAJ43*01			TRBV20-1*01	TRBJ2-6*01	CIVRGNNDMRF	tgcatcgtcagaggcaacaatgacatgcgcttt			CSAGLQFSGANVLTF	tgcagtgctggattacagttctctggggccaacgtcctgactttc	1	0	1	1	1
clonotype1019	UNK_S	1	TRAV2*01	TRAJ16*01	TRAV1-1*01	TRAJ20*01	TRBV28*01	TRBJ1-1*01	CAVRFSDGQKLLF	tgtgctgttcggttttcagatggccagaagctgctcttt	CAVSNDYKLSF	tgcgctgtgagtaacgactacaagctcagcttt	CASSNRDSREAFF	tgtgccagcagtaaccgggactcccgagaagctttcttt	2	1	2	2	1
clonotype1020	UNK_S	1	TRAV26-2*01	TRAJ49*01			TRBV28*01	TRBJ1-1*01	CIPARGNQFYF	tgcatccccgcccggggcaaccagttctatttt			CASSEYMNTEAFF	tgtgccagcagtgagtatatgaacactgaagctttcttt	1	0	1	1	1
clonotype1021	UNK_S	1	TRAV39*01	TRAJ43*01			TRBV7-8*01	TRBJ2-5*01	CAVEGDMRF	tgtgccgtggagggtgacatgcgcttt			CASRRIQETQYF	tgtgccagcagacgaatacaagagacccagtacttc	1	0	1	1	1
clonotype1022	UNK_S	1	TRAV26-2*01	TRAJ43*01			TRBV19*01	TRBJ2-2*01	CILRDVNNDMRF	tgcatcctgagagacgttaacaatgacatgcgcttt			CASSISQSGELFF	tgtgccagtagtatctcccagtcaggggagctgtttttt	1	0	1	1	1
clonotype1023	UNK_S	1	TRAV26-1*01	TRAJ20*01			TRBV6-2*01	TRBJ1-2*01	CIVGSNDYKLSF	tgcatcgttggttctaacgactacaagctcagcttt			CASSYSSGYGYTF	tgtgccagcagttactcctccggctatggctacaccttc	1	0	1	1	1
clonotype1024	UNK_S	1	TRAV1-2*01	TRAJ12*01			TRBV6-2*01	TRBJ2-2*01	CAVMDSSYKLIF	tgtgctgtgatggatagcagctataaattgatcttc			CASSYSDTGELFF	tgtgccagcagttactcggacaccggggagctgtttttt	1	0	1	1	1
clonotype1025	UNK_S	1	TRAV26-2*01	TRAJ41*01			TRBV30*01	TRBJ2-1*01	CIHSNSGYALNF	tgcatccactcaaattccgggtatgcactcaacttc			CAWSGGRKGYNEQFF	tgtgcctggagtggaggccgaaaggggtacaatgagcagttcttc	1	0	1	1	1
clonotype1026	UNK_S	1	TRAV26-2*01	TRAJ29*01			TRBV29-1*01	TRBJ2-1*01	CMPNSGNTPLVF	tgcatgccgaattcaggaaacacacctcttgtcttt			CSVEQVRRQHNEQFF	tgcagcgttgaacaggtgcggcgccaacacaatgagcagttcttc	1	0	1	1	1
clonotype1027	UNK_S	1	TRAV26-2*01	TRAJ26*01			TRBV20-1*01	TRBJ1-1*01	CILRNYGQNFVF	tgcatcctgagaaactatggtcagaattttgtcttt			CSASFRVTGNTEAFF	tgcagtgctagcttcagggtgacagggaacactgaagctttcttt	1	0	1	1	1
clonotype1028	UNK_S	1	TRAV4*01	TRAJ15*01			TRBV18*01	TRBJ2-2*01	CLVVQAGTALIF	tgcctcgtggtccaggcaggaactgctctgatcttt			CASLKEIGELFF	tgtgccagtctcaaggaaatcggggagctgtttttt	1	0	1	1	1
clonotype103	UNK_S	2	TRAV12-1*01	TRAJ43*01			TRBV10-3*01	TRBJ2-1*01	CVVNGNDMRF	tgtgtggtgaacggcaatgacatgcgcttt			CAISEIEGGGANEQFF	tgtgccatcagtgagatagaggggggaggggccaatgagcagttcttc	2	0	2	1	1
clonotype1030	UNK_S	1	TRAV26-2*01	TRAJ15*01			TRBV27*01	TRBJ2-1*01	CILRQAGTALIF	tgcatcctgaggcaggcaggaactgctctgatcttt			CASSLGSYNEQFF	tgtgccagcagtttaggctcctacaatgagcagttcttc	1	0	1	1	1
clonotype1031	UNK_S	1	TRAV26-2*01	TRAJ23*01			TRBV5-6*01	TRBJ1-5*01	CIPQPWGGKLIF	tgcatcccacagccgtggggaggaaagcttatcttc			CASSAGSNQPQHF	tgtgccagcagcgcagggagcaatcagccccagcatttt	1	0	1	1	1
clonotype1032	UNK_S	1	TRAV25*01	TRAJ31*01			TRBV5-1*01	TRBJ2-3*01	CAGSRARLMF	tgtgcagggtcaagagccagactcatgttt			CASSSLVTDTQYF	tgcgccagcagctcactagttacagatacgcagtatttt	1	0	1	1	1
clonotype1033	UNK_S	1	TRAV1-2*01	TRAJ20*01			TRBV4-2*01	TRBJ2-2*01	CAVRDSDYKLSF	tgtgctgtgagagattccgactacaagctcagcttt			CASSHGDPGELFF	tgtgccagcagccatggggatcccggggagctgtttttt	1	0	1	1	1
clonotype1034	UNK_S	1	TRAV14/DV4*01	TRAJ6*01	TRAV1-2*01	TRAJ5*01	TRBV9*01	TRBJ2-5*01	CAMRGPSGGSYIPTF	tgtgcaatgagagggccatcaggaggaagctacatacctacattt	CAARGGRRALTF	tgtgccgcccgagggggcaggagagcacttactttt	CASSVVGDETQYF	tgtgccagcagcgtagtgggggatgagacccagtacttc	2	1	2	2	1
clonotype1036	UNK_S	1	TRAV26-2*01	TRAJ22*01			TRBV25-1*01	TRBJ1-5*01	CILKSGSARQLTF	tgcatcctgaagtctggttctgcaaggcaactgaccttt			CASSDRGGQPQHF	tgtgccagcagtgacaggggaggccagccccagcatttt	1	0	1	1	1
clonotype1038	UNK_S	1	TRAV26-1*01	TRAJ16*01			TRBV19*01	TRBJ1-1*01	CIVRVSDGQKLLF	tgcatcgtcagagtttcagatggccagaagctgctcttt			CASSQKRNTEAFF	tgtgccagtagtcagaaacggaacactgaagctttcttt	1	0	1	1	1
clonotype1039	UNK_S	1	TRAV39*01	TRAJ49*01			TRBV6-6*01	TRBJ2-7*01	CAVDTGNQFYF	tgtgccgtggacaccggtaaccagttctatttt			CASSYSQTREQYV	tgtgccagcagttactctcagacccgcgagcagtacgtc	1	0	1	1	1
clonotype104	UNK_S	2	TRAV25*01	TRAJ37*01			TRBV5-1*01	TRBJ1-1*01	CAASSNTGKLIF	tgtgcggcgtctagcaacacaggcaaactaatcttt			CASSPGGGSSSTEAFF	tgcgccagcagcccgggcgggggctcttcgtccactgaagctttcttt	2	0	2	1	1
clonotype1041	UNK_S	1	TRAV26-1*01	TRAJ40*01			TRBV30*01	TRBJ2-6*01	CIVMTSGTYKYIF	tgcatcgtcatgacctcaggaacctacaaatacatcttt			CAWRHPASGANVLTF	tgtgcctggaggcatccagcctctggggccaacgtcctgactttc	1	0	1	1	1
clonotype1042	UNK_S	1	TRAV4*01	TRAJ37*01			TRBV30*01	TRBJ2-1*01	CLVGRSNTGKLIF	tgcctcgtgggtcgaagcaacacaggcaaactaatcttt			CAWSRVGGLYNEQFF	tgtgcctggagtagagtgggaggtctatacaatgagcagttcttc	1	0	1	1	1
clonotype1043	UNK_S	1	TRAV22*01	TRAJ30*01			TRBV29-1*01	TRBJ2-2*01	CAVNRDDKIIF	tgtgctgtgaacagagatgacaagatcatcttt			CSAGYRGFGTGELFF	tgcagcgccgggtacagggggttcgggaccggggagctgtttttt	1	0	1	1	1
clonotype1044	UNK_S	1	TRAV1-2*01	TRAJ20*01			TRBV20-1*01	TRBJ1-2*01	CAVSGANDYKLSF	tgtgctgtgagcggggctaacgactacaagctcagcttt			CSDRPKTGDYYGYTF	tgcagtgaccgacctaagacaggggattattatggctacaccttc	1	0	1	1	1
clonotype1045	UNK_S	1	TRAV26-1*01	TRAJ29*01			TRBV20-1*01	TRBJ2-1*01	CIVRVSGNTPLVF	tgcatcgtcagagtttcaggaaacacacctcttgtcttt			CSARDPSGDYNEQFF	tgcagtgctagagatcctagcggggactacaatgagcagttcttc	1	0	1	1	1
clonotype1046	UNK_S	1	TRAV1-2*01	TRAJ17*01			TRBV20-1*01	TRBJ2-1*01	CAVPRAAGNKLTF	tgtgctgtccctcgggctgcaggcaacaagctaactttt			CSASRDRRDYGEQFF	tgcagtgctagtagggaccgtcgggattacggtgagcagttcttc	1	0	1	1	1
clonotype1047	UNK_S	1	TRAV26-1*01	TRAJ41*01			TRBV20-1*01	TRBJ1-5*01	CIVREDSGYALNF	tgcatcgtcagagaagattccgggtatgcactcaacttc			CSARDGGQGNQPQHF	tgcagtgctagagatggtggacaggggaatcagccccagcatttt	1	0	1	1	1
clonotype1048	UNK_S	1	TRAV12-2*01	TRAJ28*01	TRAV1-2*01	TRAJ24*01	TRBV20-1*01	TRBJ2-3*01	CAPLAYSGAGSYQLTF	tgtgcccccctggcatactctggggctgggagttaccaactcactttc	CAVLTDSWGKLQF	tgtgctgttttaactgacagctgggggaaattgcagttt	CSASSLSSSTDTQYF	tgcagtgctagttcgctatcctctagcacagatacgcagtatttt	2	1	2	2	1
clonotype1049	UNK_S	1	TRAV4*01	TRAJ34*01			TRBV28*01	TRBJ2-1*01	CLVGDHNTDKLIF	tgcctcgtgggtgaccataacaccgacaagctcatcttt			CASRKDAYNEQFF	tgtgccagcagaaaggacgcgtacaatgagcagttcttc	1	0	1	1	1
clonotype105	UNK_S	2	TRAV16*01	TRAJ40*01			TRBV12-4*01	TRBJ2-2*01	CALRGASGTYKYIF	tgtgctctaaggggggcctcaggaacctacaaatacatcttt			CASSLTGVYTGELFF	tgtgccagcagtttgacaggggtctacaccggggagctgtttttt	2	0	2	1	1
clonotype1051	UNK_S	1	TRAV26-2*01	TRAJ57*01			TRBV28*01	TRBJ1-1*01	CIGPQGGSEKLVF	tgcatcggcccccagggcggatctgaaaagctggtcttt			CASSPGWLTEAFF	tgtgccagctccccgggctggctcactgaagctttcttt	1	0	1	1	1
clonotype1052	UNK_S	1	TRAV1-2*01	TRAJ20*01			TRBV7-8*01	TRBJ2-7*01	CAVRASNDYKLSF	tgtgctgtgagagcctctaacgactacaagctcagcttt			CASSGIEYEQYF	tgtgccagcagcggcatcgagtacgagcagtacttc	1	0	1	1	1
clonotype1053	UNK_S	1	TRAV1-2*01	TRAJ10*01	TRAV3*01	TRAJ31*01	TRBV7-2*01	TRBJ1-2*01	CAVSTGGGNKLTF	tgtgctgtgtccacgggaggaggaaacaaactcaccttt	CAVRDIPNNNARLMF	tgtgctgtgagagatatccccaataacaatgccagactcatgttt	CASSLSGEGYTF	tgtgccagcagcttatcaggggagggctacaccttc	2	1	2	2	1
clonotype1054	UNK_S	1	TRAV1-2*01	TRAJ15*01			TRBV10-1*01	TRBJ1-1*01	CAVRDQAGTALIF	tgtgctgtgagagaccaggcaggaactgctctgatcttt			CASRDRQNTEAFF	tgcgccagcagggacaggcagaacactgaagctttcttt	1	0	1	1	1
clonotype1055	UNK_S	1	TRAV26-1*01	TRAJ49*01			TRBV10-1*01	TRBJ2-5*01	CIVGWNTGNQFYF	tgcatcgtcggttggaacaccggtaaccagttctatttt			CASSSGLTGAQYF	tgcgccagcagttcgggactcaccggggcccagtacttc	1	0	1	1	1
clonotype1057	UNK_S	1	TRAV1-2*01	TRAJ24*01			TRBV4-3*01	TRBJ1-1*01	CAVPTDSWGKLQF	tgtgctgtaccaactgacagctgggggaaattgcagttt			CASRDGVGAEAFF	tgcgccagcagggatggggtgggtgctgaagctttcttt	1	0	1	1	1
clonotype1058	UNK_S	1	TRAV4*01	TRAJ9*01			TRBV9*01	TRBJ1-6*01	CLVVLTGGFKTIF	tgcctcgtggtcctgactggaggcttcaaaactatcttt			CASSDRTDSPLHF	tgtgccagcagcgaccggacagattcacccctccacttt	1	0	1	1	1
clonotype106	UNK_S	2	TRAV12-1*01	TRAJ15*01			TRBV19*01	TRBJ1-5*01	CVVNGRAGTALIF	tgtgtggtgaacggccgggcaggaactgctctgatcttt			CASSFNRAGSNQPQHF	tgtgccagtagtttcaacagggcggggagcaatcagccccagcatttt	2	0	2	1	1
clonotype1062	UNK_S	1	TRAV39*01	TRAJ43*01			TRBV6-5*01	TRBJ1-1*01	CAGAYNNNDMRF	tgtgccggggcctacaataacaatgacatgcgcttt			CASSYGKNTEAFF	tgtgccagcagttacggtaaaaacactgaagctttcttt	1	0	1	1	1
clonotype1063	UNK_S	1	TRAV26-2*01	TRAJ29*01			TRBV6-1*01	TRBJ1-2*01	CILRDHPGNTPLVF	tgcatcctgagagatcacccaggaaacacacctcttgtcttt			CASRGDRRNGYTF	tgtgccagcaggggagacaggaggaatggctacaccttc	1	0	1	1	1
clonotype1064	UNK_S	1	TRAV1-2*01	TRAJ16*01			TRBV6-1*01	TRBJ2-7*01	CAVREESDGQKLLF	tgtgctgtgagagaggagtcagatggccagaagctgctcttt			CASSEVLSYEQYF	tgtgccagcagtgaagttcttagctacgagcagtacttc	1	0	1	1	1
clonotype1066	UNK_S	1	TRAV4*01	TRAJ31*01			TRBV20-1*01	TRBJ2-2*01	CLVGDVDNNARLMF	tgcctcgtgggtgacgtcgataacaatgccagactcatgttt			CSARDPGGPTGELFF	tgcagtgctagagatccagggggtcccaccggggagctgtttttt	1	0	1	1	1
clonotype1067	UNK_S	1	TRAV26-1*01	TRAJ32*01			TRBV20-1*01	TRBJ1-5*01	CIVKSGGATNKLIF	tgcatcgtcaagtcaggtggtgctacaaacaagctcatcttt			CSARPTGNSNQPQHF	tgcagtgctaggccgacaggtaatagcaatcagccccagcatttt	1	0	1	1	1
clonotype1068	UNK_S	1	TRAV26-1*01	TRAJ8*01			TRBV20-1*01	TRBJ2-2*01	CIVRGNTGFQKLVF	tgcatcgtcagaggcaacacaggctttcagaaacttgtattt			CSASGGSLNTGELFF	tgcagtgctagtggcgggagcctgaacaccggggagctgtttttt	1	0	1	1	1
clonotype1069	UNK_S	1	TRAV34*01	TRAJ10*01	TRAV20*01	TRAJ20*01	TRBV20-1*01	TRBJ2-3*01	CGAVTGGGNKLTF	tgtggagcagtcacgggaggaggaaacaaactcaccttt	CAVLDYKLSF	tgtgctgtgctcgactacaagctcagcttt	CSVRERQVFSDTQYF	tgcagtgtgcgagaacgacaggtattttccgatacgcagtatttt	2	1	2	2	1
clonotype107	UNK_S	2	TRAV8-4*01	TRAJ5*01	TRAV5*01	TRAJ17*01	TRBV11-2*01	TRBJ2-1*01	CAVSEGRRALTF	tgtgctgtgagtgagggcaggagagcacttactttt	CAEKLKAAGNKLTF	tgtgcagagaagttaaaagctgcaggcaacaagctaactttt	CASSSGLAGVNEQFF	tgtgccagcagctcgggactagcgggagtaaatgagcagttcttc	3	2	4	2	1
clonotype1070	UNK_S	1	TRAV26-1*01	TRAJ30*01			TRBV20-1*01	TRBJ2-1*01	CIVRVMNRDDKIIF	tgcatcgtcagagtcatgaacagagatgacaagatcatcttt			CSAPALAGGYNEQFF	tgcagtgccccggctctagcgggaggatacaatgagcagttcttc	1	0	1	1	1
clonotype1071	UNK_S	1	TRAV27*01	TRAJ24*01			TRBV20-1*01	TRBJ1-6*01	CAGRVSWGKLQF	tgtgcaggacgggtcagctgggggaaattgcagttt			CSATNRSSYNSPLHF	tgcagtgctacgaaccgcagctcctataattcacccctccacttt	1	0	1	1	1
clonotype1072	UNK_S	1	TRAV13-1*01	TRAJ49*01			TRBV20-1*01	TRBJ1-1*01	CAAIGNQFYF	tgtgcagcaatcggtaaccagttctatttt			CSARDRVRGNTEAFF	tgcagtgctagagacagggtccgagggaacactgaagctttcttt	1	0	1	1	1
clonotype1073	UNK_S	1	TRAV26-2*01	TRAJ45*01			TRBV20-1*01	TRBJ2-7*01	CILRDVGGADGLTF	tgcatcctgagagacgttggaggtgctgacggactcaccttt			CSARGHRLSSYEQYF	tgcagtgctagagggcacaggcttagctcctacgagcagtacttc	1	0	1	1	1
clonotype1074	UNK_S	1	TRAV13-1*01	TRAJ49*01			TRBV12-3*01	TRBJ1-2*01	CAATGNQFYF	tgtgcagcgaccggtaaccagttctatttt			CASRHWGGGYTF	tgtgccagcagacattgggggggtggctacaccttc	1	0	1	1	1
clonotype1075	UNK_S	1	TRAV13-1*01	TRAJ13*01	TRAV1-2*01	TRAJ42*01	TRBV12-3*01	TRBJ2-7*01	CAKGPGGYQKVTF	tgtgctaagggccctgggggttaccagaaagttaccttt	CDTQGGGSQGNLIF	tgtgacacccagggaggaggaagccaaggaaatctcatcttt	CASSLIGGEQYF	tgtgccagcagtttgattgggggcgagcagtacttc	2	1	2	2	1
clonotype1076	UNK_S	1	TRAV26-2*01	TRAJ17*01	TRAV1-2*01	TRAJ15*01	TRBV28*01	TRBJ1-2*01	CILRPPWGKAAGNKLTF	tgcatcctgagacccccctggggcaaagctgcaggcaacaagctaactttt	CAVSSNQAGTALIF	tgtgctgtgagctctaaccaggcaggaactgctctgatcttt	CASNGPYRYGYTF	tgtgccagcaacgggccttaccgctatggctacaccttc	2	1	2	2	1
clonotype1077	UNK_S	1	TRAV39*01	TRAJ41*01			TRBV28*01	TRBJ1-2*01	CAADFSGYALNF	tgtgccgccgatttctccgggtatgcactcaacttc			CASSFEQVYGYTF	tgtgccagcagttttgagcaagtctatggctacaccttc	1	0	1	1	1
clonotype1078	UNK_S	1	TRAV1-2*01	TRAJ36*01			TRBV10-3*01	TRBJ1-1*01	CAARPQTGANNLFF	tgtgctgcccggccacaaactggggcaaacaacctcttcttt			CAISESGQTEAFF	tgtgccatcagtgaatcagggcaaactgaagctttcttt	1	0	1	1	1
clonotype1079	UNK_S	1	TRAV25*01	TRAJ8*01			TRBV7-9*01	TRBJ2-7*01	CAGQTGFQKLVF	tgtgcaggtcagacaggctttcagaaacttgtattt			CASSLSTQDKYF	tgtgccagcagcttaagcactcaggacaagtacttc	1	0	1	1	1
clonotype108	UNK_S	2	TRAV24*01	TRAJ16*01			TRBV7-2*01	TRBJ2-1*01	CAFSDGQKLLF	tgtgccttttcagatggccagaagctgctcttt			CASSPGLAGANEQFF	tgtgccagcagccccggactagcgggagctaatgagcagttcttc	2	0	2	1	1
clonotype1080	UNK_S	1	TRAV25*01	TRAJ54*01			TRBV27*01	TRBJ1-5*01	CAEIQGAQKLVF	tgtgcagaaattcagggagcccagaagctggtattt			CASSPWGSQPQHF	tgtgccagcagcccctgggggtcccagccccagcatttt	1	0	1	1	1
clonotype1081	UNK_S	1	TRAV27*01	TRAJ49*01			TRBV5-6*01	TRBJ2-1*01	CAGEVTGNQFYF	tgtgcaggagaagtcaccggtaaccagttctatttt			CASSSLFSNEQFF	tgtgccagcagctccctgttttcaaatgagcagttcttc	1	0	1	1	1
clonotype1082	UNK_S	1	TRAV26-1*01	TRAJ10*01			TRBV5-1*01	TRBJ2-7*01	CIVGFTGGGNKLTF	tgcatcgtcggattcacgggaggaggaaacaaactcaccttt			CASSLETVYEQYF	tgcgccagcagcttggaaaccgtctacgagcagtacttc	1	0	1	1	1
clonotype1083	UNK_S	1	TRAV35*01	TRAJ31*01			TRBV5-1*01	TRBJ2-3*01	CAGANNNARLMF	tgtgctggggccaataacaatgccagactcatgttt			CASSSGSTDTQYF	tgcgccagcagtagcggaagcacagatacgcagtatttt	1	0	1	1	1
clonotype1084	UNK_S	1	TRAV26-2*01	TRAJ20*01			TRBV4-1*01	TRBJ2-1*01	CILSGGSNDYKLSF	tgcatcctgagcggcggttctaacgactacaagctcagcttt			CASSLIRGNEQFF	tgcgccagcagccttatccgtgggaatgagcagttcttc	1	0	1	1	1
clonotype1085	UNK_S	1	TRAV21*01	TRAJ43*01			TRBV9*01	TRBJ2-1*01	CAVRGNDMRF	tgtgctgtgaggggcaatgacatgcgcttt			CASSVAQEGEQFF	tgtgccagcagcgtagcccaagaaggggagcagttcttc	1	0	1	1	1
clonotype1086	UNK_S	1	TRAV26-1*01	TRAJ43*01			TRBV9*01	TRBJ2-1*01	CIVSLAYNNNDMRF	tgcatcgtcagtctcgcgtacaataacaatgacatgcgcttt			CASSSPLGNEQFF	tgtgccagcagctccccgcttggcaatgagcagttcttc	1	0	1	1	1
clonotype1087	UNK_S	1	TRAV9-2*01	TRAJ12*01	TRAV8-1*01	TRAJ27*01	TRBV25-1*01	TRBJ1-2*01	CALKSSYKLIF	tgtgctctgaagagcagctataaattgatcttc	CAVILTNAGKSTF	tgtgccgtgattctaaccaatgcaggcaaatcaaccttt	CASSMDSLYGYTF	tgtgccagcagtatggacagcttatatggctacaccttc	2	1	2	2	1
clonotype1089	UNK_S	1	TRAV9-2*01	TRAJ49*01			TRBV19*01	TRBJ2-5*01	CALSLGNQFYF	tgtgctctgtctctcggtaaccagttctatttt			CASSIGGRETQYF	tgtgccagtagtatcgggggtcgtgagacccagtacttc	1	0	1	1	1
clonotype109	UNK_S	2	TRAV19*01	TRAJ35*01			TRBV10-3*01	TRBJ2-3*01	CALIGFGNVLHC	tgtgctctgataggctttgggaatgtgctgcattgc			CAISDGAGISTDTQYF	tgtgccatcagtgatggagcggggattagcacagatacgcagtatttt	2	0	2	1	1
clonotype1090	UNK_S	1	TRAV41*01	TRAJ47*01	TRAV9-2*01	TRAJ43*01	TRBV19*01	TRBJ1-1*01	CAVAPRELEYGNKLVF	tgtgctgtcgcacccagagaactggaatatggaaacaagctggtcttt	CALSDHKDMRF	tgtgctctgagtgatcataaggacatgcgcttt	CASSIGPKGEAFF	tgtgccagtagtattgggcccaagggtgaagctttcttt	2	1	2	2	1
clonotype1091	UNK_S	1	TRAV21*01	TRAJ45*01			TRBV19*01	TRBJ2-1*01	CAVGGADGLTF	tgtgctgtcggaggtgctgacggactcaccttt			CASSIDPGTPKFF	tgtgccagtagtatagaccccgggacgcctaagttcttc	1	0	1	1	1
clonotype1092	UNK_S	1	TRAV19*01	TRAJ42*01	TRAV13-1*01	TRAJ48*01	TRBV19*01	TRBJ2-2*01	CALSEVYGGSQGNLIF	tgtgctctgagtgaagtttatggaggaagccaaggaaatctcatcttt	CAIFGNEKLTF	tgtgccatatttggaaatgagaaattaaccttt	CASSVKRAGELFF	tgtgccagtagtgttaagcgcgccggggagctgtttttt	2	1	2	2	1
clonotype1093	UNK_S	1	TRAV27*01	TRAJ33*01	TRAV9-2*01	TRAJ29*01	TRBV6-6*01	TRBJ2-1*01	CASQEDSNYQLIW	tgtgcatcccaggaggatagcaactatcagttaatctgg	CALNSGNTPLVF	tgtgctctgaattcaggaaacacacctcttgtcttt	CASSYKAGGEQFF	tgtgccagcagttacaaagcgggaggggagcagttcttc	2	1	2	2	1
clonotype1094	UNK_S	1	TRAV21*01	TRAJ9*01			TRBV6-1*01	TRBJ2-3*01	CAVRGGFKTIF	tgtgctgtgaggggaggcttcaaaactatcttt			CATTGGAADTQYF	tgtgccactacagggggcgcagcagatacgcagtatttt	1	0	1	1	1
clonotype1096	UNK_S	1	TRAV20*01	TRAJ16*01			TRBV6-1*01	TRBJ1-2*01	CAVQGGQKLLF	tgtgctgtgcagggtggccagaagctgctcttt			CASSEGRDYGYTF	tgtgccagcagtgaagggagagattatggctacaccttc	1	0	1	1	1
clonotype1098	UNK_S	1	TRAV4*01	TRAJ32*01			TRBV6-1*01	TRBJ2-1*01	CLVGIYGGATNKLIF	tgcctcgtgggtatttatggtggtgctacaaacaagctcatcttt			CASEGQIYNEQFF	tgtgccagcgaaggacagatctacaatgagcagttcttc	1	0	1	1	1
clonotype1099	UNK_S	1	TRAV4*01	TRAJ32*01			TRBV6-2*01	TRBJ2-7*01	CLVGDNGGATNKLIF	tgcctcgtgggtgacaatggtggtgctacaaacaagctcatcttt			CASKSGSSYEQYV	tgtgccagcaagagcggaagctcctacgagcagtacgtc	1	0	1	1	1
clonotype11	UNK_S	6	TRAV13-2*01	TRAJ29*01			TRBV27*01	TRBJ2-3*01	CAEIPPSGNTPLVF	tgtgcagagatccctccttcaggaaacacacctcttgtcttt			CASSLFLAPLAGATDTQYF	tgtgccagcagtttatttttagccccattagcgggagcgacagatacgcagtatttt	6	0	6	1	1
clonotype110	UNK_S	2	TRAV23/DV6*01	TRAJ47*01			TRBV24-1*01	TRBJ2-1*01	CAGRLQGNKLVF	tgtgcaggccggttgcagggaaacaagctggtcttt			CATSDLGLGGYNEQFF	tgtgccaccagtgatttaggtcttgggggctacaatgagcagttcttc	2	0	2	1	1
clonotype1100	UNK_S	1	TRAV39*01	TRAJ53*01			TRBV6-2*01	TRBJ2-7*01	CAVDGGSNYKLTF	tgtgccgtggacggaggtagcaactataaactgacattt			CASSYAEPHEQYV	tgtgccagcagttacgcggaaccccacgagcagtacgtc	1	0	1	1	1
clonotype1101	UNK_S	1	TRAV35*01	TRAJ6*01			TRBV6-2*01	TRBJ1-1*01	CAGLQGGSYIPTF	tgtgctggcttacaaggaggaagctacatacctacattt			CASSYFGGGEAFF	tgtgccagcagttactttgggggtggtgaagctttcttt	1	0	1	1	1
clonotype1102	UNK_S	1	TRAV21*01	TRAJ36*01			TRBV30*01	TRBJ1-6*01	CAVSGANNLFF	tgtgctgtatctggggcaaacaacctcttcttt			CAWSVGTAYNSPLHF	tgtgcctggagcgtcgggacagcttataattcacccctccacttt	1	0	1	1	1
clonotype1103	UNK_S	1	TRAV29/DV5*01	TRAJ21*01	TRAV9-2*01	TRAJ33*01	TRBV30*01	TRBJ1-4*01	CAASAGNFNKFYF	tgtgcagcaagcgcgggcaacttcaacaaattttacttt	CALRSNYQLIW	tgtgctctgagaagcaactatcagttaatctgg	CAWSPIGATNEKLFF	tgtgcctggagtccaatcggtgcaactaatgaaaaactgtttttt	2	1	2	2	1
clonotype1104	UNK_S	1	TRAV13-1*01	TRAJ6*01			TRBV30*01	TRBJ1-5*01	CAASRSYIPTF	tgtgcagcaagtagaagctacatacctacattt			CAWSVPGGSNQPQHF	tgtgcctggagtgtacctgggggcagcaatcagccccagcatttt	1	0	1	1	1
clonotype1105	UNK_S	1	TRAV13-1*01	TRAJ20*01			TRBV29-1*01	TRBJ2-3*01	CAASLRNKLSF	tgtgcagcaagtttgaggaacaagctcagcttt			CSVEGGSASTDTQYF	tgcagcgttgaaggagggagtgcttccacagatacgcagtatttt	1	0	1	1	1
clonotype1107	UNK_S	1	TRAV21*01	TRAJ33*01			TRBV20-1*01	TRBJ1-1*01	CAVSSNYQLIW	tgtgctgtgagcagcaactatcagttaatctgg			CSARDPQGPNTEAFF	tgcagtgctagagatccccagggaccgaacactgaagctttcttt	1	0	1	1	1
clonotype1108	UNK_S	1	TRAV21*01	TRAJ49*01			TRBV20-1*01	TRBJ2-3*01	CAPKGSNQFYF	tgtgctcccaaaggcagtaaccagttctatttt			CSAEGRDRVTDTQYF	tgcagtgctgagggccgtgacagggtcacagatacgcagtatttt	1	0	1	1	1
clonotype1109	UNK_S	1	TRAV25*01	TRAJ17*01			TRBV20-1*01	TRBJ1-6*01	CAGPLAAGNKLTF	tgtgcaggcccgttagctgcaggcaacaagctaactttt			CSASGGSSYNSPLHF	tgcagtgctagtggtggcagctcctataattcacccctccacttt	1	0	1	1	1
clonotype111	UNK_S	2	TRAV14/DV4*01	TRAJ4*01			TRBV7-9*01	TRBJ1-3*01	CAMRRPSGGYNKLIF	tgtgcaatgagacgcccttctggtggctacaataagctgattttt			CASSLVQGASGNTIYF	tgtgccagcagcttagtccagggagcctctggaaacaccatatatttt	2	0	2	1	1
clonotype1111	UNK_S	1	TRAV16*01	TRAJ26*01	TRAV8-6*01	TRAJ37*01	TRBV18*01	TRBJ2-3*01	CAPPRDNYGQNFVF	tgtgctcccccgcgggataactatggtcagaattttgtcttt	CAVIGSSNTGKLIF	tgtgctgtgatcggctctagcaacacaggcaaactaatcttt	CASSPVPDTQYF	tgtgccagctcaccagtcccagatacgcagtatttt	2	1	2	2	1
clonotype1112	UNK_S	1	TRAV26-2*01	TRAJ52*01			TRBV18*01	TRBJ1-1*01	CIHSSGGTSYGKLTF	tgcatccactcctctggtggtactagctatggaaagctgacattt			CASSPLNTEAFF	tgtgccagctcaccactgaacactgaagctttcttt	1	0	1	1	1
clonotype1113	UNK_S	1	TRAV41*01	TRAJ54*01			TRBV2*01	TRBJ1-2*01	CAVRGAQKLVF	tgtgctgtcaggggagcccagaagctggtattt			CASFRVNYGYTF	tgtgccagcttcagggttaactatggctacaccttc	1	0	1	1	1
clonotype1114	UNK_S	1	TRAV27*01	TRAJ58*01			TRBV28*01	TRBJ2-4*01	CAGKETSGSRLTF	tgtgcaggaaaagaaaccagtggctctaggttgaccttt			CASRGHGKNIQYF	tgtgccagcaggggacatggcaaaaacattcagtacttc	1	0	1	1	1
clonotype1116	UNK_S	1	TRAV13-1*01	TRAJ27*01	TRAV39*01	TRAJ13*01	TRBV11-2*01	TRBJ2-1*01	CAASNTNAGKSTF	tgtgcagcctctaacaccaatgcaggcaaatcaaccttt	CAFHSGGYQKVTF	tgtgccttccattctgggggttaccagaaagttaccttt	CASSFRGDEQFF	tgtgccagcagcttccgtggagacgagcagttcttc	2	1	2	2	1
clonotype1118	UNK_S	1	TRAV27*01	TRAJ24*01			TRBV7-2*01	TRBJ2-1*01	CSMTTDSWGKLQF	tgttctatgacaactgacagctgggggaaattgcagttt			CASSLLAGQQFF	tgtgccagcagcttgctagcgggacagcagttcttc	1	0	1	1	1
clonotype1120	UNK_S	1	TRAV27*01	TRAJ42*01			TRBV10-1*01	TRBJ2-3*01	CAGAGGSQGNLIF	tgtgcaggagccgggggaagccaaggaaatctcatcttt			CASGTGVANTQYF	tgcgccagcgggacgggagtcgcaaatacgcagtatttt	1	0	1	1	1
clonotype1121	UNK_S	1	TRAV16*01	TRAJ38*01			TRBV27*01	TRBJ1-5*01	CAHPRDGNNRKLIW	tgtgctcaccctcgagatggcaacaaccgtaagctgatttgg			CASSPRDSRPQHF	tgtgccagcagtccgcgagacagtcgcccccagcatttt	1	0	1	1	1
clonotype1122	UNK_S	1	TRAV21*01	TRAJ43*01			TRBV27*01	TRBJ2-7*01	CAVQLGNDMRF	tgtgctgtgcaattggggaatgacatgcgcttt			CASSYLGASEQYF	tgtgccagcagttatttaggagcgtccgagcagtacttc	1	0	1	1	1
clonotype1123	UNK_S	1	TRAV35*01	TRAJ49*01			TRBV5-6*01	TRBJ2-4*01	CAPYQGTGNQFYF	tgtgctccatatcaaggcaccggtaaccagttctatttt			CASSGEGHSIQYF	tgtgccagcagcggggagggacactctattcagtacttc	1	0	1	1	1
clonotype1124	UNK_S	1	TRAV35*01	TRAJ44*01			TRBV5-6*01	TRBJ2-4*01	CAGRGGTASKLTF	tgtgctgggcgaggcggcactgccagtaaactcaccttt			CASSFGTDNIQYF	tgtgccagcagctttggtacggataacattcagtacttc	1	0	1	1	1
clonotype1125	UNK_S	1	TRAV13-2*01	TRAJ34*01			TRBV5-5*01	TRBJ1-4*01	CAEKTDKLIF	tgtgcagagaaaaccgacaagctcatcttt			CASSFGFNEKLFF	tgtgccagcagcttcgggtttaatgaaaaactgtttttt	1	0	1	1	1
clonotype1126	UNK_S	1	TRAV26-2*01	TRAJ32*01			TRBV5-4*01	TRBJ1-1*01	CILRVDGGATNKLIF	tgcatcctgagagtcgatggtggtgctacaaacaagctcatcttt			CASSRQRNTEAFF	tgtgccagcagccgacagcggaacactgaagctttcttt	1	0	1	1	1
clonotype1127	UNK_S	1	TRAV26-1*01	TRAJ29*01			TRBV5-1*01	TRBJ2-5*01	CIVRGLNSGNTPLVF	tgcatcgtcagaggcctgaattcaggaaacacacctcttgtcttt			CASSFQEEETQYF	tgcgccagcagctttcaggaggaagagacccagtacttc	1	0	1	1	1
clonotype1128	UNK_S	1	TRAV26-1*01	TRAJ37*01			TRBV4-1*01	TRBJ2-1*01	CIVLSGSSNTGKLIF	tgcatcgtgttatcgggctctagcaacacaggcaaactaatcttt			CASSQEGWTRGFF	tgcgccagcagccaagagggctggaccagggggttcttc	1	0	1	1	1
clonotype1129	UNK_S	1	TRAV22*01	TRAJ40*01			TRBV9*01	TRBJ2-1*01	CAVERSGTYKYIF	tgtgctgtggagcgctcaggaacctacaaatacatcttt			CASSVALYNEQFF	tgtgccagcagcgtagctctgtacaatgagcagttcttc	1	0	1	1	1
clonotype1130	UNK_S	1	TRAV27*01	TRAJ27*01			TRBV15*01	TRBJ2-1*01	CAGGDTNAGKSTF	tgtgcaggaggggacaccaatgcaggcaaatcaaccttt			CATSSWTGEEQFF	tgtgccaccagctcatggacaggagaggagcagttcttc	1	0	1	1	1
clonotype1131	UNK_S	1	TRAV21*01	TRAJ31*01			TRBV25-1*01	TRBJ1-2*01	CASVNNNARLMF	tgtgcttccgtgaataacaatgccagactcatgttt			CASSEYQDRGYTF	tgtgccagcagtgaatatcaggaccggggctacaccttc	1	0	1	1	1
clonotype1133	UNK_S	1	TRAV2*01	TRAJ20*01			TRBV19*01	TRBJ2-5*01	CALFSNDYKLSF	tgtgcgctattttctaacgactacaagctcagcttt			CASSRQVGETQYF	tgtgccagctcccgccaggtgggcgagacccagtacttc	1	0	1	1	1
clonotype1135	UNK_S	1	TRAV39*01	TRAJ43*01			TRBV19*01	TRBJ1-2*01	CAVDMLRDNNDMRF	tgtgccgtggacatgcttagggataacaatgacatgcgcttt			CASRLGGTRGYTF	tgtgccagtagattgggcgggacaagaggctacaccttc	1	0	1	1	1
clonotype1136	UNK_S	1	TRAV29/DV5*01	TRAJ33*01	TRAV12-2*01	TRAJ49*01	TRBV19*01	TRBJ2-7*01	CAASGREFSDSNYQLIW	tgtgcagcaagcggtcgggagttttcggatagcaactatcagttaatctgg	CAVNDGNQFYF	tgtgccgtgaacgacggtaaccagttctatttt	CASSITLSYEQYF	tgtgccagtagtataacactctcctacgagcagtacttc	2	1	2	2	1
clonotype1137	UNK_S	1	TRAV27*01	TRAJ54*01			TRBV19*01	TRBJ1-5*01	CAGARERGAQKLVF	tgtgcaggagctcgggagaggggagcccagaagctggtattt			CASSMGGLQPQHF	tgtgccagtagtatgggggggctgcagccccagcatttt	1	0	1	1	1
clonotype1138	UNK_S	1	TRAV17*01	TRAJ3*01	TRAV4*01	TRAJ6*01	TRBV19*01	TRBJ2-7*01	CASPFSASKIIF	tgtgcttcccccttcagtgcttccaagataatcttt	CLVGPLASGGSYIPTF	tgcctcgtgggtcccctagcatcaggaggaagctacatacctacattt	CASSDRGPYEQYF	tgtgccagtagtgacagggggccctacgagcagtacttc	2	1	2	2	1
clonotype1139	UNK_S	1	TRAV21*01	TRAJ3*01	TRAV8-3*01	TRAJ37*01	TRBV19*01	TRBJ2-3*01	CEKDSSASKIIF	tgtgaaaaggacagcagtgcttccaagataatcttt	CAVGLHGSSNTGKLIF	tgtgctgtggggctccatggctctagcaacacaggcaaactaatcttt	CASSALSTDTQYF	tgtgccagttcagcgcttagcacagatacgcagtatttt	2	1	2	2	1
clonotype114	UNK_S	2	TRAV1-1*01	TRAJ4*01			TRBV19*01	TRBJ2-4*01	CAVRDSGSGGYNKLIF	tgcgctgtgagagattcggggtctggtggctacaataagctgattttt			CASTKTSEPRAKNIQYF	tgtgccagtaccaaaacctccgaacccagagccaaaaacattcagtacttc	2	0	2	1	1
clonotype1141	UNK_S	1	TRAV13-1*01	TRAJ43*01			TRBV6-6*01	TRBJ2-2*01	CAASNVFGDMRF	tgtgcagcaagtaacgtcttcggtgacatgcgcttt			CASSSVGHGELFF	tgtgccagcagttccgtgggacacggggagctgtttttt	1	0	1	1	1
clonotype1142	UNK_S	1	TRAV21*01	TRAJ49*01			TRBV6-5*01	TRBJ1-2*01	CAVENTGNQFYF	tgtgctgtggagaacaccggtaaccagttctatttt			CASSKTGRGGYTF	tgtgccagcagcaaaacagggcgtggtggctacaccttc	1	0	1	1	1
clonotype1143	UNK_S	1	TRAV26-1*01	TRAJ44*01			TRBV6-5*01	TRBJ1-1*01	CIVRGPHTGTASKLTF	tgcatcgtcagaggccctcataccggcactgccagtaaactcaccttt			CASRGLSGTEAFF	tgtgccagcaggggattatccggcactgaagctttcttt	1	0	1	1	1
clonotype1144	UNK_S	1	TRAV8-4*01	TRAJ5*01			TRBV6-5*01	TRBJ1-1*01	CAVSGRRALTF	tgtgctgtgagcggcaggagagcacttactttt			CASSKYRETEAFF	tgtgccagcagtaagtacagggagactgaagctttcttt	1	0	1	1	1
clonotype1145	UNK_S	1	TRAV16*01	TRAJ53*01			TRBV6-5*01	TRBJ2-7*01	CALRNSGGSNYKLTF	tgtgctctacgaaatagtggaggtagcaactataaactgacattt			CASAKREGYEQYF	tgtgccagcgcgaagagagagggctacgagcagtacttc	1	0	1	1	1
clonotype1146	UNK_S	1	TRAV4*01	TRAJ18*01			TRBV6-1*01	TRBJ1-1*01	CLVGDSRGSTLGRLYF	tgcctcgtgggtgacagccgaggctcaaccctggggaggctatacttt			CASSESVNTEAFF	tgtgccagcagtgaatccgtcaacactgaagctttcttt	1	0	1	1	1
clonotype1147	UNK_S	1	TRAV8-4*01	TRAJ11*01			TRBV6-1*01	TRBJ2-3*01	CAVRQYSTLTF	tgtgctgtgagacaatacagcaccctcaccttt			CASSDLAGGTQYF	tgtgccagcagtgacctagcgggggggacgcagtatttt	1	0	1	1	1
clonotype1148	UNK_S	1	TRAV13-1*01	TRAJ53*01			TRBV6-1*01	TRBJ1-2*01	CVGGGSNYKLTF	tgtgtggggggaggtagcaactataaactgacattt			CASSDGGFGGYTF	tgtgccagcagtgatgggggattcggtggctacaccttc	1	0	1	1	1
clonotype1149	UNK_S	1	TRAV21*01	TRAJ16*01			TRBV6-1*01	TRBJ2-2*01	CAVRPDGQKLLF	tgtgctgtgaggccggatggccagaagctgctcttt			CASSLGGPGELFF	tgtgccagcagtttgggaggtcccggggagctgtttttt	1	0	1	1	1
clonotype115	UNK_S	2	TRAV13-1*01	TRAJ3*01	TRAV14/DV4*01	TRAJ4*01	TRBV7-9*01	TRBJ1-3*01	CAASSFVSSASKIIF	tgtgcagcaagtagtttcgtaagcagtgcttccaagataatcttt	CAMRRPSGGYNKLIF	tgtgcaatgcgtcgcccctctggtggctacaataagctgattttt	CASSLASSSSGNTIYF	tgtgccagcagcttagcgagctccagctctggaaacaccatatatttt	3	2	4	2	1
clonotype1150	UNK_S	1	TRAV13-1*01	TRAJ11*01			TRBV6-2*01	TRBJ2-7*01	CAASEGYSTLTF	tgtgcagcaagtgagggatacagcaccctcaccttt			CASSYSGGKEQYF	tgtgccagcagttactcgggaggaaaagagcagtacttc	1	0	1	1	1
clonotype1151	UNK_S	1	TRAV25*01	TRAJ28*01			TRBV6-2*01	TRBJ2-7*01	CAGYSGAGSYQLTF	tgtgcagggtactctggggctgggagttaccaactcactttc			CASSSLGRYEQYV	tgtgccagcagctccctgggccgctacgagcagtacgtc	1	0	1	1	1
clonotype1152	UNK_S	1	TRAV5*01	TRAJ31*01	TRAV2*01	TRAJ15*01	TRBV30*01	TRBJ1-5*01	CAERSNARLMF	tgtgcagagaggagcaatgccagactcatgttt	CAAVNQAGTALIF	tgtgctgcggtgaaccaggcaggaactgctctgatcttt	CAWSGGGISNQPQHF	tgtgcctggagtgggggcggtataagcaatcagccccagcatttt	2	1	2	2	1
clonotype1153	UNK_S	1	TRAV17*01	TRAJ47*01			TRBV29-1*01	TRBJ1-1*01	CATDGDGNKLVF	tgtgctacggacggggatggaaacaagctggtcttt			CSVGGPGGAGSGAFF	tgcagcgttggcggaccgggaggggcaggttcgggagctttcttt	1	0	1	1	1
clonotype1154	UNK_S	1	TRAV13-2*01	TRAJ13*01	TRAV13-2*01	TRAJ11*01	TRBV29-1*01	TRBJ2-5*01	CAERGYQKVTF	tgtgcagagagaggttaccagaaagttaccttt	CASPLWRGPPYSTLTF	tgtgcatcccccctttggcgaggccccccatacagcaccctcaccttt	CSVVASGRVRETQYF	tgcagcgttgtggctagcgggagggttagggagacccagtacttc	2	1	2	2	1
clonotype1155	UNK_S	1	TRAV21*01	TRAJ54*01			TRBV20-1*01	TRBJ2-1*01	CAAPQGAQKLVF	tgtgctgcgcctcagggagcccagaagctggtattt			CSAKSGTQSYNEQFF	tgcagtgcgaaatccgggactcaatcttacaatgagcagttcttc	1	0	1	1	1
clonotype1156	UNK_S	1	TRAV4*01	TRAJ8*01			TRBV20-1*01	TRBJ2-1*01	CLVGDLSGTGFQKLVF	tgcctcgtgggtgacctttcgggcacaggctttcagaaacttgtattt			CSARDPETTYNEQFF	tgcagtgctagagatcccgagactacctacaatgagcagttcttc	1	0	1	1	1
clonotype1157	UNK_S	1	TRAV17*01	TRAJ12*01			TRBV20-1*01	TRBJ2-5*01	CATDESSYKLIF	tgtgctacggacgaaagcagctataaattgatcttc			CSAVPLGGYQETQYF	tgcagtgccgtcccactggggggctaccaagagacccagtacttc	1	0	1	1	1
clonotype1158	UNK_S	1	TRAV21*01	TRAJ26*01			TRBV20-1*01	TRBJ2-3*01	CAVLNYGQNFVF	tgtgctgtccttaactatggtcagaattttgtcttt			CSAKNTGNSPDTQYF	tgcagtgctaaaaatacggggaatagcccagatacgcagtatttt	1	0	1	1	1
clonotype1159	UNK_S	1	TRAV41*01	TRAJ32*01			TRBV20-1*01	TRBJ2-1*01	CAVARATNKLIF	tgtgctgtcgcgcgagctacaaacaagctcatcttt			CSAREVYNMYNEQFF	tgcagtgctagagaagtgtataacatgtacaatgagcagttcttc	1	0	1	1	1
clonotype116	UNK_S	2	TRAV19*01	TRAJ41*01			TRBV28*01	TRBJ2-1*01	CALSGLNSGYALNF	tgtgctctgagtgggctaaattccgggtatgcactcaacttc			CASSPRTSGRADNEQFF	tgtgccagcagtcccaggactagcgggagggccgacaatgagcagttcttc	2	0	2	1	1
clonotype1160	UNK_S	1	TRAV22*01	TRAJ58*01			TRBV20-1*01	TRBJ2-7*01	CAVVRETSGSRLTF	tgtgctgtggtaagagaaaccagtggctctaggttgaccttt			CSARDGTSASYEQYF	tgcagtgctagagatgggactagcgcatcctacgagcagtacttc	1	0	1	1	1
clonotype1161	UNK_S	1	TRAV26-2*01	TRAJ48*01			TRBV20-1*01	TRBJ1-5*01	CILRVPPNFGNEKLTF	tgcatcctgagagtcccccctaactttggaaatgagaaattaaccttt			CSARGAGTPNQPQHF	tgcagtgctagaggggccgggactcccaatcagccccagcatttt	1	0	1	1	1
clonotype1162	UNK_S	1	TRAV8-4*01	TRAJ10*01	TRAV4*01	TRAJ22*01	TRBV20-1*01	TRBJ2-7*01	CAETLTGGGNKLTF	tgtgctgagacactcacgggaggaggaaacaaactcaccttt	CLVGDGFSGSARQLTF	tgcctcgtgggtgacgggttttctggttctgcaaggcaactgaccttt	CSASPRGREGYEQYF	tgcagtgctagccccagggggcgggagggatacgagcagtacttc	2	1	2	2	1
clonotype1163	UNK_S	1	TRAV14/DV4*01	TRAJ30*01	TRAV8-6*01	TRAJ18*01	TRBV20-1*01	TRBJ1-3*01	CAMRDKIIF	tgtgcaatgagagacaagatcatcttt	CAVSDPGRGSTLGRLYF	tgtgctgtgagtgaccccggtagaggctcaaccctggggaggctatacttt	CSARGLPSSGNTIYF	tgcagtgctaggggacttccgagctctggaaacaccatatatttt	2	1	2	2	1
clonotype1164	UNK_S	1	TRAV36/DV7*01	TRAJ43*01			TRBV18*01	TRBJ2-1*01	CAHRYNNDMRF	tgtgcccaccgctataacaatgacatgcgcttt			CASSRRDGEQFF	tgtgccagctcacggagggacggggagcagttcttc	1	0	1	1	1
clonotype1165	UNK_S	1	TRAV17*01	TRAJ53*01			TRBV18*01	TRBJ2-2*01	CAIGGSNYKLTF	tgtgctatcggaggtagcaactataaactgacattt			CASSPSAGELFF	tgtgccagctcaccatcggccggggagctgtttttt	1	0	1	1	1
clonotype1166	UNK_S	1	TRAV22*01	TRAJ57*01			TRBV12-4*01	TRBJ1-1*01	CAVEGQGGSEKLVF	tgtgctgtggagggtcagggcggatctgaaaagctggtcttt			CASSRMNTEAFF	tgtgccagcagccgcatgaacactgaagctttcttt	1	0	1	1	1
clonotype1168	UNK_S	1	TRAV26-2*01	TRAJ34*01			TRBV2*01	TRBJ1-2*01	CILRDSSLGNTDKLIF	tgcatcctgagagactcaagtttggggaacaccgacaagctcatcttt			CASSESNYGYTF	tgtgccagcagcgagtctaactatggctacaccttc	1	0	1	1	1
clonotype1169	UNK_S	1	TRAV35*01	TRAJ54*01			TRBV2*01	TRBJ1-1*01	CAGRSIQGAQKLVF	tgtgccggccggtccattcagggagcccagaagctggtattt			CASRPGTGEAFF	tgtgccagcaggcccgggacaggggaagctttcttt	1	0	1	1	1
clonotype117	UNK_S	2	TRAV14/DV4*01	TRAJ4*01			TRBV7-9*01	TRBJ1-3*01	CAMRRPSGGYNKLIF	tgtgcaatgagacggccatctggtggctacaataagctgattttt			CASSLATGTSGNTIYF	tgtgccagcagcttagcgacgggaacctctggaaacaccatatatttt	2	0	2	1	1
clonotype1170	UNK_S	1	TRAV35*01	TRAJ49*01			TRBV2*01	TRBJ1-4*01	CAGQHPNTGNQFYF	tgtgctgggcagcatccgaacaccggtaaccagttctatttt			CASSERSEKLFF	tgtgccagcagtgaaagatctgaaaaactgtttttt	1	0	1	1	1
clonotype1171	UNK_S	1	TRAV35*01	TRAJ29*01			TRBV2*01	TRBJ2-3*01	CAGRPNSGNTPLVF	tgtgctgggcgaccgaattcaggaaacacacctcttgtcttt			CAFRATGDTQYF	tgtgccttccgggctacaggggatacgcagtatttt	1	0	1	1	1
clonotype1172	UNK_S	1	TRAV13-1*01	TRAJ20*01			TRBV24-1*01	TRBJ2-3*01	CAAIWGDYKLSF	tgtgcagcaatatggggcgactacaagctcagcttt			CATSDSGRDTQYF	tgtgccaccagtgattccggcagggatacgcagtatttt	1	0	1	1	1
clonotype1173	UNK_S	1	TRAV5*01	TRAJ47*01			TRBV28*01	TRBJ1-1*01	CAEREGNKLVF	tgtgcagagagggagggaaacaagctggtcttt			CASRAGSPTEAFF	tgtgccagcagagccgggtccccgactgaagctttcttt	1	0	1	1	1
clonotype1174	UNK_S	1	TRAV5*01	TRAJ54*01			TRBV28*01	TRBJ2-7*01	CAESKAQKLVF	tgtgcagagagtaaggcccagaagctggtattt			CASSPQTNYEQYF	tgtgccagcagcccccagacgaactacgagcagtacttc	1	0	1	1	1
clonotype1175	UNK_S	1	TRAV12-2*01	TRAJ47*01			TRBV28*01	TRBJ1-4*01	CAVIQGNKLVF	tgtgccgtgatacaaggaaacaagctggtcttt			CASSPQGGEKLFF	tgtgccagcagcccccaggggggagaaaaactgtttttt	1	0	1	1	1
clonotype1177	UNK_S	1	TRAV12-2*01	TRAJ30*01			TRBV28*01	TRBJ2-1*01	CAVKRDDKIIF	tgtgccgtgaagagagatgacaagatcatcttt			CASSLGLGDEQFF	tgtgccagcagtttgggtctaggagatgagcagttcttc	1	0	1	1	1
clonotype1178	UNK_S	1	TRAV12-1*01	TRAJ5*01			TRBV28*01	TRBJ1-5*01	CVPNTGRRALTF	tgtgtgccgaacacgggcaggagagcacttactttt			CASMRDSNQPQHF	tgtgccagcatgagggatagcaatcagccccagcatttt	1	0	1	1	1
clonotype1179	UNK_S	1	TRAV13-1*01	TRAJ16*01			TRBV10-3*01	TRBJ1-4*01	CAAFSDGQKLLF	tgtgcagccttttcagatggccagaagctgctcttt			CATTGREGEKLFF	tgtgccaccacagggcgggagggtgaaaaactgtttttt	1	0	1	1	1
clonotype118	UNK_S	2	TRAV14/DV4*01	TRAJ4*01			TRBV7-9*01	TRBJ1-3*01	CAMRRPSGGYNKLIF	tgtgcaatgagacgcccttctggtggctacaataagctgattttt			CASSAGTGASGNTIYF	tgtgccagcagcgccgggacaggggcctctggaaacaccatatatttt	2	0	2	1	1
clonotype1180	UNK_S	1	TRAV27*01	TRAJ54*01			TRBV10-3*01	TRBJ2-5*01	CAGLLFQGAQKLVF	tgtgcaggcctcctttttcagggagcccagaagctggtattt			CAIKTSGKETQYF	tgtgccatcaagactagcgggaaagagacccagtacttc	1	0	1	1	1
clonotype1181	UNK_S	1	TRAV26-1*01	TRAJ38*01			TRBV7-9*01	TRBJ2-1*01	CIVRGANAGNNRKLIW	tgcatcgtcagaggggcgaatgctggcaacaaccgtaagctgatttgg			CASSSDWWDVFF	tgtgccagcagctcggactggtgggatgtgttcttc	1	0	1	1	1
clonotype1182	UNK_S	1	TRAV13-1*01	TRAJ24*01			TRBV7-3*01	TRBJ2-2*01	CASSFSWGKLQF	tgtgcatcctcctttagctgggggaaattgcagttt			CASSLDTGELFF	tgtgccagcagcttggacaccggggagctgtttttt	1	0	1	1	1
clonotype1183	UNK_S	1	TRAV13-1*01	TRAJ32*01			TRBV11-2*01	TRBJ1-3*01	CAARFATNKLIF	tgtgcagcaagatttgctacaaacaagctcatcttt			CASSSLRNTIYF	tgtgccagcagctccctaagaaacaccatatatttt	1	0	1	1	1
clonotype1185	UNK_S	1	TRAV1-2*01	TRAJ41*01			TRBV10-2*01	TRBJ2-1*01	CATSPQRTASGYALNF	tgtgctacttccccccagcggacagcttccgggtatgcactcaacttc			CASTLTGDNEQFF	tgcgccagcacattgacgggggacaatgagcagttcttc	1	0	1	1	1
clonotype1187	UNK_S	1	TRAV4*01	TRAJ13*01			TRBV27*01	TRBJ2-1*01	CLVGDRNSGGYQKVTF	tgcctcgtgggtgaccggaattctgggggttaccagaaagttaccttt			CATAPGVGNEQFF	tgtgccaccgccccgggggtcgggaatgagcagttcttc	1	0	1	1	1
clonotype1188	UNK_S	1	TRAV25*01	TRAJ53*01			TRBV27*01	TRBJ2-4*01	CAGLGGGSNYKLTF	tgtgcagggctgggtggaggtagcaactataaactgacattt			CASSYRDGNIQYF	tgtgccagcagctaccgggacgggaacattcagtacttc	1	0	1	1	1
clonotype1189	UNK_S	1	TRAV22*01	TRAJ43*01			TRBV27*01	TRBJ1-5*01	CAVPPSWNNNDMRF	tgtgctgtgcccccctcttggaataacaatgacatgcgcttt			CASSYQKNQPQHF	tgtgccagcagttatcagaaaaatcagccccagcatttt	1	0	1	1	1
clonotype119	UNK_S	2	TRAV14/DV4*01	TRAJ4*01			TRBV7-9*01	TRBJ1-3*01	CAMRRPSGGYNKLIF	tgtgcaatgagaaggccttctggtggctacaataagctgattttt			CASSATQGESGNTIYF	tgtgccagcagcgcgacacagggggaatctggaaacaccatatatttt	2	0	2	1	1
clonotype1190	UNK_S	1	TRAV13-1*01	TRAJ13*01			TRBV27*01	TRBJ2-7*01	CAARAIRQKVTF	tgtgcagcaagggcaataaggcagaaagttaccttt			CASSLRQSYEQYF	tgtgccagcagtttaagacaatcctacgagcagtacttc	1	0	1	1	1
clonotype1191	UNK_S	1	TRAV12-2*01	TRAJ36*01			TRBV27*01	TRBJ2-7*01	CAGTGANNLFF	tgtgccggaactggggcaaacaacctcttcttt			CASSLGSGWEQYF	tgtgccagcagtttagggtcgggttgggagcagtacttc	1	0	1	1	1
clonotype1192	UNK_S	1	TRAV39*01	TRAJ45*01			TRBV27*01	TRBJ2-5*01	CAVELGGGADGLTF	tgtgccgtggaattgggaggaggtgctgacggactcaccttt			CASSLVYRWTQYF	tgtgccagcagtttagtatatcggtggacccagtacttc	1	0	1	1	1
clonotype1193	UNK_S	1	TRAV17*01	TRAJ20*01			TRBV27*01	TRBJ1-4*01	CATDVNDYKLSF	tgtgctacggacgttaacgactacaagctcagcttt			CASSFGPPEKLFF	tgtgccagcagttttggccctcctgaaaaactgtttttt	1	0	1	1	1
clonotype1194	UNK_S	1	TRAV13-1*01	TRAJ8*01			TRBV5-6*01	TRBJ1-1*01	CAAVPGFQKLVF	tgtgcagcagtcccaggctttcagaaacttgtattt			CASSLAGNTEAFF	tgtgccagcagcttggctgggaacactgaagctttcttt	1	0	1	1	1
clonotype1195	UNK_S	1	TRAV12-2*01	TRAJ26*01			TRBV5-4*01	TRBJ2-5*01	CAVFYGQNFVF	tgtgccgtgttctatggtcagaattttgtcttt			CASSDELWETQYF	tgtgccagcagcgatgaattgtgggagacccagtacttc	1	0	1	1	1
clonotype1196	UNK_S	1	TRAV21*01	TRAJ34*01			TRBV5-4*01	TRBJ1-6*01	CAVNPNTDKLIF	tgtgctgtgaaccctaacaccgacaagctcatcttt			CASSLDRVSPLHF	tgtgccagcagcttggacagggtttcacccctccacttt	1	0	1	1	1
clonotype1197	UNK_S	1	TRAV12-1*01	TRAJ27*01			TRBV5-4*01	TRBJ1-5*01	CVVNTNAGKSTF	tgtgtggtgaacaccaatgcaggcaaatcaaccttt			CASSLSGNQPQHF	tgtgccagcagtctctcggggaatcagccccagcatttt	1	0	1	1	1
clonotype1198	UNK_S	1	TRAV30*01	TRAJ49*01			TRBV5-4*01	TRBJ2-5*01	CGTKNTGNQFYF	tgcggcacaaaaaacaccggtaaccagttctatttt			CASSRDRGETQYF	tgtgccagcagccgggacaggggagagacccagtacttc	1	0	1	1	1
clonotype1199	UNK_S	1	TRAV25*01	TRAJ6*01			TRBV5-4*01	TRBJ2-2*01	CAGPTTGGSYIPTF	tgtgcagggccgacgacaggaggaagctacatacctacattt			CASSFGRAGELFF	tgtgccagcagctttgggcgggccggggagctgtttttt	1	0	1	1	1
clonotype1200	UNK_S	1	TRAV27*01	TRAJ54*01			TRBV5-1*01	TRBJ2-2*01	CAGKIIQGAQKLVF	tgtgcagggaaaataattcagggagcccagaagctggtattt			CASSLDVPGELFF	tgcgccagcagcttggatgtccccggggagctgtttttt	1	0	1	1	1
clonotype1202	UNK_S	1	TRAV29/DV5*01	TRAJ58*01	TRAV35*01	TRAJ42*01	TRBV3-1*01	TRBJ1-5*01	CAASEETSGSRLTF	tgtgcagcaagcgaagaaaccagtggctctaggttgaccttt	CAGEEGGSQGNLIF	tgtgctggggaggaaggaggaagccaaggaaatctcatcttt	CASSQMPLQPQHF	tgtgccagcagccaaatgcccctacagccccagcatttt	2	1	2	2	1
clonotype1203	UNK_S	1	TRAV13-2*01	TRAJ39*01	TRAV16*01	TRAJ26*01	TRBV3-1*01	TRBJ1-2*01	CAENNAGNMLTF	tgtgcagagaataatgcaggcaacatgctcaccttt	CALMDQINYGQNFVF	tgtgctctaatggatcagataaactatggtcagaattttgtcttt	CASSPTGNYGYTF	tgtgccagcagcccgacagggaactatggctacaccttc	2	1	2	2	1
clonotype1204	UNK_S	1	TRAV13-2*01	TRAJ16*01			TRBV3-1*01	TRBJ1-5*01	CAGGVGQKLLF	tgtgcaggcggggttggccagaagctgctcttt			CASSPQENQPQHF	tgtgccagcagcccgcaggaaaatcagccccagcatttt	1	0	1	1	1
clonotype1205	UNK_S	1	TRAV4*01	TRAJ6*01			TRBV4-1*01	TRBJ1-2*01	CLVGASPSGGSYIPTF	tgcctcgtgggtgcttccccatcaggaggaagctacatacctacattt			CASSQEETGGYTF	tgcgccagcagccaagaagagacagggggctacaccttc	1	0	1	1	1
clonotype1206	UNK_S	1	TRAV13-2*01	TRAJ21*01			TRBV4-1*01	TRBJ1-1*01	CAGYNFNKFYF	tgtgcagggtacaacttcaacaaattttacttt			CASSQDRDLEAFF	tgcgccagcagccaagatcgagaccttgaagctttcttt	1	0	1	1	1
clonotype1207	UNK_S	1	TRAV8-4*01	TRAJ13*01	TRAV25*01	TRAJ4*01	TRBV4-2*01	TRBJ2-3*01	CAVVSGGYQKVTF	tgtgctgtcgtctctgggggttaccagaaagttaccttt	CAGPGSGGYNKLIF	tgtgcagggccggggtctggtggctacaataagctgattttt	CASSQGLADTQYF	tgtgccagcagccaaggactagcagatacgcagtatttt	2	1	2	2	1
clonotype1208	UNK_S	1	TRAV21*01	TRAJ54*01			TRBV4-3*01	TRBJ2-3*01	CAVNQGAQKLVF	tgtgctgtgaatcagggagcccagaagctggtattt			CASSQEGLDTQYF	tgcgccagcagccaagaaggtttagatacgcagtatttt	1	0	1	1	1
clonotype1209	UNK_S	1	TRAV8-3*01	TRAJ26*01			TRBV15*01	TRBJ2-2*01	CAVARGQNFVF	tgtgctgtggcccgtggtcagaattttgtcttt			CATRQGAQGELFF	tgtgccacccgacagggggcgcagggggagctgtttttt	1	0	1	1	1
clonotype121	UNK_S	2	TRAV21*01	TRAJ24*01			TRBV11-2*01	TRBJ2-2*01	CAETDSWGKLQF	tgtgctgaaactgacagctgggggaaattgcagttt			CASSLGPRLAGNTGELFF	tgtgccagcagcttaggaccccggctagcggggaacaccggggagctgtttttt	2	0	2	1	1
clonotype1210	UNK_S	1	TRAV5*01	TRAJ34*01			TRBV14*01	TRBJ2-2*01	CAEWNTDKLIF	tgtgcagagtggaacaccgacaagctcatcttt			CASSLGTGELFF	tgtgccagcagcttaggtaccggggagctgtttttt	1	0	1	1	1
clonotype1211	UNK_S	1	TRAV21*01	TRAJ42*01			TRBV19*01	TRBJ2-7*01	CAVNRGSQGNLIF	tgtgctgtgaaccgaggaagccaaggaaatctcatcttt			CASSPRGGNEQYV	tgtgccagtagtccacggggggggaacgagcagtacgtc	1	0	1	1	1
clonotype1212	UNK_S	1	TRAV20*01	TRAJ29*01			TRBV19*01	TRBJ1-1*01	CAVLISGNTPLVF	tgtgctgtactcatttcaggaaacacacctcttgtcttt			CASGAQGGTEAFF	tgtgccagtggggctcaggggggcactgaagctttcttt	1	0	1	1	1
clonotype1213	UNK_S	1	TRAV9-2*01	TRAJ49*01			TRBV19*01	TRBJ2-3*01	CALSDKSGNQFYF	tgtgctctgagtgataaatccggtaaccagttctatttt			CASSELAGGTQYF	tgtgccagttccgaactagcgggaggaacgcagtatttt	1	0	1	1	1
clonotype1214	UNK_S	1	TRAV27*01	TRAJ42*01	TRAV29/DV5*01	TRAJ39*01	TRBV19*01	TRBJ2-7*01	CAGADGGGSQGNLIF	tgtgcaggagccgatggtggaggaagccaaggaaatctcatcttt	CAATHGGNMLTF	tgtgcagcaacccatggaggcaacatgctcaccttt	CASSWGDSYEQYF	tgtgccagtagttggggagactcctacgagcagtacttc	2	1	2	2	1
clonotype1215	UNK_S	1	TRAV21*01	TRAJ48*01	TRAV25*01	TRAJ48*01	TRBV6-6*01	TRBJ2-1*01	CAVDTNFGNEKLTF	tgtgctgtggacactaactttggaaatgagaaattaaccttt	CAAPLSNFGNEKLTF	tgtgcagcgcctctatctaactttggaaatgagaaattaaccttt	CASSSVLGNEQFF	tgtgccagcagttccgttctaggcaatgagcagttcttc	2	1	2	2	1
clonotype1217	UNK_S	1	TRAV12-1*01	TRAJ43*01			TRBV6-5*01	TRBJ2-5*01	CVVNMGNNNDMRF	tgtgtggtgaacatgggcaataacaatgacatgcgcttt			CASSQGLVGTQYF	tgtgccagcagtcaaggactagtggggacccagtacttc	1	0	1	1	1
clonotype1218	UNK_S	1	TRAV21*01	TRAJ54*01			TRBV6-5*01	TRBJ1-1*01	CAVPIQGAQKLVF	tgtgctgtgcctattcagggagcccagaagctggtattt			CASSYTGVPGAFF	tgtgccagcagttacacgggagtgccgggggctttcttt	1	0	1	1	1
clonotype1219	UNK_S	1	TRAV12-2*01	TRAJ35*01			TRBV6-1*01	TRBJ1-2*01	CAERGFGNVLHC	tgtgccgagaggggctttgggaatgtgctgcattgc			CASNIQGNYGYTF	tgtgccagcaatatacaggggaactatggctacaccttc	1	0	1	1	1
clonotype122	UNK_S	2	TRAV9-2*01	TRAJ12*01			TRBV5-5*01	TRBJ2-1*01	CALPDSSYKLIF	tgtgctctccctgatagcagctataaattgatcttc			CASSLEGTSGRSNDNEQFF	tgtgccagcagcttggaggggactagcgggagaagtaacgacaatgagcagttcttc	2	0	2	1	1
clonotype1220	UNK_S	1	TRAV2*01	TRAJ4*01			TRBV6-1*01	TRBJ2-5*01	CAVEAGGYNKLIF	tgtgctgtggaggctggtggctacaataagctgattttt			CASSSGGQETQYF	tgtgccagcagctcgggggggcaagagacccagtacttc	1	0	1	1	1
clonotype1221	UNK_S	1	TRAV35*01	TRAJ58*01			TRBV6-1*01	TRBJ2-1*01	CAGQQGETSGSRLTF	tgtgctgggcagcaaggggaaaccagtggctctaggttgaccttt			CASSRTWDGEQFF	tgtgccagcagtagaacttgggacggggagcagttcttc	1	0	1	1	1
clonotype1222	UNK_S	1	TRAV8-3*01	TRAJ20*01	TRAV13-1*01	TRAJ6*01	TRBV6-1*01	TRBJ2-3*01	CAVGSNDYKLSF	tgtgctgtggggtctaacgactacaagctcagcttt	CAASFLAGGSYIPTF	tgtgcagcaagtttcctcgcgggaggaagctacatacctacattt	CASSERGTDTQYF	tgtgccagcagtgaaaggggcacagatacgcagtatttt	2	1	2	2	1
clonotype1223	UNK_S	1	TRAV22*01	TRAJ24*01			TRBV6-1*01	TRBJ2-7*01	CAVESTADSWGKLQF	tgtgctgtggagagtacggctgacagctgggggaaattgcagttt			CASSEDGSYEQYF	tgtgccagcagtgaagacggctcctacgagcagtacttc	1	0	1	1	1
clonotype1225	UNK_S	1	TRAV35*01	TRAJ42*01			TRBV6-1*01	TRBJ1-5*01	CAAQNYGGSQGNLIF	tgtgctgcccagaattatggaggaagccaaggaaatctcatcttt			CASSSRTGQPQHF	tgtgccagcagttcccggacaggtcagccccagcatttt	1	0	1	1	1
clonotype1226	UNK_S	1	TRAV21*01	TRAJ41*01			TRBV6-2*01	TRBJ1-2*01	CAASSNSGYALNF	tgtgctgcttcctcaaattccgggtatgcactcaacttc			CASSYVDTHGYTF	tgtgccagcagttacgtggacacccatggctacaccttc	1	0	1	1	1
clonotype1227	UNK_S	1	TRAV17*01	TRAJ24*01			TRBV6-2*01	TRBJ2-1*01	CATVGDSWGKLQF	tgtgctacggtaggggacagctgggggaaattgcagttt			CASTPTGTGVPEQFF	tgtgccagcacaccgacaggcacgggagttcctgagcagttcttc	1	0	1	1	1
clonotype1228	UNK_S	1	TRAV39*01	TRAJ57*01			TRBV6-2*01	TRBJ2-7*01	CAVFITQGGSEKLVF	tgtgccgtgtttataactcagggcggatctgaaaagctggtcttt			CASSPIRAYEQYV	tgtgccagcagccccataagggcctacgagcagtacgtc	1	0	1	1	1
clonotype1229	UNK_S	1	TRAV41*01	TRAJ54*01			TRBV6-2*01	TRBJ2-3*01	CAVRRWGAQKLVF	tgtgctgtccgacgttggggagcccagaagctggtattt			CASSPRGSDTQYF	tgtgccagcagtccccggggctcagatacgcagtatttt	1	0	1	1	1
clonotype123	UNK_S	2	TRAV3*01	TRAJ6*01			TRBV2*01	TRBJ2-1*01	CAVRDGGSYIPTF	tgtgctgtgagagacggaggaagctacatacctacattt			CASSTPGRRTSGSDDEQFF	tgtgccagcagtaccccgggccggcggactagcgggagtgacgatgagcagttcttc	2	0	2	1	1
clonotype1230	UNK_S	1	TRAV3*01	TRAJ30*01	TRAV41*01	TRAJ28*01	TRBV30*01	TRBJ2-5*01	CAVRDARDKIIF	tgtgctgtgagagacgcccgtgacaagatcatcttt	CAAGDSGAGSYQLTF	tgtgctgccggtgactctggggctgggagttaccaactcactttc	CAWTSVGGRLETQYF	tgtgcctggacctctgtcggggggcgtctagagacccagtacttc	2	1	2	2	1
clonotype1232	UNK_S	1	TRAV13-1*01	TRAJ23*01	TRAV17*01	TRAJ12*01	TRBV30*01	TRBJ1-1*01	CAATRREAQGGKLIF	tgtgcagcaacccgccgagaggcccagggaggaaagcttatcttc	CATAIGSSYKLIF	tgtgctacggcaataggtagcagctataaattgatcttc	CAWSLLGQLNTEAFF	tgtgcctggagcttgctggggcagctcaacactgaagctttcttt	2	1	2	2	1
clonotype1233	UNK_S	1	TRAV17*01	TRAJ52*01	TRAV9-2*01	TRAJ43*01	TRBV30*01	TRBJ1-5*01	CATGPSADAGGTSYGKLTF	tgtgctacgggcccgagcgcagacgctggtggtactagctatggaaagctgacattt	CALTTFNNNDMRF	tgtgctctgaccaccttcaataacaatgacatgcgcttt	CAWRAGRGGNQPQHF	tgtgcctggagggccggacgaggggggaatcagccccagcatttt	2	1	2	2	1
clonotype1234	UNK_S	1	TRAV20*01	TRAJ34*01			TRBV30*01	TRBJ1-4*01	CAVQAYDTDKLIF	tgtgctgtgcaggcctacgacaccgacaagctcatcttt			CAWSRLDKANEKLFF	tgtgcctggagtcgactcgacaaggctaatgaaaaactgtttttt	1	0	1	1	1
clonotype1235	UNK_S	1	TRAV9-2*01	TRAJ48*01			TRBV29-1*01	TRBJ1-2*01	CALLRRGNEKLTF	tgtgctctgctaaggcgtggaaatgagaaattaaccttt			CSVEGSSRGDGVYTF	tgcagcgttgaggggtcttccaggggcgatggtgtctacaccttc	1	0	1	1	1
clonotype1236	UNK_S	1	TRAV29/DV5*01	TRAJ57*01	TRAV39*01	TRAJ58*01	TRBV29-1*01	TRBJ2-3*01	CAAFTQGGSEKLVF	tgtgcagcattcactcagggcggatctgaaaagctggtcttt	CAVDGWETSGSRLTF	tgtgccgtggacgggtgggaaaccagtggctctaggttgaccttt	CSVSPSGQFTDTQYF	tgcagcgtttctcctagcggacaattcacagatacgcagtatttt	2	1	2	2	1
clonotype1237	UNK_S	1	TRAV12-1*01	TRAJ41*01			TRBV20-1*01	TRBJ2-5*01	CVVNLRSGYALNF	tgtgtggtgaacctccgttccgggtatgcactcaacttc			CSALTAGARGETQYF	tgcagtgcccttaccgctggggcgcgcggggagacccagtacttc	1	0	1	1	1
clonotype1238	UNK_S	1	TRAV3*01	TRAJ20*01			TRBV20-1*01	TRBJ1-1*01	CAVRDKGNKLSF	tgtgctgtgagagacaagggaaacaagctcagcttt			CSARPSGRIETEAFF	tgcagtgctagaccctcagggagaattgaaactgaagctttcttt	1	0	1	1	1
clonotype1239	UNK_S	1	TRAV9-2*01	TRAJ43*01			TRBV20-1*01	TRBJ2-5*01	CALRPYNNNDMRF	tgtgctctgaggccgtacaataacaatgacatgcgcttt			CSARRDQRRQETQYF	tgcagtgctagacgggatcagcgacgacaagagacccagtacttc	1	0	1	1	1
clonotype124	UNK_S	2	TRAV12-2*01	TRAJ53*01			TRBV13*01	TRBJ2-1*01	CAVNSIYRGGSNYKLTF	tgtgccgtgaactcaatctaccggggaggtagcaactataaactgacattt			CASSFGHEVPYNEQFF	tgtgccagcagcttcggacacgaggttccctacaatgagcagttcttc	2	0	2	1	1
clonotype1240	UNK_S	1	TRAV12-2*01	TRAJ9*01			TRBV20-1*01	TRBJ2-4*01	CAFNTGGFKTIF	tgtgcctttaatactggaggcttcaaaactatcttt			CSARDSGLAKNIQYF	tgcagtgctagagattcgggtttagccaaaaacattcagtacttc	1	0	1	1	1
clonotype1241	UNK_S	1	TRAV8-3*01	TRAJ20*01	TRAV2*01	TRAJ16*01	TRBV20-1*01	TRBJ2-1*01	CAVDSSNDYKLSF	tgtgctgtggatagttctaacgactacaagctcagcttt	CAVVGSDGQKLLF	tgtgctgtggttggctcagatggccagaagctgctcttt	CSARGGAGDNNEQFF	tgcagtgctagaggcggcgcgggggataacaatgagcagttcttc	2	1	2	2	1
clonotype1242	UNK_S	1	TRAV12-1*01	TRAJ13*01			TRBV20-1*01	TRBJ2-1*01	CVVNKGGYQKVTF	tgtgtggtgaacaaggggggttaccagaaagttaccttt			CSASPGANSYNEQFF	tgcagtgctagcccgggagcgaactcctacaatgagcagttcttc	1	0	1	1	1
clonotype1243	UNK_S	1	TRAV13-1*01	TRAJ22*01	TRAV13-1*01	TRAJ8*01	TRBV20-1*01	TRBJ1-4*01	CAAYRRSARQLTF	tgtgcagcttaccggcgttctgcaaggcaactgaccttt	CAASLGGFQKLVF	tgtgcagcaagtttaggaggctttcagaaacttgtattt	CSARGGDRGNEKLFF	tgcagtgctaggggcggggacaggggtaatgaaaaactgtttttt	2	1	2	2	1
clonotype1244	UNK_S	1	TRAV8-4*01	TRAJ41*01			TRBV20-1*01	TRBJ2-5*01	CAVSAPGYALNF	tgtgctgtgagtgctcccgggtatgcactcaacttc			CSARGARTQEETQYF	tgcagtgctaggggggcgcggactcaagaagagacccagtacttc	1	0	1	1	1
clonotype1245	UNK_S	1	TRAV9-2*01	TRAJ39*01			TRBV20-1*01	TRBJ2-1*01	CALSGKAGNMLTF	tgtgctctgagtgggaaagcaggcaacatgctcaccttt			CSAPIAGAPYNEQFF	tgcagtgctcctatagcgggagccccctacaatgagcagttcttc	1	0	1	1	1
clonotype1247	UNK_S	1	TRAV9-2*01	TRAJ15*01	TRAV12-1*01	TRAJ13*01	TRBV20-1*01	TRBJ2-5*01	CALHPPWPAGTALIF	tgtgctctccatcccccgtggccggcaggaactgctctgatcttt	CVVNSGGYQKVTF	tgtgtggtgaactctgggggttaccagaaagttaccttt	CSATRGGSAQETQYF	tgcagtgctacccggggtgggagcgctcaagagacccagtacttc	2	1	2	2	1
clonotype1248	UNK_S	1	TRAV8-3*01	TRAJ31*01			TRBV20-1*01	TRBJ2-3*01	CAVGAGNARLMF	tgtgctgtgggagccggcaatgccagactcatgttt			CSARTGQGRADTQYF	tgcagtgctagaaccggacagggtagggcagatacgcagtatttt	1	0	1	1	1
clonotype1249	UNK_S	1	TRAV20*01	TRAJ40*01			TRBV20-1*01	TRBJ2-1*01	CAVQAGGTYKYIF	tgtgctgtgcaggccgggggaacctacaaatacatcttt			CSARIAGGTYNEQFF	tgcagtgctagaatagcgggagggacctacaatgagcagttcttc	1	0	1	1	1
clonotype1250	UNK_S	1	TRAV20*01	TRAJ26*01			TRBV20-1*01	TRBJ1-1*01	CAVLDNYGQNFVF	tgtgctgttctggataactatggtcagaattttgtcttt			CSARDPPKGVAEAFF	tgcagtgctagagacccccctaagggagtggctgaagctttcttt	1	0	1	1	1
clonotype1251	UNK_S	1	TRAV26-1*01	TRAJ53*01			TRBV20-1*01	TRBJ2-6*01	CIVRVVNSGGSNYKLTF	tgcatcgtcagagtcgtgaatagtggaggtagcaactataaactgacattt			CSAREWGFGANVLTF	tgcagtgctagagagtggggttttggggccaacgtcctgactttc	1	0	1	1	1
clonotype1252	UNK_S	1	TRAV34*01	TRAJ22*01			TRBV20-1*01	TRBJ2-7*01	CGAERGSARQLTF	tgtggagctgaaagaggttctgcaaggcaactgaccttt			CSARDPASGTYEQYF	tgcagtgctagagatcctgctagcggaacctacgagcagtacttc	1	0	1	1	1
clonotype1253	UNK_S	1	TRAV41*01	TRAJ34*01			TRBV20-1*01	TRBJ2-1*01	CAVTTYNTDKLIF	tgtgctgtcacgacttataacaccgacaagctcatcttt			CSARDRSGRYNEQFF	tgcagtgctagagatcgtagcgggaggtacaatgagcagttcttc	1	0	1	1	1
clonotype1254	UNK_S	1	TRAV12-3*01	TRAJ49*01			TRBV20-1*01	TRBJ2-2*01	CATATGNQFYF	tgtgcaacggccaccggtaaccagttctatttt			CSARDAGRVSWELFF	tgcagtgctagagatgccgggagggtatcctgggagctgtttttt	1	0	1	1	1
clonotype1255	UNK_S	1	TRAV12-3*01	TRAJ9*01			TRBV20-1*01	TRBJ1-5*01	CAMDGGFKTIF	tgtgcaatggatggaggcttcaaaactatcttt			CSARDLGQGDQPQHF	tgcagtgctagagatttgggacagggggatcagccccagcatttt	1	0	1	1	1
clonotype1256	UNK_S	1	TRAV20*01	TRAJ29*01			TRBV20-1*01	TRBJ2-5*01	CAVPSSKDTPLVF	tgtgctgtgccttcgagtaaggacacacctcttgtcttt			CSAGDRGLVEETQYF	tgcagtgctggggacaggggtctagttgaagagacccagtacttc	1	0	1	1	1
clonotype1257	UNK_S	1	TRAV39*01	TRAJ42*01			TRBV18*01	TRBJ2-5*01	CAVVGYGGSQGNLIF	tgtgccgtggtggggtatggaggaagccaaggaaatctcatcttt			CASSRLGETQYF	tgtgccagctcacgactaggagagacccagtacttc	1	0	1	1	1
clonotype1258	UNK_S	1	TRAV17*01	TRAJ37*01			TRBV12-3*01	TRBJ2-1*01	CATDLSNTGKLIF	tgtgctacggaccttagcaacacaggcaaactaatcttt			CASSLVSDEQFF	tgtgccagcagtttagtatccgatgagcagttcttc	1	0	1	1	1
clonotype1259	UNK_S	1	TRAV5*01	TRAJ40*01			TRBV2*01	TRBJ1-5*01	CAEISGTYKYIF	tgtgcagagatctcaggaacctacaaatacatcttt			CASSESPQPQHF	tgtgccagcagtgaatctcctcagccccagcatttt	1	0	1	1	1
clonotype1260	UNK_S	1	TRAV9-2*01	TRAJ15*01			TRBV24-1*01	TRBJ2-7*01	CALINQAGTALIF	tgtgctctgatcaaccaggcaggaactgctctgatcttt			CATSDPTSEEQYF	tgtgccaccagtgacccgactagcgaagagcagtacttc	1	0	1	1	1
clonotype1261	UNK_S	1	TRAV35*01	TRAJ45*01			TRBV28*01	TRBJ2-7*01	CAGLGSGGGADGLTF	tgtgctgggctcggatcaggaggaggtgctgacggactcaccttt			CASSFRLGGEQYF	tgtgccagcagttttcgcctgggcggcgagcagtacttc	1	0	1	1	1
clonotype1262	UNK_S	1	TRAV13-2*01	TRAJ23*01			TRBV28*01	TRBJ2-5*01	CAETYQGGKLIF	tgtgcagagacctaccagggaggaaagcttatcttc			CASIQGNQETQYF	tgtgccagcatacaggggaaccaagagacccagtacttc	1	0	1	1	1
clonotype1263	UNK_S	1	TRAV34*01	TRAJ36*01			TRBV28*01	TRBJ1-2*01	CGADGTGANNLFF	tgtggagcagacgggactggggcaaacaacctcttcttt			CASMSQSLSGYTF	tgtgccagcatgtctcagagtctctctggctacaccttc	1	0	1	1	1
clonotype1264	UNK_S	1	TRAV8-3*01	TRAJ33*01	TRAV23/DV6*01	TRAJ40*01	TRBV28*01	TRBJ2-7*01	CAVAGSNYQLIW	tgtgctgtggcggggagcaactatcagttaatctgg	CAASGIEYIF	tgtgcagccagtggtatcgaatacatcttt	CASIGGSSYEQYF	tgtgccagcattggcgggagctcctacgagcagtacttc	2	1	2	2	1
clonotype1265	UNK_S	1	TRAV8-4*01	TRAJ49*01			TRBV28*01	TRBJ1-1*01	CAVSATGNQFYF	tgtgctgtgagtgccaccggtaaccagttctatttt			CASGLLRAYEAFF	tgtgccagcggcctcctaagagcgtatgaagctttcttt	1	0	1	1	1
clonotype1266	UNK_S	1	TRAV22*01	TRAJ28*01			TRBV7-9*01	TRBJ2-2*01	CAVEYSGAGSYQLTF	tgtgctgtggaatactctggggctgggagttaccaactcactttc			CASTPPLGELFF	tgtgccagcacccctcccctgggggagctgtttttt	1	0	1	1	1
clonotype1267	UNK_S	1	TRAV26-2*01	TRAJ29*01			TRBV7-9*01	TRBJ1-1*01	CILRDVRRNSGNTPLVF	tgcatcctgagagacgtaagaaggaattcaggaaacacacctcttgtcttt			CASSAPWAEAFF	tgtgccagcagcgccccgtgggctgaagctttcttt	1	0	1	1	1
clonotype1268	UNK_S	1	TRAV21*01	TRAJ37*01			TRBV7-9*01	TRBJ1-2*01	CAVPSSNTGKLIF	tgtgctgtcccctctagcaacacaggcaaactaatcttt			CASSFKDDGYTF	tgtgccagcagcttcaaggacgatggctacaccttc	1	0	1	1	1
clonotype1269	UNK_S	1	TRAV12-2*01	TRAJ9*01			TRBV11-2*01	TRBJ1-2*01	CAVSPGGFKTIF	tgtgccgtgagccctggaggcttcaaaactatcttt			CASSLGGEGNTF	tgtgccagcagcttaggaggggaaggtaacaccttc	1	0	1	1	1
clonotype1270	UNK_S	1	TRAV21*01	TRAJ45*01	TRAV13-1*01	TRAJ35*01	TRBV11-2*01	TRBJ2-1*01	CAVEGGGADGLTF	tgtgctgtggaaggaggaggtgctgacggactcaccttt	CAASPIGFGNVLHC	tgtgcagcaagcccgataggctttgggaatgtgctgcattgc	CASSLASQPEFF	tgtgccagcagcttggctagccagccggagttcttc	2	1	2	2	1
clonotype1271	UNK_S	1	TRAV12-1*01	TRAJ10*01			TRBV7-2*01	TRBJ2-3*01	CVVRTGGGNKLTF	tgtgtggtgagaacgggaggaggaaacaaactcaccttt			CASSLIVDTQYF	tgtgccagcagccttatagtagatacgcagtatttt	1	0	1	1	1
clonotype1272	UNK_S	1	TRAV29/DV5*01	TRAJ36*01	TRAV17*01	TRAJ48*01	TRBV7-2*01	TRBJ2-1*01	CAASDGGANNLFF	tgtgcagcaagcgacggtggggcaaacaacctcttcttt	CATPPFGNEKLTF	tgtgctacgcctccctttggaaatgagaaattaaccttt	CASSLSGTRRIF	tgtgccagcagcttatccgggactagaaggatcttc	2	1	2	2	1
clonotype1273	UNK_S	1	TRAV21*01	TRAJ15*01	TRAV29/DV5*01	TRAJ43*01	TRBV7-2*01	TRBJ2-7*01	CAPSNQAGTALIF	tgtgctccgtcaaaccaggcaggaactgctctgatcttt	CAASICDMRF	tgtgcagcaagcatctgtgacatgcgcttt	CASSPDTYEQYF	tgtgccagcagccccgacacctacgagcagtacttc	2	1	2	2	1
clonotype1275	UNK_S	1	TRAV13-1*01	TRAJ34*01			TRBV10-2*01	TRBJ1-2*01	CAASIVGGDKLIF	tgtgcagcaagtatcgttggcggcgacaagctcatcttt			CASSESDGYGYTF	tgcgccagcagtgagtcggacggctatggctacaccttc	1	0	1	1	1
clonotype1276	UNK_S	1	TRAV12-2*01	TRAJ12*01			TRBV10-1*01	TRBJ1-3*01	CAALDSSYKLIF	tgtgccgccctggatagcagctataaattgatcttc			CASSVGSGNTIYF	tgcgccagcagtgttggcagtggaaacaccatatatttt	1	0	1	1	1
clonotype1277	UNK_S	1	TRAV26-2*01	TRAJ42*01			TRBV27*01	TRBJ1-1*01	CILRDKNYGGSQGNLIF	tgcatcctgagagacaagaattatggaggaagccaaggaaatctcatcttt			CASSPAGNTEAFF	tgtgccagcagtcctgccgggaacactgaagctttcttt	1	0	1	1	1
clonotype1278	UNK_S	1	TRAV8-3*01	TRAJ20*01			TRBV27*01	TRBJ2-1*01	CAWSPGDYKLSF	tgtgcttggtccccaggggactacaagctcagcttt			CASSSTGYDEQFF	tgtgccagcagttcgacagggtacgatgagcagttcttc	1	0	1	1	1
clonotype1279	UNK_S	1	TRAV13-1*01	TRAJ31*01			TRBV27*01	TRBJ2-5*01	CAASYFNNARLMF	tgtgcagcaagctattttaacaatgccagactcatgttt			CASSLIPMETQYF	tgtgccagcagtttaatccctatggagacccagtacttc	1	0	1	1	1
clonotype128	UNK_S	1	TRAV8-3*01	TRAJ9*01	TRAV2*01	TRAJ20*01	TRBV5-6*01	TRBJ2-1*01	CAVGEGTGGFKTIF	tgtgctgtgggtgagggtactggaggcttcaaaactatcttt	CAVEGSNDYKLSF	tgtgctgtggagggatctaacgactacaagctcagcttt	CASSLGG	tgtgccagcagcttggggggt	2	1	2	2	1
clonotype1280	UNK_S	1	TRAV17*01	TRAJ24*01			TRBV5-6*01	TRBJ2-1*01	CATASDSWGKLQF	tgtgctacggcgtctgacagctgggggaaattgcagttt			CASSPGGYNEQFF	tgtgccagcagcccggggggttacaatgagcagttcttc	1	0	1	1	1
clonotype1281	UNK_S	1	TRAV12-1*01	TRAJ47*01			TRBV5-4*01	TRBJ1-2*01	CVVNMPEGNKLVF	tgtgtggtgaacatgccggagggaaacaagctggtcttt			CASSFPGGGGYTF	tgtgccagcagcttccccgggggaggaggctacaccttc	1	0	1	1	1
clonotype1282	UNK_S	1	TRAV41*01	TRAJ49*01			TRBV5-1*01	TRBJ2-1*01	CAVPKNTGNQFYF	tgtgctgtccccaagaacaccggtaaccagttctatttt			CASSLSIQGEQFF	tgcgccagcagcctatctattcagggtgagcagttcttc	1	0	1	1	1
clonotype1283	UNK_S	1	TRAV17*01	TRAJ49*01			TRBV5-1*01	TRBJ1-2*01	CATDLSTGNQFYF	tgtgctacggatctttccaccggtaaccagttctatttt			CASSLTGSTGYTF	tgcgccagcagcttaacaggaagtaccggctacaccttc	1	0	1	1	1
clonotype1284	UNK_S	1	TRAV26-1*01	TRAJ22*01			TRBV5-1*01	TRBJ1-2*01	CIVRATFSSGSARQLTF	tgcatcgtcagagcgacgttttcttctggttctgcaaggcaactgaccttt			CASSLGSSYGYTF	tgcgccagcagcttggggtccagttatggctacaccttc	1	0	1	1	1
clonotype1285	UNK_S	1	TRAV5*01	TRAJ20*01			TRBV12-4*01	TRBJ1-2*01	CAESLNDYKLSF	tgtgcagagagccttaacgactacaagctcagcttt			CASSDTTYGYTF	tgtgccagcagcgacactacctatggctacaccttc	1	0	1	1	1
clonotype1286	UNK_S	1	TRAV21*01	TRAJ28*01	TRAV13-2*01	TRAJ30*01	TRBV12-4*01	TRBJ1-1*01	CAVDGSGAGSYQLTF	tgtgctgtggacggctctggggctgggagttaccaactcactttc	CAENIGDDKIIF	tgtgcagagaatataggggatgacaagatcatcttt	CASSLSGTEAFF	tgtgccagcagtttatcgggcactgaagctttcttt	2	1	2	2	1
clonotype1287	UNK_S	1	TRAV2*01	TRAJ17*01			TRBV12-4*01	TRBJ1-6*01	CAVLKAAGNKLTF	tgtgctgtcctgaaagctgcaggcaacaagctaactttt			CASYNRGSPLHF	tgtgctagttacaacaggggttcacccctccacttt	1	0	1	1	1
clonotype1288	UNK_S	1	TRAV9-2*01	TRAJ13*01			TRBV3-1*01	TRBJ1-1*01	CALRSGGYQKVTF	tgtgctctgagatctgggggttaccagaaagttaccttt			CASSQTGHTEAFF	tgtgccagcagccaaacagggcacactgaagctttcttt	1	0	1	1	1
clonotype1289	UNK_S	1	TRAV20*01	TRAJ35*01	TRAV19*01	TRAJ15*01	TRBV3-1*01	TRBJ2-1*01	CAVQAGFGNVLHC	tgtgctgtgcaggcgggctttgggaatgtgctgcattgc	CALSEALQAGTALIF	tgtgctctgagtgaggcgctccaggcaggaactgctctgatcttt	CASSQASINEQFF	tgtgccagcagccaagcttcaatcaatgagcagttcttc	2	1	2	2	1
clonotype129	UNK_S	1	TRAV12-2*01	TRAJ23*01			TRBV29-1*01	TRBJ2-5*01	CAVNSNQGGKLIF	tgtgccgtgaacagtaaccagggaggaaagcttatcttc			CSVGETQYF	tgcagcgttggagagacccagtacttc	1	0	1	1	1
clonotype1290	UNK_S	1	TRAV13-2*01	TRAJ21*01	TRAV9-2*01	TRAJ33*01	TRBV3-1*01	TRBJ1-1*01	CAEPPKYNFNKFYF	tgtgcagagcccccaaaatacaacttcaacaaattttacttt	CALSMDSNYQLIW	tgtgctctgagcatggatagcaactatcagttaatctgg	CASSQVSRTEAFF	tgtgccagcagccaagtgagtcgaactgaagctttcttt	2	1	2	2	1
clonotype1291	UNK_S	1	TRAV27*01	TRAJ37*01			TRBV3-1*01	TRBJ1-2*01	CAGAGGSSNTGKLIF	tgtgcaggagcagggggctctagcaacacaggcaaactaatcttt			CASSQDDYYGYTF	tgtgccagcagccaggacgattactatggctacaccttc	1	0	1	1	1
clonotype1292	UNK_S	1	TRAV12-1*01	TRAJ24*01			TRBV3-1*01	TRBJ2-7*01	CVVNDDSWGKLQF	tgtgtggtgaacgatgacagctgggggaaattgcagttt			CASSSRGPREQYF	tgtgccagcagctccagggggcctcgagagcagtacttc	1	0	1	1	1
clonotype1293	UNK_S	1	TRAV21*01	TRAJ24*01			TRBV4-1*01	TRBJ2-5*01	CAAKGDSWGKLQF	tgtgctgccaaaggtgacagctgggggaaattgcagttt			CASSQNLQETQYF	tgcgccagcagccaaaatctccaagagacccagtacttc	1	0	1	1	1
clonotype1294	UNK_S	1	TRAV27*01	TRAJ57*01			TRBV4-2*01	TRBJ1-2*01	CAGGRIQGGSEKLVF	tgtgcaggaggaagaattcagggcggatctgaaaagctggtcttt			CASSPFLSRLYTF	tgtgccagcagcccatttctgtccagactttacaccttc	1	0	1	1	1
clonotype1295	UNK_S	1	TRAV13-2*01	TRAJ40*01			TRBV4-3*01	TRBJ1-2*01	CAVGSGTYKYIF	tgtgcagtgggatcaggaacctacaaatacatcttt			CASSHTSQGGYTF	tgcgccagcagccacacctcacaaggtggctacaccttc	1	0	1	1	1
clonotype1297	UNK_S	1	TRAV12-2*01	TRAJ29*01			TRBV9*01	TRBJ2-2*01	CAVNRGSTPLVF	tgtgccgtgaacagggggagcacacctcttgtcttt			CASSPRRTGELFF	tgtgccagcagccctcgaaggaccggggagctgtttttt	1	0	1	1	1
clonotype1299	UNK_S	1	TRAV12-1*01	TRAJ11*01			TRBV9*01	TRBJ2-2*01	CVAENSGYSTLTF	tgtgtggctgagaattcaggatacagcaccctcaccttt			CASSVAVGGELFF	tgtgccagcagcgtagcagtaggcggggagctgtttttt	1	0	1	1	1
clonotype13	UNK_S	5	TRAV21*01	TRAJ33*01			TRBV10-2*01	TRBJ1-1*01	CAVLMDSNYQLIW	tgtgctgtgcttatggatagcaactatcagttaatctgg			CASSDDGMNTEAFF	tgcgccagcagtgacgacgggatgaacactgaagctttcttt	5	0	5	1	1
clonotype130	UNK_S	1	TRAV12-2*01	TRAJ30*01			TRBV20-1*01	TRBJ2-1*01	CAVNLMNRDDKIIF	tgtgccgtgaacttgatgaacagagatgacaagatcatcttt			CSAGSEQFF	tgcagtgcagggagtgagcagttcttc	1	0	1	1	1
clonotype1300	UNK_S	1	TRAV9-2*01	TRAJ43*01			TRBV9*01	TRBJ1-1*01	CALWGYNNNDMRF	tgtgctctgtgggggtacaataacaatgacatgcgcttt			CASSVGSNTEAFF	tgtgccagcagcgttggatcgaacactgaagctttcttt	1	0	1	1	1
clonotype1301	UNK_S	1	TRAV21*01	TRAJ58*01			TRBV9*01	TRBJ2-2*01	CAVAETSGSRLTF	tgtgctgtggccgaaaccagtggctctaggttgaccttt			CASSNRVTGELFF	tgtgccagttcgaacagggtaaccggggagctgtttttt	1	0	1	1	1
clonotype1302	UNK_S	1	TRAV27*01	TRAJ28*01			TRBV15*01	TRBJ2-5*01	CAGADSGAGSYQLTF	tgtgcaggagctgactctggggctgggagttaccaactcactttc			CATSRDRIQTQYF	tgtgccaccagcagagataggattcagacccagtacttc	1	0	1	1	1
clonotype1303	UNK_S	1	TRAV13-1*01	TRAJ23*01			TRBV15*01	TRBJ1-1*01	CAGYNNQGGKLIF	tgtgcaggatacaataaccagggaggaaagcttatcttc			CATSRVVLTEAFF	tgtgccaccagcagagttgtattgactgaagctttcttt	1	0	1	1	1
clonotype1304	UNK_S	1	TRAV17*01	TRAJ22*01			TRBV25-1*01	TRBJ2-3*01	CATVPFGSARQLTF	tgtgctacggtccccttcggttctgcaaggcaactgaccttt			CASSIPSTDTQYF	tgtgccagcagtatccctagcacagatacgcagtatttt	1	0	1	1	1
clonotype1305	UNK_S	1	TRAV26-2*01	TRAJ48*01	TRAV21*01	TRAJ57*01	TRBV19*01	TRBJ2-1*01	CILRVSFHSNFGNEKLTF	tgcatcctgagggtctctttccattctaactttggaaatgagaaattaaccttt	CAALTQGGSEKLVF	tgtgctgctttaactcagggcggatctgaaaagctggtcttt	CASSIRLDNEQFF	tgtgccagtagtatccgactagataatgagcagttcttc	2	1	2	2	1
clonotype1306	UNK_S	1	TRAV17*01	TRAJ13*01	TRAV6*01	TRAJ23*01	TRBV19*01	TRBJ2-4*01	CATDFPGGYQKVTF	tgtgctacggacttccctgggggttaccagaaagttaccttt	CALERGGKLIF	tgtgctctagagagaggcggaaagcttatcttc	CASNRGGENIQYF	tgtgccagtaacaggggcggagaaaacattcagtacttc	2	1	2	2	1
clonotype1307	UNK_S	1	TRAV12-1*01	TRAJ8*01	TRAV17*01	TRAJ30*01	TRBV19*01	TRBJ1-2*01	CVVNGNTGFQKLVF	tgtgtggtgaacgggaacacaggctttcagaaacttgtattt	CATVLLNRDDKIIF	tgtgctacggttcttctgaacagagatgacaagatcatcttt	CASRTGTNYGYTF	tgtgccagtaggacagggactaactatggctacaccttc	2	1	2	2	1
clonotype1308	UNK_S	1	TRAV13-1*01	TRAJ40*01			TRBV6-6*01	TRBJ1-6*01	CAASTTSGTYKYIF	tgtgcagcaagtacaacctcaggaacctacaaatacatcttt			CASKDRVESPLHF	tgtgccagcaaggacagggttgaatcacccctccacttt	1	0	1	1	1
clonotype1309	UNK_S	1	TRAV9-2*01	TRAJ45*01			TRBV6-6*01	TRBJ1-5*01	CALSSGGGADGLTF	tgtgctctgagttcaggaggaggtgctgacggactcaccttt			CASTDRGNQPQHF	tgtgccagcactgacaggggaaaccagccccagcatttt	1	0	1	1	1
clonotype1310	UNK_S	1	TRAV8-1*01	TRAJ9*01			TRBV6-6*01	TRBJ2-1*01	CAVIATGGFKTIF	tgtgccgtgattgctactggaggcttcaaaactatcttt			CASSLGQLNEQFF	tgtgccagcagtcttggacagcttaatgagcagttcttc	1	0	1	1	1
clonotype1311	UNK_S	1	TRAV17*01	TRAJ58*01			TRBV6-6*01	TRBJ1-2*01	CATVQETSGSRLTF	tgtgctacggtccaagaaaccagtggctctaggttgaccttt			CASSGAPFEGYTF	tgtgccagcagtggggccccctttgaagggtacaccttc	1	0	1	1	1
clonotype1312	UNK_S	1	TRAV8-1*01	TRAJ15*01			TRBV6-6*01	TRBJ2-6*01	CAVNNQAGTALIF	tgtgccgtgaataaccaggcaggaactgctctgatcttt			CASGGAGANVLTF	tgtgccagcgggggagctggggccaacgtcctgactttc	1	0	1	1	1
clonotype1313	UNK_S	1	TRAV2*01	TRAJ5*01			TRBV6-5*01	TRBJ1-1*01	CAVPRDTGRRALTF	tgtgctgtgcctcgggacacgggcaggagagcacttactttt			CASKGQGSTEAFF	tgtgccagcaagggacagggtagcactgaagctttcttt	1	0	1	1	1
clonotype1315	UNK_S	1	TRAV8-4*01	TRAJ5*01			TRBV6-5*01	TRBJ2-7*01	CAVSEEGRRALTF	tgtgctgtgagtgaagagggcaggagagcacttactttt			CASSTFQGREQYV	tgtgccagcagtacattccaggggcgcgagcagtacgtc	1	0	1	1	1
clonotype1316	UNK_S	1	TRAV38-1*01	TRAJ49*01			TRBV6-5*01	TRBJ1-1*01	CAFMKQYQFYF	tgtgctttcatgaagcaataccagttctatttt			CASSYSRGTEAFF	tgtgccagcagttactcgcgggggactgaagctttcttt	1	0	1	1	1
clonotype1317	UNK_S	1	TRAV8-4*01	TRAJ49*01			TRBV6-5*01	TRBJ2-5*01	CAVRTNTGNQFYF	tgtgctgtcaggacgaacaccggtaaccagttctatttt			CASSLGIKETQYF	tgtgccagcagtttgggaataaaagagacccagtacttc	1	0	1	1	1
clonotype1318	UNK_S	1	TRAV12-1*01	TRAJ54*01			TRBV6-1*01	TRBJ1-5*01	CVAPSLQGAQKLVF	tgtgtggccccgtctcttcagggagcccagaagctggtattt			CANSQGPGQPQHF	tgtgccaattcacagggacccgggcagccccagcatttt	1	0	1	1	1
clonotype1321	UNK_S	1	TRAV13-2*01	TRAJ26*01			TRBV6-1*01	TRBJ2-1*01	CAENRNYGQNFVF	tgtgcagagaaccgaaactatggtcagaattttgtcttt			CASSSGTYNEQFF	tgtgccagcagtagcgggacctacaatgagcagttcttc	1	0	1	1	1
clonotype1322	UNK_S	1	TRAV17*01	TRAJ33*01			TRBV6-1*01	TRBJ2-2*01	CATDGWDSNYQLIW	tgtgctacggacggttgggatagcaactatcagttaatctgg			CASSEEGTGELFF	tgtgccagcagtgaagaagggaccggggagctgtttttt	1	0	1	1	1
clonotype1323	UNK_S	1	TRAV8-1*01	TRAJ8*01			TRBV6-1*01	TRBJ2-7*01	CAVIATGFQKLVF	tgtgccgtgatagccacaggctttcagaaacttgtattt			CASSGSSSYEQYV	tgtgccagtagcgggtccagctcctacgagcagtacgtc	1	0	1	1	1
clonotype1325	UNK_S	1	TRAV12-2*01	TRAJ30*01			TRBV6-2*01	TRBJ2-5*01	CAVSMNRDDKIIF	tgtgccgtttctatgaacagagatgacaagatcatcttt			CASSPGAPATQYF	tgtgccagcagccccggggccccggcgacccagtacttc	1	0	1	1	1
clonotype1327	UNK_S	1	TRAV12-1*01	TRAJ9*01			TRBV6-2*01	TRBJ2-1*01	CVVNNQPGGFKTIF	tgtgtggtgaacaaccagcctggaggcttcaaaactatcttt			CASSYAIAVEQFF	tgtgccagcagttacgctatcgcagtggagcagttcttc	1	0	1	1	1
clonotype1328	UNK_S	1	TRAV12-2*01	TRAJ4*01			TRBV6-2*01	TRBJ1-5*01	CAVLSGGYNKLIF	tgtgccgtgctttctggtggctacaataagctgattttt			CASSYGVGQPQHF	tgtgccagcagttacggggtcgggcagccccagcatttt	1	0	1	1	1
clonotype1329	UNK_S	1	TRAV5*01	TRAJ20*01			TRBV30*01	TRBJ2-2*01	CAESIANDYKLSF	tgtgcagagagtatcgccaacgactacaagctcagcttt			CARQFDRGRPGELFF	tgtgcccgccaatttgacagggggcggcccggggagctgtttttt	1	0	1	1	1
clonotype1330	UNK_S	1	TRAV5*01	TRAJ6*01			TRBV30*01	TRBJ1-2*01	CAEMAGGSYIPTF	tgtgcagagatggcaggaggaagctacatacctacattt			CAGPKQSPTSYGYTF	tgtgccggaccaaaacaatcaccgacaagctatggctacaccttc	1	0	1	1	1
clonotype1331	UNK_S	1	TRAV8-3*01	TRAJ7*01			TRBV30*01	TRBJ1-5*01	CAVGATGNNRLAF	tgtgctgtgggtgcgaccgggaacaacagactcgctttt			CAWSPSGPSNQPQHF	tgtgcctggagtccctcgggaccgagcaatcagccccagcatttt	1	0	1	1	1
clonotype1332	UNK_S	1	TRAV12-2*01	TRAJ12*01			TRBV30*01	TRBJ2-1*01	CAVKVDSSYKLIF	tgtgccgtgaaggtggatagcagctataaattgatcttc			CAWSDPVWRSLEQFF	tgtgcctggagtgacccggtctggcggtctttagagcagttcttc	1	0	1	1	1
clonotype1333	UNK_S	1	TRAV5*01	TRAJ37*01			TRBV30*01	TRBJ2-1*01	CAGTSSNTGKLIF	tgtgcaggcacttctagcaacacaggcaaactaatcttt			CAWSVQALLGNEQFF	tgtgcctggagtgtacaggcactcttagggaatgagcagttcttc	1	0	1	1	1
clonotype1335	UNK_S	1	TRAV8-4*01	TRAJ37*01			TRBV30*01	TRBJ1-3*01	CAVSFSNTGKLIF	tgtgctgtgagttttagcaacacaggcaaactaatcttt			CAWGTGGQGGNTIYF	tgtgcctgggggacaggggggcaaggtggaaacaccatatatttt	1	0	1	1	1
clonotype1337	UNK_S	1	TRAV12-3*01	TRAJ27*01			TRBV29-1*01	TRBJ2-4*01	CAMRPNAGKSTF	tgtgcaatgaggcccaatgcaggcaaatcaaccttt			CSVEERLVGKNIQYF	tgcagcgttgaagagaggctagtcggcaaaaacattcagtacttc	1	0	1	1	1
clonotype1338	UNK_S	1	TRAV8-3*01	TRAJ39*01			TRBV29-1*01	TRBJ2-1*01	CAVGGYAGNMLTF	tgtgctgtgggtggttatgcaggcaacatgctcaccttt			CSVEDGRTNYNEQFF	tgcagcgttgaagatggccggacaaactacaatgagcagttcttc	1	0	1	1	1
clonotype1339	UNK_S	1	TRAV12-2*01	TRAJ24*01			TRBV29-1*01	TRBJ2-1*01	CAVNPDSWGKLQF	tgtgccgtgaaccctgacagctgggggaaattgcagttt			CSVAMTGGGDNEQFF	tgcagcgttgcgatgacagggggcggtgacaatgagcagttcttc	1	0	1	1	1
clonotype134	UNK_S	1	TRAV21*01	TRAJ43*01	TRAV23/DV6*01	TRAJ13*01	TRBV28*01	TRBJ2-7*01	CAGGYNNNDMRF	tgtgctgggggttacaataacaatgacatgcgcttt	CAASSGGYQKVTF	tgtgcagcaagttctgggggttaccagaaagttaccttt	CASGEQYF	tgtgccagcggcgagcagtacttc	2	1	2	2	1
clonotype1341	UNK_S	1	TRAV12-1*01	TRAJ4*01			TRBV20-1*01	TRBJ1-4*01	CVVNKPGGYNKLIF	tgtgtggtgaacaaacctggtggctacaataagctgattttt			CSARVGAGTNEKLFF	tgcagtgctagagtcggggcagggactaatgaaaaactgtttttt	1	0	1	1	1
clonotype1343	UNK_S	1	TRAV2*01	TRAJ36*01			TRBV20-1*01	TRBJ2-1*01	CAVGRSTGANNLFF	tgtgctgtggggcggtccactggggcaaacaacctcttcttt			CSARGASDTYNEQFF	tgcagtgctaggggtgctagcgacacctacaatgagcagttcttc	1	0	1	1	1
clonotype1344	UNK_S	1	TRAV21*01	TRAJ23*01			TRBV20-1*01	TRBJ1-5*01	CAAWIYNQGGKLIF	tgtgctgcttggatttataaccagggaggaaagcttatcttc			CSARVARDSNQPQHF	tgcagtgctagggtggccagggacagcaatcagccccagcatttt	1	0	1	1	1
clonotype1345	UNK_S	1	TRAV9-2*01	TRAJ3*01	TRAV8-4*01	TRAJ15*01	TRBV20-1*01	TRBJ2-2*01	CALSGNSSASKIIF	tgtgctctgagtgggaacagcagtgcttccaagataatcttt	CAVTNQAGTALIF	tgtgctgtgaccaaccaggcaggaactgctctgatcttt	CSAQTSGSSSGELFF	tgcagtgctcaaactagcgggagtagttccggggagctgtttttt	2	1	2	2	1
clonotype1346	UNK_S	1	TRAV13-1*01	TRAJ4*01			TRBV20-1*01	TRBJ2-7*01	CAASESGGYNKLIF	tgtgcagcaagtgagtctggtggctacaataagctgattttt			CSATYGRDASYEQYF	tgcagtgccacttacgggcgggacgcatcctacgagcagtacttc	1	0	1	1	1
clonotype1347	UNK_S	1	TRAV20*01	TRAJ40*01			TRBV20-1*01	TRBJ2-7*01	CAVQAASGTYKYIF	tgtgctgtgcaggcagcctcaggaacctacaaatacatcttt			CSATSPGLASHEQYF	tgcagtgctactagtccgggactagcgtcccacgagcagtacttc	1	0	1	1	1
clonotype1348	UNK_S	1	TRAV27*01	TRAJ52*01			TRBV20-1*01	TRBJ2-4*01	CASSSAGGTSYGKLTF	tgtgcaagctccagtgctggtggtactagctatggaaagctgacattt			CSARAAGFVKNIQYF	tgcagtgctagagccgcagggttcgtcaaaaacattcagtacttc	1	0	1	1	1
clonotype1349	UNK_S	1	TRAV8-2*01	TRAJ43*01			TRBV20-1*01	TRBJ2-7*01	CVVSVLNNNDMRF	tgtgttgtgagtgtcctcaataacaatgacatgcgcttt			CSASSLDREVYEQYF	tgcagtgctagctccctggacagggaggtctacgagcagtacttc	1	0	1	1	1
clonotype135	UNK_S	1	TRAV13-1*01	TRAJ33*01			TRBV20-1*01	TRBJ1-1*01	CAASMDSNYQLIW	tgtgcagcaagtatggatagcaactatcagttaatctgg			CSAGNTEAFF	tgcagtgcagggaacactgaagctttcttt	1	0	1	1	1
clonotype1350	UNK_S	1	TRAV5*01	TRAJ40*01	TRAV13-2*01	TRAJ33*01	TRBV20-1*01	TRBJ1-5*01	CAEITSGTYKYIF	tgtgcagagatcacctcaggaacctacaaatacatcttt	CAESPPDSNYQLIW	tgtgcagagagccccccggatagcaactatcagttaatctgg	CSARDRGSVGQPQHF	tgcagtgctcgggacagggggtcggtaggtcagccccagcatttt	2	1	2	2	1
clonotype1353	UNK_S	1	TRAV9-2*01	TRAJ44*01			TRBV12-4*01	TRBJ2-7*01	CALSLTGTASKLTF	tgtgctctgagtctcaccggcactgccagtaaactcaccttt			CASSFVQYEQYF	tgtgccagcagtttcgtacagtacgagcagtacttc	1	0	1	1	1
clonotype1354	UNK_S	1	TRAV13-2*01	TRAJ40*01			TRBV12-4*01	TRBJ2-3*01	CAENTSGTYKYIF	tgtgcagagaatacctcaggaacctacaaatacatcttt			CASSFLGDTQYF	tgtgccagcagttttctcggagatacgcagtatttt	1	0	1	1	1
clonotype1355	UNK_S	1	TRAV30*01	TRAJ52*01			TRBV2*01	TRBJ2-7*01	CGTVRGTSYGKLTF	tgcggcacagtccgcggtactagctatggaaagctgacattt			CASSVPTDEQYF	tgtgccagcagtgttccgacggacgagcagtacttc	1	0	1	1	1
clonotype1357	UNK_S	1	TRAV8-6*01	TRAJ7*01			TRBV2*01	TRBJ2-7*01	CAVSDYGNNRLAF	tgtgctgtgagtgactatgggaacaacagactcgctttt			CASGDRVSEQYF	tgtgccagcggggacagggtatccgagcagtacttc	1	0	1	1	1
clonotype1359	UNK_S	1	TRAV21*01	TRAJ36*01			TRBV2*01	TRBJ1-1*01	CAPRGRTGANNLFF	tgtgctccgaggggaaggactggggcaaacaacctcttcttt			CASSGGRTEAFF	tgtgcctcaagcggtgggagaactgaagctttcttt	1	0	1	1	1
clonotype136	UNK_S	1	TRAV8-3*01	TRAJ15*01			TRBV20-1*01	TRBJ2-1*01	CAVGAGQAGTALIF	tgtgctgtgggtgcggggcaggcaggaactgctctgatcttt			CSPRGNEQFF	tgcagtcctcgcggcaatgagcagttcttc	1	0	1	1	1
clonotype1360	UNK_S	1	TRAV12-1*01	TRAJ38*01	TRAV23/DV6*01	TRAJ33*01	TRBV2*01	TRBJ1-4*01	CVVNVAGNNRKLIW	tgtgtggtgaacgttgctggcaacaaccgtaagctgatttgg	CAASSMDSNYQLIW	tgtgcagcaagctccatggatagcaactatcagttaatctgg	CAAGEFLEKLFF	tgtgcggctggggaattccttgaaaaactgtttttt	2	1	2	2	1
clonotype1361	UNK_S	1	TRAV3*01	TRAJ15*01			TRBV24-1*01	TRBJ2-1*01	CAVRDSAGTALIF	tgtgctgtgagagactcggcaggaactgctctgatcttt			CATSDPPWDEQFF	tgtgccaccagtgatccaccatgggatgagcagttcttc	1	0	1	1	1
clonotype1362	UNK_S	1	TRAV17*01	TRAJ23*01	TRAV17*01	TRAJ22*01	TRBV24-1*01	TRBJ2-1*01	CATDAGRLDLYNQGGKLIF	tgtgctacggacgcgggacgacttgatctttataaccagggaggaaagcttatcttc	CATALSGSARQLTF	tgtgctacggccctttctggttctgcaaggcaactgaccttt	CATSPFSGGEQFF	tgtgccaccagccctttttcggggggtgagcagttcttc	2	1	2	2	1
clonotype1363	UNK_S	1	TRAV8-6*01	TRAJ11*01			TRBV28*01	TRBJ2-1*01	CAVSDSGYSTLTF	tgtgctgtgagtgattcaggatacagcaccctcaccttt			CASTRNPNNEQFF	tgtgccagcaccagaaatccaaacaatgagcagttcttc	1	0	1	1	1
clonotype1364	UNK_S	1	TRAV8-6*01	TRAJ9*01			TRBV28*01	TRBJ1-2*01	CAVTFTGGFKTIF	tgtgctgtgacctttactggaggcttcaaaactatcttt			CASSTRSNYGYTF	tgtgccagcagtacacggtctaactatggctacaccttc	1	0	1	1	1
clonotype1365	UNK_S	1	TRAV13-1*01	TRAJ32*01			TRBV28*01	TRBJ1-1*01	CAASLGGATNKLIF	tgtgcagcaagtctgggtggtgctacaaacaagctcatcttt			CASSSQGWTEAFF	tgtgccagcagttcacagggatggactgaagctttcttt	1	0	1	1	1
clonotype1366	UNK_S	1	TRAV8-3*01	TRAJ4*01			TRBV28*01	TRBJ2-5*01	CAAVSGGYNKLIF	tgtgctgctgtttctggtggctacaataagctgattttt			CASSLAAGRAQYF	tgtgccagcagtttagcggcgggaagggcccagtacttc	1	0	1	1	1
clonotype1367	UNK_S	1	TRAV12-3*01	TRAJ49*01			TRBV28*01	TRBJ1-1*01	CAMSRPGNQFYF	tgtgcaatgagtaggcccggtaaccagttctatttt			CASSFRGRTEAFF	tgtgccagcagtttcaggggtcggactgaagctttcttt	1	0	1	1	1
clonotype1368	UNK_S	1	TRAV8-3*01	TRAJ23*01			TRBV28*01	TRBJ1-5*01	CAGHYNQGGKLIF	tgtgctgggcattataaccagggaggaaagcttatcttc			CASSFHSNQPQHF	tgtgccagcagtttccatagcaatcagccccagcatttt	1	0	1	1	1
clonotype1369	UNK_S	1	TRAV17*01	TRAJ54*01			TRBV5-8*01	TRBJ2-2*01	CATSLIQGAQKLVF	tgtgctacgtccctaattcagggagcccagaagctggtattt			CASSLMNTGELFF	tgtgccagcagcttgatgaacaccggggagctgtttttt	1	0	1	1	1
clonotype137	UNK_S	1	TRAV3*01	TRAJ6*01			TRBV30*01	TRBJ2-3*01	CAVSGTSGGSYIPTF	tgtgctgtgagcggtacatcaggaggaagctacatacctacattt			CAWISDTQYF	tgtgcctggatttccgatacgcagtatttt	1	0	1	1	1
clonotype1370	UNK_S	1	TRAV20*01	TRAJ57*01			TRBV10-3*01	TRBJ1-2*01	CAVQAGGGSEKLVF	tgtgctgtgcaggccggaggcggatctgaaaagctggtcttt			CAITGIPHYGYTF	tgtgccatcacagggatcccccactatggctacaccttc	1	0	1	1	1
clonotype1371	UNK_S	1	TRAV12-3*01	TRAJ43*01			TRBV10-3*01	TRBJ2-7*01	CAMNDNNNDMRF	tgtgcaatgaacgacaataacaatgacatgcgcttt			CAISHGQGYEQYV	tgtgccatcagccatggacagggatacgagcagtacgtc	1	0	1	1	1
clonotype1372	UNK_S	1	TRAV3*01	TRAJ6*01			TRBV10-3*01	TRBJ2-3*01	CAVRDGGSYIPTF	tgtgctgtgagagacggaggaagctacatacctacattt			CAISESAVDTQYF	tgtgccatcagtgagtctgcggtagatacgcagtatttt	1	0	1	1	1
clonotype1373	UNK_S	1	TRAV13-2*01	TRAJ17*01			TRBV10-3*01	TRBJ1-5*01	CAENGAAGNKLTF	tgtgcagagaatggggctgcaggcaacaagctaactttt			CAVRTGEGQPQHF	tgtgccgtcaggacaggggaagggcagccccagcatttt	1	0	1	1	1
clonotype1374	UNK_S	1	TRAV13-1*01	TRAJ11*01			TRBV7-9*01	TRBJ2-5*01	CAASNRQGYSTLTF	tgtgcagcaagtaaccgtcaaggatacagcaccctcaccttt			CASSPREETQYF	tgtgccagcagccctagggaggagacccagtacttc	1	0	1	1	1
clonotype1375	UNK_S	1	TRAV21*01	TRAJ40*01			TRBV7-3*01	TRBJ2-1*01	CAPVGTSGTYKYIF	tgtgctcctgtaggtacctcaggaacctacaaatacatcttt			CASSLRVGEQFF	tgtgccagcagcttaagggttggtgagcagttcttc	1	0	1	1	1
clonotype1376	UNK_S	1	TRAV8-1*01	TRAJ39*01			TRBV11-2*01	TRBJ2-1*01	CAVNNNAGNMLTF	tgtgccgtgaataataatgcaggcaacatgctcaccttt			CASSLGGDEQFF	tgtgccagcagcttaggaggggatgagcagttcttc	1	0	1	1	1
clonotype1377	UNK_S	1	TRAV12-1*01	TRAJ38*01			TRBV7-8*01	TRBJ2-7*01	CVVNSAGNNRKLIW	tgtgtggtgaacagcgctggcaacaaccgtaagctgatttgg			CASGLQDYEQYF	tgtgccagcggactacaggactacgagcagtacttc	1	0	1	1	1
clonotype1378	UNK_S	1	TRAV35*01	TRAJ52*01			TRBV7-6*01	TRBJ2-7*01	CAGSNAGGTSYGKLTF	tgtgctggttctaatgctggtggtactagctatggaaagctgacattt			CASSPTGAEQYF	tgtgccagcagcccgacgggggccgagcagtacttc	1	0	1	1	1
clonotype1379	UNK_S	1	TRAV13-2*01	TRAJ43*01			TRBV7-6*01	TRBJ1-1*01	CAERPYNNNDMRF	tgtgcagagaggccgtacaataacaatgacatgcgcttt			CASSLDGLEAFF	tgtgccagcagcttagacgggctagaagctttcttt	1	0	1	1	1
clonotype1380	UNK_S	1	TRAV13-2*01	TRAJ29*01			TRBV7-6*01	TRBJ2-7*01	CAETHSGNTPLVF	tgtgcagagacccattcaggaaacacacctcttgtcttt			CASSFQGGEQYF	tgtgccagcagctttcagggcggggagcagtacttc	1	0	1	1	1
clonotype1381	UNK_S	1	TRAV8-4*01	TRAJ3*01			TRBV10-1*01	TRBJ2-5*01	CAVSDHSASKIIF	tgtgctgtgagtgatcacagtgcttccaagataatcttt			CASSGDRGETQYF	tgcgccagcagtggggacaggggagagacccagtacttc	1	0	1	1	1
clonotype1382	UNK_S	1	TRAV13-1*01	TRAJ21*01			TRBV27*01	TRBJ1-2*01	CAAKGGYNFNKFYF	tgtgcagcaaaagggggatacaacttcaacaaattttacttt			CASSQRDGYGYTF	tgtgccagcagtcaaagggacggctatggctacaccttc	1	0	1	1	1
clonotype1383	UNK_S	1	TRAV17*01	TRAJ15*01			TRBV27*01	TRBJ1-2*01	CATDAPQAGTALIF	tgtgctacggacgctccccaggcaggaactgctctgatcttt			CASSDFGGGGYTF	tgtgccagcagtgacttcggcggtggtggctacaccttc	1	0	1	1	1
clonotype1384	UNK_S	1	TRAV9-2*01	TRAJ17*01			TRBV27*01	TRBJ1-2*01	CASMIKAAGNKLTF	tgtgcttcgatgatcaaagctgcaggcaacaagctaactttt			CASSLKGHYGYTF	tgtgccagcagtttaaaggggcactatggctacaccttc	1	0	1	1	1
clonotype1385	UNK_S	1	TRAV17*01	TRAJ53*01			TRBV5-4*01	TRBJ2-5*01	CATDAGGSNYKLTF	tgtgctacggacgctgggggtagcaactataaactgacattt			CASSIGQGETQYF	tgtgccagcagcataggacagggagagacccagtacttc	1	0	1	1	1
clonotype1386	UNK_S	1	TRAV13-1*01	TRAJ42*01			TRBV5-4*01	TRBJ2-7*01	CAAFDGGSQGNLIF	tgtgcagctttcgacgggggaagccaaggaaatctcatcttt			CASSLGSSYEQYF	tgtgccagcagcctagggagctcctacgagcagtacttc	1	0	1	1	1
clonotype1387	UNK_S	1	TRAV21*01	TRAJ58*01			TRBV5-4*01	TRBJ2-7*01	CAVEAETSGSRLTF	tgtgctgtggaagcggaaaccagtggctctaggttgaccttt			CASSWGLAYEQYF	tgtgccagcagctggggactggcctacgagcagtacttc	1	0	1	1	1
clonotype1388	UNK_S	1	TRAV21*01	TRAJ34*01			TRBV5-4*01	TRBJ1-1*01	CAVRLMTNTDKLIF	tgtgctgtgaggctcatgacgaacaccgacaagctcatcttt			CASSLERATEAFF	tgtgccagcagcttggagagggccactgaagctttcttt	1	0	1	1	1
clonotype1389	UNK_S	1	TRAV5*01	TRAJ35*01	TRAV17*01	TRAJ40*01	TRBV5-4*01	TRBJ1-1*01	CAEFLGFGNVLHC	tgtgcagagttcctaggctttgggaatgtgctgcattgc	CASFAPTSGTYKYIF	tgtgcttctttcgcccctacctcaggaacctacaaatacatcttt	CASSQAAGAEAFF	tgtgccagcagtcaagccgccggtgctgaagctttcttt	2	1	2	2	1
clonotype1390	UNK_S	1	TRAV13-1*01	TRAJ50*01			TRBV5-4*01	TRBJ2-1*01	CAASRGTSYDKVIF	tgtgcagcaagtagaggaacctcctacgacaaggtgatattt			CASSLGRVNEQFF	tgtgccagcagcttaggacgagttaatgagcagttcttc	1	0	1	1	1
clonotype1391	UNK_S	1	TRAV13-1*01	TRAJ23*01			TRBV5-4*01	TRBJ2-2*01	CAAAEDNQGGKLIF	tgtgcagcagcagaggataaccagggaggaaagcttatcttc			CASSGVTTGELFF	tgtgccagctctggagtcacgaccggggagctgtttttt	1	0	1	1	1
clonotype1392	UNK_S	1	TRAV17*01	TRAJ20*01			TRBV5-1*01	TRBJ1-5*01	CATGLRSNDYKLSF	tgtgctacgggcttacgttctaacgactacaagctcagcttt			CASSLHENQPQHF	tgcgccagcagccttcacgaaaatcagccccagcatttt	1	0	1	1	1
clonotype1393	UNK_S	1	TRAV8-3*01	TRAJ3*01			TRBV5-1*01	TRBJ2-2*01	CAVGYSSASKIIF	tgtgctgtgggctacagcagtgcttccaagataatcttt			CASSLGSTGELFF	tgcgccagcagcttggggagcaccggggagctgtttttt	1	0	1	1	1
clonotype1396	UNK_S	1	TRAV8-6*01	TRAJ31*01			TRBV12-4*01	TRBJ1-2*01	CAVTRNNNARLMF	tgtgctgtgactaggaataacaatgccagactcatgttt			CASSSPQGGYTF	tgtgccagcagttctccccagggtggctacaccttc	1	0	1	1	1
clonotype1397	UNK_S	1	TRAV12-3*01	TRAJ4*01			TRBV3-1*01	TRBJ1-4*01	CAMSDGYNKLIF	tgtgcaatgagcgatggctacaataagctgattttt			CASSQIRDSKLFF	tgtgccagcagccaaatccgggactccaaactgtttttt	1	0	1	1	1
clonotype1398	UNK_S	1	TRAV5*01	TRAJ42*01			TRBV3-1*01	TRBJ1-4*01	CAERGGSQGNLIF	tgtgcagagaggggaggaagccaaggaaatctcatcttt			CASSQGRAEKLFF	tgtgccagcagccaaggcagggctgaaaaactgtttttt	1	0	1	1	1
clonotype1399	UNK_S	1	TRAV9-2*01	TRAJ57*01			TRBV3-1*01	TRBJ2-7*01	CALSDPGGSEKLVF	tgtgctctgagtgatccgggcggatctgaaaagctggtcttt			CASSPREPHEQYF	tgtgccagcagccccagagagccccacgagcagtacttc	1	0	1	1	1
clonotype14	UNK_S	5	TRAV12-2*01	TRAJ53*01			TRBV27*01	TRBJ2-1*01	CAPLNSGGSNYKLTF	tgtgcccccttaaatagtggaggtagcaactataaactgacattt			CASWTVLGTNEQFF	tgtgccagctggactgtattagggaccaatgagcagttcttc	5	0	5	1	1
clonotype1400	UNK_S	1	TRAV8-6*01	TRAJ9*01			TRBV3-1*01	TRBJ2-2*01	CAVSSAGGFKTIF	tgtgctgtgagtagtgctggaggcttcaaaactatcttt			CASVAGGIGELFF	tgtgcctcggtagcgggagggatcggggagctgtttttt	1	0	1	1	1
clonotype1401	UNK_S	1	TRAV10*01	TRAJ20*01			TRBV4-1*01	TRBJ2-3*01	CVVSENDYKLSF	tgtgtggtgagcgaaaacgactacaagctcagcttt			CASSQDTTDTQYF	tgcgccagcagccaagacaccacagatacgcagtatttt	1	0	1	1	1
clonotype1402	UNK_S	1	TRAV8-4*01	TRAJ54*01			TRBV4-1*01	TRBJ1-4*01	CAVLLLGAQKLVF	tgtgctgtccttcttctcggagcccagaagctggtattt			CASSQGFWEKLFF	tgcgccagcagccaaggtttttgggaaaaactgtttttt	1	0	1	1	1
clonotype1403	UNK_S	1	TRAV3*01	TRAJ7*01	TRAV13-1*01	TRAJ5*01	TRBV4-1*01	TRBJ2-5*01	CAVRGLYGNNRLAF	tgtgctgtgagaggcctctatgggaacaacagactcgctttt	CAPHMDTGRRALTF	tgtgcaccccacatggacacgggcaggagagcacttactttt	CASSPYSQETQYF	tgcgccagcagcccctacagccaagagacccagtacttc	2	1	2	2	1
clonotype1404	UNK_S	1	TRAV17*01	TRAJ22*01			TRBV4-3*01	TRBJ1-6*01	CATDPSGSARQLTF	tgtgctacggatccttctggttctgcaaggcaactgaccttt			CASSLSGGEKLHF	tgcgccagcagcctgtcagggggtgagaagctccacttt	1	0	1	1	1
clonotype1406	UNK_S	1	TRAV13-2*01	TRAJ49*01			TRBV9*01	TRBJ1-6*01	CAENIHTGNQFYF	tgtgcagagaatattcacaccggtaaccagttctatttt			CASSRTVGSPLHF	tgtgccagcagcaggacagtgggatcacccctccacttt	1	0	1	1	1
clonotype1407	UNK_S	1	TRAV12-2*01	TRAJ23*01			TRBV9*01	TRBJ2-7*01	CAVNDNQGGKLIF	tgtgccgtgaacgataaccagggaggaaagcttatcttc			CASSVHGSREQYF	tgtgccagcagcgtacatggatcgagagagcagtacttc	1	0	1	1	1
clonotype1408	UNK_S	1	TRAV12-1*01	TRAJ5*01			TRBV9*01	TRBJ1-1*01	CVVRMDTGRRALTF	tgtgtggtgaggatggacacgggcaggagagcacttactttt			CASSVVGDPEAFF	tgtgccagcagcgtagtaggggaccctgaagctttcttt	1	0	1	1	1
clonotype1409	UNK_S	1	TRAV12-2*01	TRAJ20*01			TRBV9*01	TRBJ1-1*01	CAVNSFNDYKLSF	tgtgccgtgaactcattcaacgactacaagctcagcttt			CASSVYDTSEAFF	tgtgccagcagcgtatacgacacgagtgaagctttcttt	1	0	1	1	1
clonotype1410	UNK_S	1	TRAV13-2*01	TRAJ12*01			TRBV9*01	TRBJ1-5*01	CAERGDSSYKLIF	tgtgcagagagaggggatagcagctataaattgatcttc			CASSVTGVQPQHF	tgtgccagcagcgttacaggggtacagccccagcatttt	1	0	1	1	1
clonotype1411	UNK_S	1	TRAV12-2*01	TRAJ10*01			TRBV9*01	TRBJ2-3*01	CAVPTGGGNKLTF	tgtgccgttcctacgggaggaggaaacaaactcaccttt			CASSINVGDTQYF	tgtgccagcagtattaatgtcggtgatacgcagtatttt	1	0	1	1	1
clonotype1412	UNK_S	1	TRAV8-4*01	TRAJ40*01			TRBV9*01	TRBJ2-3*01	CALLWPGTYKYIF	tgtgccctcctttggccaggaacctacaaatacatcttt			CASSGGRTDTQYF	tgtgccagctccggcgggagaacagatacgcagtatttt	1	0	1	1	1
clonotype1413	UNK_S	1	TRAV13-1*01	TRAJ5*01			TRBV15*01	TRBJ1-4*01	CAARSDTGRRALTF	tgtgcagcaaggtcggacacgggcaggagagcacttactttt			CATSRPTVEKLFF	tgtgccaccagcagacctaccgttgaaaaactgtttttt	1	0	1	1	1
clonotype1414	UNK_S	1	TRAV10*01	TRAJ42*01	TRAV8-6*01	TRAJ9*01	TRBV14*01	TRBJ2-7*01	CVVTLNYGGSQGNLIF	tgtgtggtgaccttgaattatggaggaagccaaggaaatctcatcttt	CAVINTGGFKTIF	tgtgctgtgatcaatactggaggcttcaaaactatcttt	CASSQLGYEQYV	tgtgccagcagccaattggggtacgagcagtacgtc	2	1	2	2	1
clonotype1415	UNK_S	1	TRAV12-2*01	TRAJ38*01	TRAV8-6*01	TRAJ23*01	TRBV14*01	TRBJ2-1*01	CAVDAGNNRKLIW	tgtgccgttgatgctggcaacaaccgtaagctgatttgg	CAVHLANQGGKLIF	tgtgctgtccacctagcgaaccagggaggaaagcttatcttc	CASSQRPPEQFF	tgtgccagcagccagcggccccctgagcagttcttc	2	1	2	2	1
clonotype1416	UNK_S	1	TRAV13-1*01	TRAJ28*01			TRBV6-4*01	TRBJ2-1*01	CAATYSGAGSYQLTF	tgtgcagcaacatactctggggctgggagttaccaactcactttc			CASSDRPALEQFF	tgtgccagcagtgatcgaccagcccttgagcagttcttc	1	0	1	1	1
clonotype1417	UNK_S	1	TRAV13-1*01	TRAJ3*01			TRBV19*01	TRBJ2-2*01	CAASNQGSSASKIIF	tgtgcagcaagtaatcagggcagcagtgcttccaagataatcttt			CATKTTGAGELFF	tgtgccaccaaaactacgggggccggggagctgtttttt	1	0	1	1	1
clonotype1418	UNK_S	1	TRAV8-3*01	TRAJ32*01			TRBV19*01	TRBJ2-7*01	CAVGAGGATNKLIF	tgtgctgtgggtgctggtggtgctacaaacaagctcatcttt			CASSRKAGDEQYV	tgtgccagtagcaggaaagcgggagacgagcagtacgtc	1	0	1	1	1
clonotype1419	UNK_S	1	TRAV8-6*01	TRAJ54*01			TRBV19*01	TRBJ1-1*01	CAVILRGGAQKLVF	tgtgctgtgatccttcgggggggagcccagaagctggtattt			CASTGQGFTEAFF	tgtgccagtaccggacagggcttcactgaagctttcttt	1	0	1	1	1
clonotype1420	UNK_S	1	TRAV20*01	TRAJ40*01			TRBV19*01	TRBJ1-2*01	CAVQGLTSGTYKYIF	tgtgctgtgcaggggcttacctcaggaacctacaaatacatcttt			CASRRGGTYGYTF	tgtgccagtaggcggggcggaacctatggctacaccttc	1	0	1	1	1
clonotype1422	UNK_S	1	TRAV13-2*01	TRAJ6*01			TRBV19*01	TRBJ1-1*01	CAENSPGGSYIPTF	tgtgcagagaatagcccaggaggaagctacatacctacattt			CASSIKGATEAFF	tgtgccagtagtattaagggggccactgaagctttcttt	1	0	1	1	1
clonotype1423	UNK_S	1	TRAV8-6*01	TRAJ11*01			TRBV19*01	TRBJ1-1*01	CAVRLGSGYSTLTF	tgtgctgtgaggttgggttcaggatacagcaccctcaccttt			CASSLQRNTEAFF	tgtgccagtagtttacagaggaacactgaagctttcttt	1	0	1	1	1
clonotype1424	UNK_S	1	TRAV8-6*01	TRAJ15*01			TRBV19*01	TRBJ1-5*01	CAVKSNQAGTALIF	tgtgctgtgaaatcgaaccaggcaggaactgctctgatcttt			CASGPTGNQPQHF	tgtgccagtggcccgacagggaatcagccccagcatttt	1	0	1	1	1
clonotype1426	UNK_S	1	TRAV8-2*01	TRAJ29*01			TRBV6-5*01	TRBJ1-1*01	CVVTPNSGNTPLVF	tgtgttgtgaccccgaattcaggaaacacacctcttgtcttt			CASNIQGSTEAFF	tgtgccagcaatatacagggaagcactgaagctttcttt	1	0	1	1	1
clonotype1427	UNK_S	1	TRAV8-6*01	TRAJ15*01			TRBV6-5*01	TRBJ1-1*01	CAVSERQAGTALIF	tgtgctgtgagtgaacgccaggcaggaactgctctgatcttt			CASSSRGPTEAFF	tgtgccagcagttctcggggacccactgaagctttcttt	1	0	1	1	1
clonotype1429	UNK_S	1	TRAV20*01	TRAJ42*01			TRBV6-5*01	TRBJ1-6*01	CAVSRGGGSQGNLIF	tgtgctgtctcccggggtggaggaagccaaggaaatctcatcttt			CASRDRVDSPLHF	tgtgccagccgggacagggttgattcacccctccacttt	1	0	1	1	1
clonotype1430	UNK_S	1	TRAV8-2*01	TRAJ10*01	TRAV12-2*01	TRAJ34*01	TRBV6-5*01	TRBJ2-1*01	CVVRNFTGGGNKLTF	tgtgttgtgagaaacttcacgggaggaggaaacaaactcaccttt	CAVNWTYNTDKLIF	tgtgccgtgaactggacttataacaccgacaagctcatcttt	CASGIAAYNEQFF	tgtgccagcggaatagcagcctacaatgagcagttcttc	2	1	2	2	1
clonotype1431	UNK_S	1	TRAV12-1*01	TRAJ32*01			TRBV6-1*01	TRBJ2-1*01	CVVNNYGGATNKLIF	tgtgtggtgaacaattatggtggtgctacaaacaagctcatcttt			CASRRELTHEQFF	tgtgccagcagacgggagctcacccatgagcagttcttc	1	0	1	1	1
clonotype1432	UNK_S	1	TRAV3*01	TRAJ36*01			TRBV6-1*01	TRBJ1-4*01	CAVRDQTGANNLFF	tgtgctgtgagagatcaaactggggcaaacaacctcttcttt			CASRGFPGEKLFF	tgtgccagcaggggctttcctggtgaaaaactgtttttt	1	0	1	1	1
clonotype1433	UNK_S	1	TRAV8-2*01	TRAJ9*01			TRBV6-2*01	TRBJ1-1*01	CVVSIIIGGFKTIF	tgtgttgtgagcataatcattggaggcttcaaaactatcttt			CATGQQGYTEAFF	tgtgccaccggccaacaggggtacactgaagctttcttt	1	0	1	1	1
clonotype1434	UNK_S	1	TRAV14/DV4*01	TRAJ43*01			TRBV6-2*01	TRBJ1-1*01	CAMREGHNDMRF	tgtgcaatgagagagggtcacaatgacatgcgcttt			CASSYQLNTEAFF	tgtgccagcagttaccagttgaacactgaagctttcttt	1	0	1	1	1
clonotype1435	UNK_S	1	TRAV12-1*01	TRAJ28*01			TRBV6-2*01	TRBJ2-7*01	CVVLYSGAGSYQLTF	tgtgtggtactatactctggggctgggagttaccaactcactttc			CASSYREVYEQYV	tgtgccagcagttaccgggaggtctacgagcagtacgtc	1	0	1	1	1
clonotype1437	UNK_S	1	TRAV38-1*01	TRAJ54*01			TRBV20-1*01	TRBJ2-7*01	CALIQGAQKLVF	tgtgcgctcattcagggagcccagaagctggtattt			CSATIGTGGPYEQYV	tgcagtgctaccatagggacagggggtccctacgagcagtacgtc	1	0	1	1	1
clonotype1438	UNK_S	1	TRAV8-1*01	TRAJ17*01			TRBV20-1*01	TRBJ2-1*01	CAVNAKAAGNKLTF	tgtgccgtgaatgccaaagctgcaggcaacaagctaactttt			CSAREGGRTYNEQFF	tgcagtgctagagagggcgggaggacctacaatgagcagttcttc	1	0	1	1	1
clonotype1439	UNK_S	1	TRAV12-2*01	TRAJ18*01			TRBV20-1*01	TRBJ1-5*01	CAVKRRSTLGRLYF	tgtgccgtgaagaggaggtcaaccctggggaggctatacttt			CSASAQGAGNQPQHF	tgcagtgctagtgcacagggggcagggaatcagccccagcatttt	1	0	1	1	1
clonotype1440	UNK_S	1	TRAV5*01	TRAJ16*01			TRBV20-1*01	TRBJ2-3*01	CAESRFSDGQKLLF	tgtgcagagagtcggttttcagatggccagaagctgctcttt			CSASSPSGHTDTQYF	tgcagtgctagttcgcctagcgggcacacagatacgcagtatttt	1	0	1	1	1
clonotype1441	UNK_S	1	TRAV24*01	TRAJ21*01			TRBV20-1*01	TRBJ2-1*01	CASLGNFNKFYF	tgtgcctccctgggaaacttcaacaaattttacttt			CSAYRGPSSYNEQFF	tgcagtgcttacagggggccgagctcctacaatgagcagttcttc	1	0	1	1	1
clonotype1442	UNK_S	1	TRAV20*01	TRAJ5*01			TRBV20-1*01	TRBJ2-5*01	CAVQAEDTGRRALTF	tgtgctgtgcaggccgaggacacgggcaggagagcacttactttt			CSATTLAGDGETQYF	tgcagtgctaccacactagcgggagatggagagacccagtacttc	1	0	1	1	1
clonotype1443	UNK_S	1	TRAV8-1*01	TRAJ17*01			TRBV20-1*01	TRBJ2-1*01	CAVSPKAAGNKLTF	tgtgccgtgagtcccaaagctgcaggcaacaagctaactttt			CSATSGSSSYNEQFF	tgcagtgctactagcgggagcagctcctacaatgagcagttcttc	1	0	1	1	1
clonotype1444	UNK_S	1	TRAV9-2*01	TRAJ7*01	TRAV9-2*01	TRAJ33*01	TRBV20-1*01	TRBJ2-7*01	CALSDRLGGNNRLAF	tgtgctctgagtgatcgtctaggtgggaacaacagactcgctttt	CALSPFGDSNYQLIW	tgtgctctgagccctttcggggatagcaactatcagttaatctgg	CSARDPTGVPYEQYF	tgcagtgctagagaccctacgggagtcccctacgagcagtacttc	2	1	2	2	1
clonotype1445	UNK_S	1	TRAV12-1*01	TRAJ5*01			TRBV20-1*01	TRBJ2-3*01	CVVNGFHTGRRALTF	tgtgtggtgaacgggtttcacacgggcaggagagcacttactttt			CSARDDGTSTDTQYF	tgcagtgctagagatgacggtactagcacagatacgcagtatttt	1	0	1	1	1
clonotype1446	UNK_S	1	TRAV13-1*01	TRAJ15*01			TRBV20-1*01	TRBJ2-7*01	CAASRGSQAGTALIF	tgtgcagcaagtagggggagccaggcaggaactgctctgatcttt			CSARGTGTGSYEQYF	tgcagtgctagagggaccgggaccgggtcctacgagcagtacttc	1	0	1	1	1
clonotype1448	UNK_S	1	TRAV9-2*01	TRAJ8*01			TRBV20-1*01	TRBJ2-1*01	CALSASNTGFQKLVF	tgtgctctgagtgcctcgaacacaggctttcagaaacttgtattt			CSVYASGRPHNEQFF	tgcagtgtatatgcgagcgggaggccccacaatgagcagttcttc	1	0	1	1	1
clonotype1449	UNK_S	1	TRAV21*01	TRAJ5*01			TRBV18*01	TRBJ2-3*01	CAVSPGATGRRALTF	tgtgctgtgtccccgggggccacgggcaggagagcacttactttt			CASSVGADTQYF	tgtgccagctcagtcggggcagatacgcagtatttt	1	0	1	1	1
clonotype1450	UNK_S	1	TRAV8-3*01	TRAJ29*01			TRBV12-4*01	TRBJ1-2*01	CAVGAHSGNTPLVF	tgtgctgtgggtgcccattcaggaaacacacctcttgtcttt			CASSNLGGGYTF	tgtgccagcagcaacctcgggggtggctacaccttc	1	0	1	1	1
clonotype1451	UNK_S	1	TRAV8-4*01	TRAJ29*01	TRAV24*01	TRAJ45*01	TRBV12-5*01	TRBJ2-7*01	CAVTPRSGNTPLVF	tgtgctgtgaccccccggtcaggaaacacacctcttgtcttt	CASTGGGADGLTF	tgtgcctccaccggaggaggtgctgacggactcaccttt	CASGITPYEQYV	tgtgctagtggcatcaccccctacgagcagtacgtc	2	1	2	2	1
clonotype1452	UNK_S	1	TRAV8-1*01	TRAJ18*01			TRBV24-1*01	TRBJ2-1*01	CAVNRGSTLGRLYF	tgtgccgtgaacagaggctcaaccctggggaggctatacttt			CATSNSGGNEQFF	tgtgccaccagtaatagcgggggcaatgagcagttcttc	1	0	1	1	1
clonotype1453	UNK_S	1	TRAV8-4*01	TRAJ6*01			TRBV24-1*01	TRBJ1-5*01	CAVTASGGSYIPTF	tgtgctgtgaccgcatcaggaggaagctacatacctacattt			CATSDYPNQPQHF	tgtgccaccagtgattatcccaatcagccccagcatttt	1	0	1	1	1
clonotype1454	UNK_S	1	TRAV8-6*01	TRAJ29*01			TRBV24-1*01	TRBJ2-2*01	CAVRGGSGNTPLVF	tgtgctgtgaggggtggttcaggaaacacacctcttgtcttt			CATGTPNTGELFF	tgtgccaccgggacaccgaacaccggggagctgtttttt	1	0	1	1	1
clonotype1455	UNK_S	1	TRAV36/DV7*01	TRAJ23*01			TRBV28*01	TRBJ2-5*01	CAVESYNQGGKLIF	tgtgctgtggagtcgtataaccagggaggaaagcttatcttc			CASTPGTTETQYF	tgtgccagcactcccgggacaacagagacccagtacttc	1	0	1	1	1
clonotype1456	UNK_S	1	TRAV8-3*01	TRAJ22*01			TRBV28*01	TRBJ1-2*01	CAVVLRGSARQLTF	tgtgctgtggtcctacggggttctgcaaggcaactgaccttt			CASSTGQVPGYTF	tgtgccagcagtacaggacaggtcccaggctacaccttc	1	0	1	1	1
clonotype1457	UNK_S	1	TRAV38-1*01	TRAJ26*01			TRBV28*01	TRBJ1-2*01	CAFIDYGQNFVF	tgtgctttcatcgactatggtcagaattttgtcttt			CASSAGPRYGYTF	tgtgccagcagtgccgggccccgctatggctacaccttc	1	0	1	1	1
clonotype146	UNK_S	1	TRAV39*01	TRAJ41*01			TRBV29-1*01	TRBJ1-2*01	CAVPRSGYALNF	tgtgccgtgcctaggtccgggtatgcactcaacttc			CSGGDRGGYTF	tgcagcgggggggacaggggcggctacaccttc	1	0	1	1	1
clonotype1460	UNK_S	1	TRAV8-6*01	TRAJ3*01	TRAV8-2*01	TRAJ5*01	TRBV28*01	TRBJ2-4*01	CAVNGYSSASKIIF	tgtgctgtgaatgggtacagcagtgcttccaagataatcttt	CVVSLMDTGRRALTF	tgtgttgtgagtcttatggacacgggcaggagagcacttactttt	CASSFGDQNIQYF	tgtgccagcagtttcggggaccaaaacattcagtacttc	2	1	2	2	1
clonotype1461	UNK_S	1	TRAV12-2*01	TRAJ49*01			TRBV28*01	TRBJ1-5*01	CADPSSNTGNQFYF	tgtgccgatccttcttcgaacaccggtaaccagttctatttt			CASSDSSYQPQHF	tgtgccagttctgacagctcctatcagccccagcatttt	1	0	1	1	1
clonotype1462	UNK_S	1	TRAV36/DV7*01	TRAJ40*01			TRBV5-8*01	TRBJ2-6*01	CAVGSTSGTYKYIF	tgtgctgtggggtctacctcaggaacctacaaatacatcttt			CASSLSGANVLTF	tgtgccagcagcctctctggggccaacgtcctgactttc	1	0	1	1	1
clonotype1463	UNK_S	1	TRAV36/DV7*01	TRAJ40*01			TRBV5-8*01	TRBJ2-6*01	CAVVLSSGTYKYIF	tgtgctgtggttctctcctcaggaacctacaaatacatcttt			CASSLSGANVLTF	tgtgccagcagcttgtctggggccaacgtcctgactttc	1	0	1	1	1
clonotype1464	UNK_S	1	TRAV20*01	TRAJ37*01			TRBV7-9*01	TRBJ2-3*01	CAVQAGSSNTGKLIF	tgtgctgtgcaggccggctctagcaacacaggcaaactaatcttt			CASSLGSSTQYF	tgtgccagcagcttaggttccagtacgcagtatttt	1	0	1	1	1
clonotype1465	UNK_S	1	TRAV3*01	TRAJ29*01			TRBV7-3*01	TRBJ2-1*01	CAVRDILGNTPLVF	tgtgctgtgagagacattctaggaaacacacctcttgtcttt			CASSSGGHEQFF	tgtgccagcagctcaggagggcacgagcagttcttc	1	0	1	1	1
clonotype1466	UNK_S	1	TRAV8-4*01	TRAJ4*01	TRAV9-2*01	TRAJ10*01	TRBV11-2*01	TRBJ2-3*01	CAVSGSPSGGYNKLIF	tgtgctgtgagtggttccccgtctggtggctacaataagctgattttt	CALPILTGGGNKLTF	tgtgctcttcctatactcacgggaggaggaaacaaactcaccttt	CASSLTHDTQYF	tgtgccagcagcttaacgcatgatacgcagtatttt	2	1	2	2	1
clonotype1467	UNK_S	1	TRAV13-1*01	TRAJ36*01			TRBV7-8*01	TRBJ1-2*01	CAATADQTGANNLFF	tgtgcagcaactgccgatcaaactggggcaaacaacctcttcttt			CASSLGPLGCTF	tgtgccagcagcttaggtcccctcgggtgcaccttc	1	0	1	1	1
clonotype1468	UNK_S	1	TRAV9-2*01	TRAJ54*01			TRBV7-2*01	TRBJ2-1*01	CALSTHIQGAQKLVF	tgtgctctgagtactcacattcagggagcccagaagctggtattt			CASSSQSNEQFF	tgtgccagcagctcccagagcaatgagcagttcttc	1	0	1	1	1
clonotype1469	UNK_S	1	TRAV8-6*01	TRAJ48*01			TRBV7-6*01	TRBJ2-7*01	CAVTPNFGNEKLTF	tgtgctgtgaccccaaactttggaaatgagaaattaaccttt			CASSLGGGEQYF	tgtgccagcagcttaggagggggcgagcagtacttc	1	0	1	1	1
clonotype147	UNK_S	1	TRAV27*01	TRAJ49*01	TRAV22*01	TRAJ54*01	TRBV29-1*01	TRBJ2-5*01	CAGEERGTGNQFYF	tgtgcaggagaggagcggggcaccggtaaccagttctatttt	CAVWRGAQKLVF	tgtgctgtgtggcggggagcccagaagctggtattt	CSVGGQETQYF	tgcagcgtagggggccaagagacccagtacttc	2	1	2	2	1
clonotype1470	UNK_S	1	TRAV38-1*01	TRAJ29*01			TRBV10-1*01	TRBJ2-3*01	CASVSGNTPLVF	tgtgcttccgtgtcaggaaacacacctcttgtcttt			CASSESFSDTQYF	tgcgccagcagtgagtcgttctcagatacgcagtatttt	1	0	1	1	1
clonotype1471	UNK_S	1	TRAV13-1*01	TRAJ48*01			TRBV27*01	TRBJ2-7*01	CAAPVGVFGNEKLTF	tgtgcagcgcccgttggggtttttggaaatgagaaattaaccttt			CASRRQSSYEQYF	tgtgccagcaggcgacaaagctcctacgagcagtacttc	1	0	1	1	1
clonotype1472	UNK_S	1	TRAV24*01	TRAJ26*01			TRBV27*01	TRBJ2-7*01	CACANYGQNFVF	tgtgcctgcgctaactatggtcagaattttgtcttt			CASSYGGLYEQYF	tgtgccagcagttatggggggctctacgagcagtacttc	1	0	1	1	1
clonotype1473	UNK_S	1	TRAV13-1*01	TRAJ41*01			TRBV27*01	TRBJ2-1*01	CAASINSNSGYALNF	tgtgcagcaagtataaactcaaattccgggtatgcactcaacttc			CASSLKVKGEQFF	tgtgccagcagtttaaaagttaagggtgagcagttcttc	1	0	1	1	1
clonotype1474	UNK_S	1	TRAV5*01	TRAJ4*01			TRBV27*01	TRBJ2-4*01	CAESTPGGYNKLIF	tgtgcagagtcgacccctggtggctacaataagctgattttt			CASSLRQTNIQYF	tgtgccagcagtttaaggcagacaaacattcagtacttc	1	0	1	1	1
clonotype1475	UNK_S	1	TRAV21*01	TRAJ24*01			TRBV27*01	TRBJ2-7*01	CAVGGLTDSWGKLQF	tgtgctgtgggggggttaactgacagctgggggaaattgcagttt			CASSLGPAGEQYF	tgtgccagcagtttaggaccagcgggggagcagtacttc	1	0	1	1	1
clonotype1476	UNK_S	1	TRAV17*01	TRAJ18*01			TRBV27*01	TRBJ2-7*01	CGLYDRGSTLGRLYF	tgtggcttatacgacagaggctcaaccctggggaggctatacttt			CASMTSGSYEQYF	tgtgccagcatgactagcggctcctacgagcagtacttc	1	0	1	1	1
clonotype1479	UNK_S	1	TRAV8-4*01	TRAJ23*01	TRAV5*01	TRAJ26*01	TRBV5-4*01	TRBJ1-1*01	CAVSEVYNQGGKLIF	tgtgctgtgagtgaggtctataaccagggaggaaagcttatcttc	CAETHDNYGQNFVF	tgtgcagagactcacgataactatggtcagaattttgtcttt	CASSLDGRTEAFF	tgtgccagcagcttagacgggaggactgaagctttcttt	2	1	2	2	1
clonotype148	UNK_S	1	TRAV1-2*01	TRAJ18*01			TRBV29-1*01	TRBJ1-1*01	CAGDRGSTLGRLYF	tgtgctggcgacagaggctcaaccctggggaggctatacttt			CSVLGGTEAFF	tgcagcgtcctcgggggcactgaagctttcttt	1	0	1	1	1
clonotype1480	UNK_S	1	TRAV13-1*01	TRAJ4*01			TRBV5-1*01	TRBJ1-1*01	CAAVSVSGGYNKLIF	tgtgcagcagttagcgtttctggtggctacaataagctgattttt			CASSSGGNTEAFF	tgcgccagcagctctggggggaacactgaagctttcttt	1	0	1	1	1
clonotype1481	UNK_S	1	TRAV8-3*01	TRAJ32*01			TRBV5-1*01	TRBJ2-1*01	CAVGYGGATNKLIF	tgtgctgtgggttatggtggtgctacaaacaagctcatcttt			CASSLEGYNEQFF	tgcgccagcagcttggaaggttacaatgagcagttcttc	1	0	1	1	1
clonotype1482	UNK_S	1	TRAV8-6*01	TRAJ39*01			TRBV5-1*01	TRBJ1-1*01	CAVTRAEAGNMLTF	tgtgctgtgacccgagcagaggcaggcaacatgctcaccttt			CASSLEGQGARFF	tgcgccagcagcttggagggacagggggcgcgtttcttt	1	0	1	1	1
clonotype1483	UNK_S	1	TRAV8-2*01	TRAJ12*01			TRBV12-4*01	TRBJ2-1*01	CVVSRMDSSYKLIF	tgtgttgtgagccggatggatagcagctataaattgatcttc			CASSPSRLEQFF	tgtgccagcagcccgtctcggcttgagcagttcttc	1	0	1	1	1
clonotype1484	UNK_S	1	TRAV12-2*01	TRAJ4*01			TRBV3-1*01	TRBJ1-5*01	CAVYGSGGYNKLIF	tgtgccgtgtacggatctggtggctacaataagctgattttt			CASSQDMGQPQHF	tgtgccagcagccaagatatgggtcagccccagcatttt	1	0	1	1	1
clonotype1485	UNK_S	1	TRAV8-6*01	TRAJ4*01			TRBV3-1*01	TRBJ2-3*01	CAVSLSGGYNKLIF	tgtgctgtgagcctttctggtggctacaataagctgattttt			CASSQVGGDTQYF	tgtgccagcagccaagtcgggggggatacgcagtatttt	1	0	1	1	1
clonotype1487	UNK_S	1	TRAV10*01	TRAJ12*01			TRBV3-1*01	TRBJ2-5*01	CVVSSRGSYKLIF	tgtgtggtgagttcacgaggcagctataaattgatcttc			CASSHTSGETQYF	tgtgccagcagccatactagcggggagacccagtacttc	1	0	1	1	1
clonotype1488	UNK_S	1	TRAV17*01	TRAJ28*01			TRBV4-1*01	TRBJ2-7*01	CATVVSGAGSYQLTF	tgtgctacggttgtctctggggctgggagttaccaactcactttc			CASSQTGYREQYF	tgcgccagcagccaaacagggtatcgcgagcagtacttc	1	0	1	1	1
clonotype1492	UNK_S	1	TRAV12-2*01	TRAJ8*01			TRBV4-1*01	TRBJ2-2*01	CAVKENTGFQKLVF	tgtgccgtgaaggaaaacacaggctttcagaaacttgtattt			CASSHALGGELFF	tgcgccagcagccatgcattgggcggggagctgtttttt	1	0	1	1	1
clonotype1493	UNK_S	1	TRAV12-1*01	TRAJ29*01			TRBV4-3*01	TRBJ2-2*01	CVVNNPNSGNTPLVF	tgtgtggtgaacaatccgaattcaggaaacacacctcttgtcttt			CASGGTNTGELFF	tgcgccagcgggggtacgaacaccggggagctgtttttt	1	0	1	1	1
clonotype1494	UNK_S	1	TRAV12-1*01	TRAJ44*01			TRBV9*01	TRBJ2-1*01	CVVNSPTGTASKLTF	tgtgtggtgaacagccccaccggcactgccagtaaactcaccttt			CASTPGGGDEQFF	tgtgccagcaccccagggggaggggatgagcagttcttc	1	0	1	1	1
clonotype1495	UNK_S	1	TRAV8-6*01	TRAJ54*01			TRBV9*01	TRBJ2-4*01	CAVSDRQGAQKLVF	tgtgctgtgagtgatcggcagggagcccagaagctggtattt			CASSPRRADIQYF	tgtgccagcagcccccgcagggcggacattcagtacttc	1	0	1	1	1
clonotype1496	UNK_S	1	TRAV12-2*01	TRAJ3*01			TRBV9*01	TRBJ2-2*01	CAASLYSSASKIIF	tgtgccgcttccctgtacagcagtgcttccaagataatcttt			CASSPGDTGELFF	tgtgccagcagccctggggacaccggggagctgtttttt	1	0	1	1	1
clonotype1497	UNK_S	1	TRAV20*01	TRAJ57*01			TRBV9*01	TRBJ1-2*01	CAVQPDQGGSEKLVF	tgtgctgtgcagcccgatcagggcggatctgaaaagctggtcttt			CASSVLGGYGYTF	tgtgccagcagcgtactgggcggatatggctacaccttc	1	0	1	1	1
clonotype1498	UNK_S	1	TRAV10*01	TRAJ31*01			TRBV9*01	TRBJ2-1*01	CVVSASNNARLMF	tgtgtggtgagcgcgtccaacaatgccagactcatgttt			CASSVAGHNEQFF	tgtgccagcagcgtagcaggacacaatgagcagttcttc	1	0	1	1	1
clonotype1499	UNK_S	1	TRAV12-3*01	TRAJ20*01			TRBV9*01	TRBJ1-1*01	CAMGVSNDYKLSF	tgtgcaatgggggtttctaacgactacaagctcagcttt			CASSVMGNTEAFF	tgtgccagcagcgttatgggaaacactgaagctttcttt	1	0	1	1	1
clonotype15	UNK_S	4	TRAV5*01	TRAJ31*01			TRBV20-1*01	TRBJ1-2*01	CAEDNNARLMF	tgtgcagaggataacaatgccagactcatgttt			CSARDTVGNGYTF	tgcagtgctagagatacggtggggaatggctacaccttc	4	0	4	1	1
clonotype150	UNK_S	1	TRAV39*01	TRAJ49*01			TRBV20-1*01	TRBJ1-2*01	CAVDPYGNQFYF	tgtgccgtggacccatacggtaaccagttctatttt			CSGTANYGYTF	tgcagcgggacagctaactatggctacaccttc	1	0	1	1	1
clonotype1501	UNK_S	1	TRAV38-1*01	TRAJ34*01			TRBV15*01	TRBJ2-7*01	CAFMKHPDKLIF	tgtgctttcatgaagcaccccgacaagctcatcttt			CATSRDRGNEQYF	tgtgccaccagcagagatcggggtaacgagcagtacttc	1	0	1	1	1
clonotype1502	UNK_S	1	TRAV8-1*01	TRAJ15*01	TRAV13-1*01	TRAJ44*01	TRBV15*01	TRBJ2-5*01	CAVNIINQAGTALIF	tgtgccgtgaatatcattaaccaggcaggaactgctctgatcttt	CAAMTRGGTASKLTF	tgtgcagcaatgactcgaggcggcactgccagtaaactcaccttt	CATSRDLQETQYF	tgtgccaccagcagagatctccaagagacccagtacttc	2	1	2	2	1
clonotype1503	UNK_S	1	TRAV8-2*01	TRAJ33*01			TRBV6-4*01	TRBJ2-1*01	CVVSPFMDSNYQLIW	tgtgttgtgagccctttcatggatagcaactatcagttaatctgg			CASSEVAYNEQFF	tgtgccagcagtgaagtggcctacaatgagcagttcttc	1	0	1	1	1
clonotype1504	UNK_S	1	TRAV2*01	TRAJ8*01			TRBV19*01	TRBJ1-4*01	CAAGGNANTGFQKLVF	tgtgctgccggaggtaacgcgaacacaggctttcagaaacttgtattt			CASSLQEFEKLFF	tgtgccagtagtttacaggaatttgaaaaactgtttttt	1	0	1	1	1
clonotype1505	UNK_S	1	TRAV12-3*01	TRAJ29*01			TRBV19*01	TRBJ1-4*01	CAMTKNSGNTPLVF	tgtgcaatgactaaaaattcaggaaacacacctcttgtcttt			CATKGFANEKLFF	tgtgccactaagggattcgctaatgaaaaactgtttttt	1	0	1	1	1
clonotype1507	UNK_S	1	TRAV41*01	TRAJ53*01			TRBV19*01	TRBJ2-5*01	CAVRVNSGGSNYKLTF	tgtgctgtcagggtgaatagtggaggtagcaactataaactgacattt			CASSGSAGRTQYF	tgtgccagtagtgggagcgccgggcggacccagtacttc	1	0	1	1	1
clonotype1508	UNK_S	1	TRAV13-2*01	TRAJ5*01			TRBV6-6*01	TRBJ1-2*01	CAENISDTGRRALTF	tgtgcagagaatatatcggacacgggcaggagagcacttactttt			CALSAALNYGYTF	tgtgccctctcggcagcccttaactatggctacaccttc	1	0	1	1	1
clonotype1509	UNK_S	1	TRAV13-1*01	TRAJ40*01			TRBV6-5*01	TRBJ1-2*01	CAAYPGATSGTYKYIF	tgtgcagcctacccgggggctacctcaggaacctacaaatacatcttt			CASSRTESYGYTF	tgtgccagcagccggacagaatcttatggctacaccttc	1	0	1	1	1
clonotype151	UNK_S	1	TRAV13-1*01	TRAJ4*01	TRAV5*01	TRAJ13*01	TRBV30*01	TRBJ2-3*01	CAASSGNKLIF	tgtgcagcaagttcaggcaataagctgattttt	CAVPGIYSGGYQKVTF	tgtgcagtccctgggatttattctgggggttaccagaaagttaccttt	CAWSNGDTQYF	tgtgcctggagtaatggagatacgcagtatttt	2	1	2	2	1
clonotype1510	UNK_S	1	TRAV8-4*01	TRAJ53*01			TRBV6-5*01	TRBJ1-2*01	CAVRDSGGSNYKLTF	tgtgctgtgagggatagtggaggtagcaactataaactgacattt			CASSLRDGYGYTF	tgtgccagcagcctccgggacggctatggctacaccttc	1	0	1	1	1
clonotype1511	UNK_S	1	TRAV12-1*01	TRAJ48*01			TRBV6-5*01	TRBJ1-4*01	CVVNRLSNFGNEKLTF	tgtgtggtgaaccggctatctaactttggaaatgagaaattaaccttt			CASSSNLDEKLFF	tgtgccagcagttcgaatctcgatgaaaaactgtttttt	1	0	1	1	1
clonotype1512	UNK_S	1	TRAV17*01	TRAJ4*01			TRBV6-5*01	TRBJ1-5*01	CATDLVFSGGYNKLIF	tgtgctacggacctagttttttctggtggctacaataagctgattttt			CASSRGGEGPQHF	tgtgccagctcgagggggggagaggggccccagcatttt	1	0	1	1	1
clonotype1513	UNK_S	1	TRAV30*01	TRAJ52*01			TRBV6-1*01	TRBJ2-7*01	CGTGNAGGTSYGKLTF	tgcggcacggggaatgctggtggtactagctatggaaagctgacattt			CASTGVTSYEQYF	tgtgccagcacgggagtaacgtcctacgagcagtacttc	1	0	1	1	1
clonotype1514	UNK_S	1	TRAV12-3*01	TRAJ53*01			TRBV6-1*01	TRBJ2-7*01	CAMYSGGSNYKLTF	tgtgcaatgtatagtggaggtagcaactataaactgacattt			CASRKESSYEQYV	tgtgccagcagaaaagagagttcctacgagcagtacgtc	1	0	1	1	1
clonotype1515	UNK_S	1	TRAV5*01	TRAJ27*01			TRBV6-1*01	TRBJ2-7*01	CAESKGNTNAGKSTF	tgtgcagagagtaaggggaacaccaatgcaggcaaatcaaccttt			CASSGPVVYEQYF	tgtgccagcagtggacccgtggtctacgagcagtacttc	1	0	1	1	1
clonotype1516	UNK_S	1	TRAV17*01	TRAJ28*01			TRBV6-2*01	TRBJ1-6*01	CATDTYSGAGSYQLTF	tgtgctacggatacctactctggggctgggagttaccaactcactttc			CATRGFVGSPLHF	tgtgccacgagggggttcgtcggttcacccctccacttt	1	0	1	1	1
clonotype1517	UNK_S	1	TRAV8-4*01	TRAJ44*01			TRBV30*01	TRBJ1-6*01	CAVSDPTGTASKLTF	tgtgctgtgagtgatccgactggcactgccagtaaactcaccttt			CARRAAWTPNSPLHF	tgtgcccgtcgtgcggcgtggacccctaattcacccctccacttt	1	0	1	1	1
clonotype1519	UNK_S	1	TRAV13-2*01	TRAJ5*01			TRBV30*01	TRBJ1-4*01	CAENWEDTGRRALTF	tgtgcagagaattgggaggacacgggcaggagagcacttactttt			CAWRGGGTANEKLFF	tgtgcctggaggggaggagggacggctaatgaaaaactgtttttt	1	0	1	1	1
clonotype152	UNK_S	1	TRAV41*01	TRAJ42*01			TRBV29-1*01	TRBJ2-5*01	CAVRGQGNLIF	tgtgctgtcagaggtcaaggaaatctcatcttt			CSGGSGRAQYF	tgcagcgggggtagcgggagggcccagtacttc	1	0	1	1	1
clonotype1520	UNK_S	1	TRAV9-2*01	TRAJ38*01			TRBV30*01	TRBJ2-5*01	CALSRPNAGNNRKLIW	tgtgctctgagccgacctaatgctggcaacaaccgtaagctgatttgg			CAWSQPGLAKETQYF	tgtgcctggagtcagccgggactagcgaaagagacccagtacttc	1	0	1	1	1
clonotype1521	UNK_S	1	TRAV38-1*01	TRAJ54*01			TRBV30*01	TRBJ2-2*01	CAFMGQGAQKLVF	tgtgctttcatgggccagggagcccagaagctggtattt			CAWKYWQGVPGELFF	tgtgcctggaagtattggcagggagtccccggggagctgtttttt	1	0	1	1	1
clonotype1522	UNK_S	1	TRAV9-2*01	TRAJ23*01			TRBV30*01	TRBJ1-5*01	CALISMIYNQGGKLIF	tgtgctctgatcagtatgatttataaccagggaggaaagcttatcttc			CAWRPPGQAHQPQHF	tgtgcctggaggccccctggacaggcccatcagccccagcatttt	1	0	1	1	1
clonotype1523	UNK_S	1	TRAV12-3*01	TRAJ9*01	TRAV6*01	TRAJ45*01	TRBV30*01	TRBJ1-4*01	CAMSANTGGFKTIF	tgtgcaatgagcgcaaatactggaggcttcaaaactatcttt	CALAPPRTGGGADGLTF	tgtgctctagcccccccgcgcaccggaggaggtgctgacggactcaccttt	CAWSTSDRFYEKLFF	tgtgcctggagtacctcggaccgattctatgaaaaactgtttttt	2	1	2	2	1
clonotype1524	UNK_S	1	TRAV24*01	TRAJ27*01			TRBV29-1*01	TRBJ2-1*01	CASYNTNAGKSTF	tgtgcctcttataacaccaatgcaggcaaatcaaccttt			CSVHSGLAGVSEQFF	tgcagcgttcatagcggactagcgggagtaagtgagcagttcttc	1	0	1	1	1
clonotype1525	UNK_S	1	TRAV38-2/DV8*01	TRAJ40*01			TRBV29-1*01	TRBJ2-1*01	CAYRSSGTYKYIF	tgtgcttataggagttcaggaacctacaaatacatcttt			CSVEAVRTWYNEQFF	tgcagcgttgaagctgtcaggacctggtacaatgagcagttcttc	1	0	1	1	1
clonotype1527	UNK_S	1	TRAV8-3*01	TRAJ17*01			TRBV20-1*01	TRBJ2-3*01	CAVGARGAAGNKLTF	tgtgctgtgggtgcgcggggagctgcaggcaacaagctaactttt			CSASYTSGRFHTQYF	tgcagtgcttcgtatactagcgggagattccatacgcagtatttt	1	0	1	1	1
clonotype1528	UNK_S	1	TRAV8-1*01	TRAJ3*01			TRBV20-1*01	TRBJ2-2*01	CAVNAGYSSASKIIF	tgtgccgtgaatgctgggtacagcagtgcttccaagataatcttt			CSAKFAGQNTGELFF	tgcagtgctaagtttgcggggcaaaacaccggggagctgtttttt	1	0	1	1	1
clonotype1529	UNK_S	1	TRAV38-2/DV8*01	TRAJ31*01			TRBV20-1*01	TRBJ2-3*01	CAYRMNNNARLMF	tgtgcttataggatgaataacaatgccagactcatgttt			CSASSRRGTGDTQYF	tgcagtgctagtagtcgccgggggacgggagatacgcagtatttt	1	0	1	1	1
clonotype153	UNK_S	1	TRAV27*01	TRAJ40*01			TRBV20-1*01	TRBJ2-7*01	CAGPSSGTYKYIF	tgtgcaggtccctcctcaggaacctacaaatacatcttt			CSALGLSEQYV	tgcagtgctttgggactcagcgagcagtacgtc	1	0	1	1	1
clonotype1530	UNK_S	1	TRAV12-3*01	TRAJ52*01			TRBV20-1*01	TRBJ2-3*01	CASAGGTSYGKLTF	tgtgcgtctgctggtggtactagctatggaaagctgacattt			CSASGSRSSTDTQYF	tgcagtgctagtggctctagatctagcacagatacgcagtatttt	1	0	1	1	1
clonotype1531	UNK_S	1	TRAV3*01	TRAJ37*01	TRAV19*01	TRAJ43*01	TRBV20-1*01	TRBJ2-7*01	CAVRDGRGSSNTGKLIF	tgtgctgtgagagacggtagaggctctagcaacacaggcaaactaatcttt	CALRVSRNNDMRF	tgtgctctgagggtatctcgtaacaatgacatgcgcttt	CSAPRRGTRAYEQYF	tgcagtgctccccggagggggactcgagcctacgagcagtacttc	2	1	2	2	1
clonotype1532	UNK_S	1	TRAV12-2*01	TRAJ42*01			TRBV18*01	TRBJ1-1*01	CAVPTYGGSQGNLIF	tgtgccgtgcccacttatggaggaagccaaggaaatctcatcttt			CASSPDSRTAFF	tgtgccagctcaccagacagtaggacggctttcttt	1	0	1	1	1
clonotype1535	UNK_S	1	TRAV21*01	TRAJ57*01			TRBV28*01	TRBJ1-1*01	CAAHALTQGGSEKLVF	tgtgctgcccacgcactaactcagggcggatctgaaaagctggtcttt			CASKQRDKTEAFF	tgtgccagcaaacagagggataagactgaagctttcttt	1	0	1	1	1
clonotype1536	UNK_S	1	TRAV12-3*01	TRAJ58*01			TRBV28*01	TRBJ2-3*01	CAMSEGTSGSRLTF	tgtgcaatgagcgaaggaaccagtggctctaggttgaccttt			CASTRGGTDTQYF	tgtgccagcacgcgagggggcacagatacgcagtatttt	1	0	1	1	1
clonotype1537	UNK_S	1	TRAV13-1*01	TRAJ3*01			TRBV28*01	TRBJ2-2*01	CAVSHRGYSSASKIIF	tgtgcagtatctcaccgggggtacagcagtgcttccaagataatcttt			CASRQGAVGELFF	tgtgccagcagacagggggcggtcggggagctgtttttt	1	0	1	1	1
clonotype1538	UNK_S	1	TRAV13-1*01	TRAJ40*01			TRBV28*01	TRBJ2-5*01	CAALPDSTSGTYKYIF	tgtgcagccctgcccgactctacctcaggaacctacaaatacatcttt			CASSRTGPATQYF	tgtgccagcagccggacagggcctgcgacccagtacttc	1	0	1	1	1
clonotype1539	UNK_S	1	TRAV8-4*01	TRAJ36*01			TRBV28*01	TRBJ1-4*01	CAVSEGFTGANNLFF	tgtgctgtgagtgaaggctttactggggcaaacaacctcttcttt			CASSLLQGEKLFF	tgtgccagcagtttattacagggcgaaaaactgtttttt	1	0	1	1	1
clonotype154	UNK_S	1	TRAV38-1*01	TRAJ50*01	TRAV17*01	TRAJ23*01	TRBV20-1*01	TRBJ2-7*01	CAFMKLGTSYDKVIF	tgtgctttcatgaagctgggaacctcctacgacaaggtgatattt	CATDQGGKLIF	tgtgctacggaccagggaggaaagcttatcttc	CSARVGTGVYF	tgcagtgctagagttgggacaggggtctacttc	2	1	2	2	1
clonotype1540	UNK_S	1	TRAV8-3*01	TRAJ42*01			TRBV28*01	TRBJ1-5*01	CAVGGYGGSQGNLIF	tgtgctgtgggagggtatggaggaagccaaggaaatctcatcttt			CAITGRFNQPQHF	tgtgccatcaccggacggttcaatcagccccagcatttt	1	0	1	1	1
clonotype1541	UNK_S	1	TRAV13-1*01	TRAJ34*01			TRBV28*01	TRBJ2-2*01	CAAPQGPLYNTDKLIF	tgtgcagcaccccagggccctctttataacaccgacaagctcatcttt			CAILRSNTGELFF	tgtgccattctccggtcgaacaccggggagctgtttttt	1	0	1	1	1
clonotype1542	UNK_S	1	TRAV38-2/DV8*01	TRAJ49*01	TRAV13-2*01	TRAJ32*01	TRBV10-3*01	TRBJ1-1*01	CAYRSANTGNQFYF	tgtgcttataggagcgcgaacaccggtaaccagttctatttt	CAERGSSGATNKLIF	tgtgcagagcgggggtcttcgggtgctacaaacaagctcatcttt	CAISRDSNTEAFF	tgtgccatcagtcgggactcgaacactgaagctttcttt	2	1	2	2	1
clonotype1543	UNK_S	1	TRAV12-3*01	TRAJ54*01			TRBV10-3*01	TRBJ2-5*01	CAMSASQGAQKLVF	tgtgcaatgagcgcgagccagggagcccagaagctggtattt			CAIRAGTQETQYF	tgtgccatcagagccgggactcaggagacccagtacttc	1	0	1	1	1
clonotype1544	UNK_S	1	TRAV12-2*01	TRAJ6*01			TRBV7-9*01	TRBJ2-1*01	CAASHASGGSYIPTF	tgtgccgcttctcatgcatcaggaggaagctacatacctacattt			CASSFSGNEQFF	tgtgccagcagctttagcgggaatgagcagttcttc	1	0	1	1	1
clonotype1545	UNK_S	1	TRAV14/DV4*01	TRAJ54*01	TRAV9-2*01	TRAJ52*01	TRBV7-9*01	TRBJ2-3*01	CAMREGVRIQGAQKLVF	tgtgcaatgagagagggcgtgaggattcagggagcccagaagctggtattt	CALTRAGGTSYGKLTF	tgtgctctgacccgcgctggtggtactagctatggaaagctgacattt	CASSILTDTQYF	tgtgccagcagcattctaacagatacgcagtatttt	2	1	2	2	1
clonotype1546	UNK_S	1	TRAV8-4*01	TRAJ16*01			TRBV27*01	TRBJ2-1*01	CAVSDRVSDGQKLLF	tgtgctgtgagtgatcgggtttcagatggccagaagctgctcttt			CASSARTYNEQFF	tgtgccagcagtgccaggacttacaatgagcagttcttc	1	0	1	1	1
clonotype1547	UNK_S	1	TRAV17*01	TRAJ18*01			TRBV5-6*01	TRBJ2-5*01	CATDVSRGSTLGRLYF	tgtgctacggacgttagcagaggctcaaccctggggaggctatacttt			CASSPDRKETQYF	tgtgccagcagcccggacagaaaagagacccagtacttc	1	0	1	1	1
clonotype1548	UNK_S	1	TRAV38-1*01	TRAJ48*01			TRBV5-6*01	TRBJ1-6*01	CAFSNFGNEKLTF	tgtgctttttcgaactttggaaatgagaaattaaccttt			CASSRDGGSALHF	tgtgccagcagccgggacggcgggtcggccctccacttt	1	0	1	1	1
clonotype1549	UNK_S	1	TRAV9-2*01	TRAJ53*01			TRBV5-4*01	TRBJ2-7*01	CALSDASGGSNYKLTF	tgtgctctgagtgatgctagtggaggtagcaactataaactgacattt			CASSPRDSYEQYF	tgtgccagcagcccccgggacagctacgagcagtacttc	1	0	1	1	1
clonotype155	UNK_S	1	TRAV34*01	TRAJ36*01			TRBV29-1*01	TRBJ1-2*01	CGADRGANNLFF	tgtggagcagaccggggggcaaacaacctcttcttt			CSAGTGVGYTF	tgcagcgcagggacaggggttggctacaccttc	1	0	1	1	1
clonotype1550	UNK_S	1	TRAV8-4*01	TRAJ54*01			TRBV5-4*01	TRBJ2-1*01	CAVSPRIQGAQKLVF	tgtgctgtgagtcctagaattcagggagcccagaagctggtattt			CASSLGGTHEQFF	tgtgccagcagcttgggagggacgcatgagcagttcttc	1	0	1	1	1
clonotype1551	UNK_S	1	TRAV12-3*01	TRAJ6*01			TRBV5-5*01	TRBJ2-2*01	CAMSGSGGSYIPTF	tgtgcaatgagcggctcaggaggaagctacatacctacattt			CASSLFNTGELFF	tgtgccagcagcctgtttaacaccggggagctgtttttt	1	0	1	1	1
clonotype1552	UNK_S	1	TRAV2*01	TRAJ37*01			TRBV5-1*01	TRBJ1-2*01	CAVHPKGSSNTGKLIF	tgtgctgttcatcccaaggggtctagcaacacaggcaaactaatcttt			CASSPDGGPGYTF	tgcgccagcagccccgacggggggcccggctacaccttc	1	0	1	1	1
clonotype1553	UNK_S	1	TRAV13-1*01	TRAJ42*01			TRBV5-1*01	TRBJ2-3*01	CAASPYYGGSQGNLIF	tgtgcagcaagcccgtattatggaggaagccaaggaaatctcatcttt			CASSPGTSHTQYF	tgcgccagcagccccgggacttcccatacgcagtatttt	1	0	1	1	1
clonotype1554	UNK_S	1	TRAV3*01	TRAJ29*01			TRBV5-1*01	TRBJ2-1*01	CAVRDLISGNTPLVF	tgtgctgtgagagacctaatatcaggaaacacacctcttgtcttt			CASSPAGFNEQFF	tgcgccagcagcccggcagggttcaatgagcagttcttc	1	0	1	1	1
clonotype1555	UNK_S	1	TRAV8-4*01	TRAJ15*01			TRBV5-1*01	TRBJ2-7*01	CAVSDLNQAGTALIF	tgtgctgtgagtgacctaaaccaggcaggaactgctctgatcttt			CASSVGTSYEQYF	tgcgccagcagcgttggaacctcctacgagcagtacttc	1	0	1	1	1
clonotype1556	UNK_S	1	TRAV10*01	TRAJ40*01			TRBV5-1*01	TRBJ2-7*01	CVVSTTSGTYKYIF	tgtgtggtgtctactacctcaggaacctacaaatacatcttt			CASSLAESYEQYF	tgcgccagcagcttggcggaatcctacgagcagtacttc	1	0	1	1	1
clonotype1557	UNK_S	1	TRAV38-1*01	TRAJ23*01			TRBV12-4*01	TRBJ1-2*01	CAFMRYQGGKLIF	tgtgctttcatgaggtaccagggaggaaagcttatcttc			CASSLGAGGYTF	tgtgccagcagtttaggggcaggcggctacaccttc	1	0	1	1	1
clonotype1559	UNK_S	1	TRAV30*01	TRAJ28*01			TRBV3-1*01	TRBJ1-2*01	CGTESRPGAGSYQLTF	tgcggcacagagtctcgccctggggctgggagttaccaactcactttc			CASSLYTGVGYTF	tgtgccagcagcctttatacaggggtcggctacaccttc	1	0	1	1	1
clonotype1560	UNK_S	1	TRAV9-2*01	TRAJ42*01			TRBV4-3*01	TRBJ1-3*01	CALKMNYGGSQGNLIF	tgtgctctgaagatgaattatggaggaagccaaggaaatctcatcttt			CASSQDPGNTIYF	tgcgccagcagccaagacccaggaaacaccatatatttt	1	0	1	1	1
clonotype1561	UNK_S	1	TRAV8-4*01	TRAJ13*01			TRBV4-3*01	TRBJ2-4*01	CAVSEITGGYQKVTF	tgtgctgtgagtgagatcactgggggttaccagaaagttaccttt			CASSPGLENIQYF	tgcgccagcagcccgggactagagaacattcagtacttc	1	0	1	1	1
clonotype1562	UNK_S	1	TRAV10*01	TRAJ35*01			TRBV9*01	TRBJ1-6*01	CVVSPIGFGNVLHC	tgtgtggtgagccctataggctttgggaatgtgctgcattgc			CASSATENSPLHF	tgtgccagcagcgccacagagaattcacccctccacttt	1	0	1	1	1
clonotype1563	UNK_S	1	TRAV10*01	TRAJ39*01	TRAV14/DV4*01	TRAJ42*01	TRBV9*01	TRBJ2-4*01	CVVSATNAGNMLTF	tgtgtggtgagcgcgacgaatgcaggcaacatgctcaccttt	CAMRESSYGGSQGNLIF	tgtgcaatgagagagagctcctatggaggaagccaaggaaatctcatcttt	CASSVGVANIQYF	tgtgccagcagcgtaggggttgcaaacattcagtacttc	2	1	2	2	1
clonotype1564	UNK_S	1	TRAV12-3*01	TRAJ26*01			TRBV15*01	TRBJ2-1*01	CAMSPDNYGQNFVF	tgtgcaatgagccctgataactatggtcagaattttgtcttt			CATSRSLADEQFF	tgtgccaccagcaggtcactagcggatgagcagttcttc	1	0	1	1	1
clonotype1566	UNK_S	1	TRAV12-2*01	TRAJ5*01			TRBV19*01	TRBJ2-4*01	CAVTPKADPGRRALTF	tgtgccgtgaccccgaaagcagatccgggcaggagagcacttactttt			CASSSNGPTFQYF	tgtgccagtagtagtaacggacccacatttcagtacttc	1	0	1	1	1
clonotype1568	UNK_S	1	TRAV12-3*01	TRAJ37*01			TRBV6-6*01	TRBJ2-7*01	CAMSRGSSNTGKLIF	tgtgcaatgagccggggctctagcaacacaggcaaactaatcttt			CASSRDRDLEQYV	tgtgccagcagccgggacagggatctcgagcagtacgtc	1	0	1	1	1
clonotype1569	UNK_S	1	TRAV8-3*01	TRAJ32*01			TRBV30*01	TRBJ1-1*01	CAVGPAGGGATNKLIF	tgtgctgtgggtcccgctgggggtggtgctacaaacaagctcatcttt			CAWRFRDRANTEAFF	tgtgcctggaggttccgggacagggcgaacactgaagctttcttt	1	0	1	1	1
clonotype157	UNK_S	1	TRAV21*01	TRAJ57*01			TRBV29-1*01	TRBJ1-2*01	CAAQGGSEKLVF	tgtgctgctcagggcggatctgaaaagctggtcttt			CSVGKAYGYTF	tgcagcgttgggaaagcgtatggctacaccttc	1	0	1	1	1
clonotype1570	UNK_S	1	TRAV13-1*01	TRAJ39*01			TRBV29-1*01	TRBJ2-7*01	CAASKRGMNNAGNMLTF	tgtgcagcaagtaaaaggggtatgaataatgcaggcaacatgctcaccttt			CSVRTISASTYEQYF	tgcagcgtccgcacaatctccgcaagtacctacgagcagtacttc	1	0	1	1	1
clonotype1571	UNK_S	1	TRAV14/DV4*01	TRAJ22*01			TRBV29-1*01	TRBJ1-1*01	CAMREQGSARQLTF	tgtgcaatgagagagcaaggttctgcaaggcaactgaccttt			CSVAGDSIMNTEAFF	tgcagcgttgcgggggacagtattatgaacactgaagctttcttt	1	0	1	1	1
clonotype1572	UNK_S	1	TRAV8-3*01	TRAJ45*01			TRBV20-1*01	TRBJ2-3*01	CAVGAPRGGGADGLTF	tgtgctgtgggtgcgcctaggggaggaggtgctgacggactcaccttt			CSARDGTSSPDTQYF	tgcagtgctagggacgggactagcagtccagatacgcagtatttt	1	0	1	1	1
clonotype1574	UNK_S	1	TRAV3*01	TRAJ3*01			TRBV20-1*01	TRBJ2-5*01	CAVRPPFSSSASKIIF	tgtgctgtgagaccccctttctccagcagtgcttccaagataatcttt			CSAIREKGWGETQYF	tgcagtgctatccgggagaagggatggggggagacccagtacttc	1	0	1	1	1
clonotype1576	UNK_S	1	TRAV38-1*01	TRAJ40*01			TRBV18*01	TRBJ2-7*01	CAFMPNSGTYKYIF	tgtgctttcatgcccaactcaggaacctacaaatacatcttt			CASSPSVYEQYF	tgtgccagctcaccatcagtctacgagcagtacttc	1	0	1	1	1
clonotype1577	UNK_S	1	TRAV38-1*01	TRAJ33*01			TRBV2*01	TRBJ1-2*01	CAFMKQVSNYQLIW	tgtgctttcatgaagcaagtctccaactatcagttaatctgg			CASNGDRAGYTF	tgtgccagcaatggggacagggcgggctacaccttc	1	0	1	1	1
clonotype1578	UNK_S	1	TRAV36/DV7*01	TRAJ42*01			TRBV2*01	TRBJ1-1*01	CAVGTLYGGSQGNLIF	tgtgctgtcggaaccctttatggaggaagccaaggaaatctcatcttt			CASRGDSSGAFF	tgtgccagcagaggggacagctccggggctttcttt	1	0	1	1	1
clonotype1579	UNK_S	1	TRAV14/DV4*01	TRAJ58*01			TRBV2*01	TRBJ1-2*01	CAMREETSGSRLTF	tgtgcaatgagagaggaaaccagtggctctaggttgaccttt			CASSAAGHGYTF	tgtgccagcagtgcggcgggccatggctacaccttc	1	0	1	1	1
clonotype158	UNK_S	1	TRAV21*01	TRAJ29*01			TRBV20-1*01	TRBJ1-4*01	CAVGIGNTPLVF	tgtgctgtgggaataggaaacacacctcttgtcttt			CSANQGEKLFF	tgcagtgctaaccagggagaaaaactgtttttt	1	0	1	1	1
clonotype1580	UNK_S	1	TRAV13-2*01	TRAJ4*01			TRBV12-5*01	TRBJ2-3*01	CAENFLFSGGYNKLIF	tgtgcagagaatttcctgttttctggtggctacaataagctgattttt			CASGFVRDTQYF	tgtgctagtggtttcgtccgagatacgcagtatttt	1	0	1	1	1
clonotype1581	UNK_S	1	TRAV38-1*01	TRAJ57*01			TRBV28*01	TRBJ2-1*01	CAFIGQGGSEKLVF	tgtgctttcatcgggcagggcggatctgaaaagctggtcttt			CATTRTPGNEQFF	tgtgccactaccaggacacctggtaatgagcagttcttc	1	0	1	1	1
clonotype1582	UNK_S	1	TRAV12-3*01	TRAJ33*01			TRBV28*01	TRBJ2-7*01	CAMILKRDSNYQLIW	tgtgcaatgatcttgaaacgggatagcaactatcagttaatctgg			CASSWVSPGEQYF	tgtgccagcagttgggtatcccccggcgagcagtacttc	1	0	1	1	1
clonotype1583	UNK_S	1	TRAV38-1*01	TRAJ24*01			TRBV5-8*01	TRBJ1-2*01	CAFMNFDSWGKLQF	tgtgctttcatgaattttgacagctgggggaaattgcagttt			CASTQQGNYGYTF	tgtgccagcacccaacagggaaactatggctacaccttc	1	0	1	1	1
clonotype1584	UNK_S	1	TRAV8-6*01	TRAJ18*01			TRBV10-3*01	TRBJ2-1*01	CAVSGGGGSTLGRLYF	tgtgctgtgagtgggggcggaggctcaaccctggggaggctatacttt			CAISESEAGSKFF	tgtgccatcagtgagtcagaagcgggaagtaagttcttc	1	0	1	1	1
clonotype1585	UNK_S	1	TRAV13-1*01	TRAJ24*01			TRBV7-9*01	TRBJ1-1*01	CAASRPETTDSWGKLQF	tgtgcagcaagtagaccggagacaactgacagctgggggaaattgcagttt			CASSWRDTEAFF	tgtgccagcagctggcgagacactgaagctttcttt	1	0	1	1	1
clonotype1586	UNK_S	1	TRAV8-6*01	TRAJ45*01			TRBV7-9*01	TRBJ1-5*01	CAVSYGGRGGADGLTF	tgtgctgtgtcctacggagggaggggaggtgctgacggactcaccttt			CASTKGGQPQHF	tgtgccagcaccaaggggggtcagccccagcatttt	1	0	1	1	1
clonotype1587	UNK_S	1	TRAV14/DV4*01	TRAJ23*01			TRBV7-9*01	TRBJ2-5*01	CAMRFYNQGGKLIF	tgtgcaatgaggttttataaccagggaggaaagcttatcttc			CASSPTPETQYF	tgtgccagcagccccaccccagagacccagtacttc	1	0	1	1	1
clonotype1588	UNK_S	1	TRAV12-1*01	TRAJ52*01			TRBV7-9*01	TRBJ2-7*01	CVVNIIVRGTSYGKLTF	tgtgtggtgaacatcattgtccgtggtactagctatggaaagctgacattt			CASSFTPYEQYF	tgtgccagcagcttcaccccctacgagcagtacttc	1	0	1	1	1
clonotype1589	UNK_S	1	TRAV17*01	TRAJ28*01			TRBV10-1*01	TRBJ1-2*01	CACPGTDSGAGSYQLTF	tgtgcttgtccgggaacggactctggggctgggagttaccaactcactttc			CASSPGIEGSYTF	tgcgccagcagccccgggatcgaaggtagctacaccttc	1	0	1	1	1
clonotype159	UNK_S	1	TRAV12-1*01	TRAJ42*01			TRBV29-1*01	TRBJ2-1*01	CVVDGGSQGNLIF	tgtgtggtggacggaggaagccaaggaaatctcatcttt			CSVRDRGEQFF	tgcagcgtaagggacaggggtgagcagttcttc	1	0	1	1	1
clonotype1590	UNK_S	1	TRAV38-2/DV8*01	TRAJ43*01			TRBV27*01	TRBJ2-5*01	CAYRIPYNNNDMRF	tgtgcttataggatcccgtacaataacaatgacatgcgcttt			CASRPAVIETQYF	tgtgccagcagacctgcggtgatcgagacccagtacttc	1	0	1	1	1
clonotype1591	UNK_S	1	TRAV8-3*01	TRAJ42*01			TRBV27*01	TRBJ1-1*01	CAVGGKDGGSQGNLIF	tgtgctgtgggtggtaaggatggaggaagccaaggaaatctcatcttt			CASSLKGWTEAFF	tgtgccagcagtttaaaggggtggactgaagctttcttt	1	0	1	1	1
clonotype1592	UNK_S	1	TRAV14/DV4*01	TRAJ33*01			TRBV27*01	TRBJ1-1*01	CAMRVEDSNYQLIW	tgtgcaatgagagtggaggatagcaactatcagttaatctgg			CASSLYRMTEAFF	tgtgccagcagtttatatagaatgactgaagctttcttt	1	0	1	1	1
clonotype1593	UNK_S	1	TRAV8-6*01	TRAJ52*01			TRBV27*01	TRBJ2-7*01	CAVHNAGGTSYGKLTF	tgtgctgtgcataatgctggtggtactagctatggaaagctgacattt			CASSFMLPYEQYF	tgtgccagcagttttatgctgccctacgagcagtacttc	1	0	1	1	1
clonotype1594	UNK_S	1	TRAV38-1*01	TRAJ33*01			TRBV5-6*01	TRBJ2-2*01	CAFMKLDSNYQLIW	tgtgctttcatgaagctggatagcaactatcagttaatctgg			CASSLVGFGELFF	tgtgccagcagcttggtgggcttcggggagctgtttttt	1	0	1	1	1
clonotype1595	UNK_S	1	TRAV17*01	TRAJ52*01	TRAV24*01	TRAJ58*01	TRBV5-4*01	TRBJ2-3*01	CATDADAGGTSYGKLTF	tgtgctacggacgcggatgctggtggtactagctatggaaagctgacattt	CAFICEVGETSGSRLTF	tgtgcctttatttgtgaggttggggaaaccagtggctctaggttgaccttt	CASRYVGADTQYF	tgtgccagcagatatgtgggtgcagatacgcagtatttt	2	1	2	2	1
clonotype1596	UNK_S	1	TRAV19*01	TRAJ11*01			TRBV5-5*01	TRBJ2-1*01	CALIMNSGYSTLTF	tgtgctctgatcatgaattcaggatacagcaccctcaccttt			CASSFSPANEQFF	tgtgccagcagcttcagtcctgccaatgagcagttcttc	1	0	1	1	1
clonotype1597	UNK_S	1	TRAV19*01	TRAJ11*01			TRBV5-4*01	TRBJ1-1*01	CALSSESGYSTLTF	tgtgctctgagctcggagtcaggatacagcaccctcaccttt			CASSSEVHSEAFF	tgtgccagcagctctgaggtccactctgaagctttcttt	1	0	1	1	1
clonotype1598	UNK_S	1	TRAV38-1*01	TRAJ48*01			TRBV5-4*01	TRBJ1-2*01	CAFTFSFGNEKLTF	tgtgctttcactttttcctttggaaatgagaaattaaccttt			CASSLAGDYGYTF	tgtgccagcagcttggcaggggactatggctacaccttc	1	0	1	1	1
clonotype1599	UNK_S	1	TRAV8-4*01	TRAJ23*01	TRAV38-1*01	TRAJ53*01	TRBV5-1*01	TRBJ2-7*01	CAVSDRVYNQGGKLIF	tgtgctgtgagtgatcgggtttataaccagggaggaaagcttatcttc	CAFMKEGRSGGSNYKLTF	tgtgctttcatgaaggagggacggagtggaggtagcaactataaactgacattt	CASSLAGGYEQYF	tgcgccagcagcttagcagggggctacgagcagtacttc	2	1	2	2	1
clonotype160	UNK_S	1	TRAV12-2*01	TRAJ32*01			TRBV29-1*01	TRBJ2-7*01	CAVRGATNKLIF	tgtgccgttcgtggtgctacaaacaagctcatcttt			CSVGIAYEQYF	tgcagcgtcgggattgcctacgagcagtacttc	1	0	1	1	1
clonotype1600	UNK_S	1	TRAV14/DV4*01	TRAJ47*01			TRBV3-1*01	TRBJ2-5*01	CAMREGGYGNKLVF	tgtgcaatgagagagggcggatatggaaacaagctggtcttt			CASSRRDRGTQYF	tgtgccagcagccgccgggacagggggacccagtacttc	1	0	1	1	1
clonotype1601	UNK_S	1	TRAV12-2*01	TRAJ45*01	TRAV29/DV5*01	TRAJ35*01	TRBV4-3*01	TRBJ1-3*01	CAAASYSGGGADGLTF	tgtgccgcggcgtcgtattcaggaggaggtgctgacggactcaccttt	CAASGGFGNVLHC	tgtgcagcaagcggcggctttgggaatgtgctgcattgc	CASSQVTGDTIYF	tgcgccagcagccaggtcaccggagacaccatatatttt	2	1	2	2	1
clonotype1602	UNK_S	1	TRAV8-4*01	TRAJ4*01			TRBV9*01	TRBJ2-2*01	CAVSVAFSGGYNKLIF	tgtgctgtgagtgtcgcgttttctggtggctacaataagctgattttt			CASSVSRTGELFF	tgtgccagcagcgtaagcaggaccggggagctgtttttt	1	0	1	1	1
clonotype1603	UNK_S	1	TRAV8-3*01	TRAJ45*01			TRBV9*01	TRBJ2-3*01	CAVGAYSGGGADGLTF	tgtgctgtgggggcgtattcaggaggaggtgctgacggactcaccttt			CASSVARADTQYF	tgtgccagcagcgtagcaagggcagatacgcagtatttt	1	0	1	1	1
clonotype1604	UNK_S	1	TRAV12-2*01	TRAJ10*01			TRBV9*01	TRBJ2-3*01	CAVNIILTGGGNKLTF	tgtgccgtgaacattatactcacgggaggaggaaacaaactcaccttt			CASSVADTDTQYF	tgtgccagcagcgtagccgacacagatacgcagtatttt	1	0	1	1	1
clonotype1605	UNK_S	1	TRAV38-2/DV8*01	TRAJ40*01	TRAV19*01	TRAJ40*01	TRBV9*01	TRBJ2-5*01	CAYRSLSGTYKYIF	tgtgcttataggagtctctcaggaacctacaaatacatcttt	CALSEEGASGTYKYIF	tgtgctctgagtgaggagggggcctcaggaacctacaaatacatcttt	CASSHSGQETQYF	tgtgccagcagtcacagcgggcaagagacccagtacttc	2	1	2	2	1
clonotype1606	UNK_S	1	TRAV8-4*01	TRAJ52*01			TRBV19*01	TRBJ1-3*01	CAVSQKAGGTSYGKLTF	tgtgctgtgagtcagaaggctggtggtactagctatggaaagctgacattt			CASSIGPGNTIYF	tgtgccagtagtataggtcctggaaacaccatatatttt	1	0	1	1	1
clonotype1607	UNK_S	1	TRAV19*01	TRAJ15*01			TRBV19*01	TRBJ1-1*01	CALSEAEQAGTALIF	tgtgctctgagtgaggcggaacaggcaggaactgctctgatcttt			CASTIGVNTEAFF	tgtgccagtaccatcggagtgaacactgaagctttcttt	1	0	1	1	1
clonotype1608	UNK_S	1	TRAV3*01	TRAJ18*01			TRBV6-5*01	TRBJ1-2*01	CAVRDMARGSTLGRLYF	tgtgctgtgagagacatggccagaggctcaaccctggggaggctatacttt			CASSEGRDYGYTF	tgtgccagcagtgaagggagagattatggctacaccttc	1	0	1	1	1
clonotype1609	UNK_S	1	TRAV19*01	TRAJ29*01			TRBV6-5*01	TRBJ2-3*01	CALSEANSGNTPLVF	tgtgctctgagtgaggcgaattcaggaaacacacctcttgtcttt			CASSYSGRDTQYF	tgtgccagcagttactcggggagagatacgcagtatttt	1	0	1	1	1
clonotype161	UNK_S	1	TRAV21*01	TRAJ34*01			TRBV20-1*01	TRBJ2-3*01	CAVSVITSDKLIF	tgtgctgtgagcgttataacttccgacaagctcatcttt			CSARDPSTQYF	tgcagtgctagagatccgagtacgcagtatttt	1	0	1	1	1
clonotype1610	UNK_S	1	TRAV38-2/DV8*01	TRAJ45*01			TRBV6-2*01	TRBJ2-7*01	CASDVLGGGADGLTF	tgtgcgtccgacgtgttaggaggaggtgctgacggactcaccttt			CASGPIRFGEQYF	tgtgccagcggccccattcggtttggtgagcagtacttc	1	0	1	1	1
clonotype1611	UNK_S	1	TRAV19*01	TRAJ6*01			TRBV30*01	TRBJ1-6*01	CALSEAGGGSYIPTF	tgtgctctgagtgaggcgggaggaggaagctacatacctacattt			CACGDSSSYNSPLHF	tgtgcctgtggggacagcagctcctataattcacccctccacttt	1	0	1	1	1
clonotype1612	UNK_S	1	TRAV14/DV4*01	TRAJ8*01			TRBV20-1*01	TRBJ2-1*01	CAMREANTGFQKLVF	tgtgcaatgagagaggcgaacacaggctttcagaaacttgtattt			CSAPQLAREKNEQFF	tgcagtgccccccagctagctcgggagaagaatgagcagttcttc	1	0	1	1	1
clonotype1613	UNK_S	1	TRAV19*01	TRAJ17*01			TRBV12-4*01	TRBJ1-1*01	CALSEAKAAGNKLTF	tgtgctctgagtgaggccaaagctgcaggcaacaagctaactttt			CASRDNFKGAFF	tgtgccagcagggataactttaaaggagctttcttt	1	0	1	1	1
clonotype1614	UNK_S	1	TRAV29/DV5*01	TRAJ20*01			TRBV12-3*01	TRBJ1-2*01	CAASDDYKLSF	tgtgcagcaagcgacgactacaagctcagcttt			CASTRDRVIYTF	tgtgccagcacccgggacagggtaatctacaccttc	1	0	1	1	1
clonotype1615	UNK_S	1	TRAV38-2/DV8*01	TRAJ45*01			TRBV12-3*01	TRBJ2-2*01	CAYRSGGGGADGLTF	tgtgcttataggagcggaggaggaggtgctgacggactcaccttt			CASSFGLGELFF	tgtgccagcagtttcggcttaggggagctgtttttt	1	0	1	1	1
clonotype1616	UNK_S	1	TRAV38-1*01	TRAJ56*01			TRBV7-2*01	TRBJ2-1*01	CAFMKLSGANSKLTF	tgtgctttcatgaagctttctggagccaatagtaagctgacattt			CASSGASNEQFF	tgtgccagcagcggtgcctcgaatgagcagttcttc	1	0	1	1	1
clonotype1617	UNK_S	1	TRAV19*01	TRAJ8*01			TRBV5-1*01	TRBJ2-7*01	CALSGMNTGFQKLVF	tgtgctctgagtgggatgaacacaggctttcagaaacttgtattt			CASSRGQGDEQYF	tgcgccagcagccgaggacagggcgacgagcagtacttc	1	0	1	1	1
clonotype1618	UNK_S	1	TRAV38-1*01	TRAJ48*01			TRBV9*01	TRBJ1-6*01	CAFMKADFGNEKLTF	tgtgctttcatgaaggccgactttggaaatgagaaattaaccttt			CASSAEVDSPLHF	tgtgccagcagcgctgaggtggattcacccctccacttt	1	0	1	1	1
clonotype1619	UNK_S	1	TRAV29/DV5*01	TRAJ58*01			TRBV19*01	TRBJ2-7*01	CAASGVYPRLTF	tgtgcagcaagcggtgtgtatcctaggttgaccttt			CASSSDRSYEQYF	tgtgccagtagtagcgacaggtcctacgagcagtacttc	1	0	1	1	1
clonotype162	UNK_S	1	TRAV21*01	TRAJ15*01			TRBV20-1*01	TRBJ2-1*01	CAALNQAGTALIF	tgtgctgccttgaaccaggcaggaactgctctgatcttt			CSARVSREQFF	tgcagtgctagagtgagtcgtgagcagttcttc	1	0	1	1	1
clonotype1620	UNK_S	1	TRAV38-2/DV8*01	TRAJ6*01			TRBV19*01	TRBJ1-1*01	CAYRRRQSGGSYIPTF	tgtgcttataggaggagacaatcaggaggaagctacatacctacattt			CASADTPGAEAFF	tgtgccagtgcggacacacccggggccgaagctttcttt	1	0	1	1	1
clonotype1622	UNK_S	1	TRAV12-2*01	TRAJ56*01			TRBV6-6*01	TRBJ2-7*01	CAVTGGTSGLGANSKLTF	tgtgccgtgaccggaggaacctctggactaggggccaatagtaagctgacattt			CASSYQAGYEQYV	tgtgccagcagttatcaggcgggttacgagcagtacgtc	1	0	1	1	1
clonotype1623	UNK_S	1	TRAV29/DV5*01	TRAJ54*01			TRBV6-5*01	TRBJ1-6*01	CAATQGAQKLVF	tgtgcagcaacgcagggagcccagaagctggtattt			CASSYYLNSPLHF	tgtgccagcagttactatcttaattcacccctccacttt	1	0	1	1	1
clonotype1624	UNK_S	1	TRAV19*01	TRAJ26*01			TRBV6-2*01	TRBJ1-2*01	CALSEGWDNYGQNFVF	tgtgctctgagtgagggctgggataactatggtcagaattttgtcttt			CASTSGRAWGYTF	tgtgccagcacctcggggagggcctggggctacaccttc	1	0	1	1	1
clonotype1626	UNK_S	1	TRAV14/DV4*01	TRAJ11*01			TRBV20-1*01	TRBJ2-1*01	CAMREGLMAGYSTLTF	tgtgcaatgagagagggtttgatggcaggatacagcaccctcaccttt			CSATSGRREINEQFF	tgcagtgcaactagcgggagaagggagatcaatgagcagttcttc	1	0	1	1	1
clonotype1627	UNK_S	1	TRAV19*01	TRAJ8*01			TRBV2*01	TRBJ2-7*01	CALRTNLNTGFQKLVF	tgtgctctgaggacgaatttgaacacaggctttcagaaacttgtattt			CASTAGPYEQYV	tgtgccagcaccgcgggtccctacgagcagtacgtc	1	0	1	1	1
clonotype1628	UNK_S	1	TRAV19*01	TRAJ52*01			TRBV7-3*01	TRBJ2-3*01	CALSGLGGTSYGKLTF	tgtgctctgagtggattgggtggtactagctatggaaagctgacattt			CASSSGAGGQYF	tgtgccagcagctcgggagcgggggggcagtatttt	1	0	1	1	1
clonotype1629	UNK_S	1	TRAV29/DV5*01	TRAJ31*01			TRBV5-5*01	TRBJ2-7*01	CATGSNNARLMF	tgtgccacagggagtaacaatgccagactcatgttt			CASSLDSAYEQYF	tgtgccagcagcttggacagcgcctacgagcagtacttc	1	0	1	1	1
clonotype163	UNK_S	1	TRAV8-3*01	TRAJ40*01			TRBV29-1*01	TRBJ2-3*01	CAVGASGTYKYIF	tgtgctgtgggagcctcaggaacctacaaatacatcttt			CSGQGSDTQYF	tgcagcggccagggatctgatacgcagtatttt	1	0	1	1	1
clonotype1630	UNK_S	1	TRAV29/DV5*01	TRAJ23*01			TRBV5-5*01	TRBJ1-4*01	CAASVRGGKLIF	tgtgcagcaagcgtacggggaggaaagcttatcttc			CASSFALNEKLFF	tgtgccagcagctttgcccttaatgaaaaactgtttttt	1	0	1	1	1
clonotype1631	UNK_S	1	TRAV12-3*01	TRAJ52*01			TRBV5-1*01	TRBJ2-2*01	CAMSAGAGGTSYGKLTF	tgtgcaatgagcgcaggtgctggtggtactagctatggaaagctgacattt			CASSSLMWGELFF	tgcgccagcagctctttaatgtggggggagctgtttttt	1	0	1	1	1
clonotype1632	UNK_S	1	TRAV29/DV5*01	TRAJ49*01			TRBV4-1*01	TRBJ2-1*01	CAASDPGNQFYF	tgtgcagcaagcgaccccggtaaccagttctatttt			CASSLAGGNEQFF	tgcgccagcagtctagcgggagggaatgagcagttcttc	1	0	1	1	1
clonotype1633	UNK_S	1	TRAV13-1*01	TRAJ53*01	TRAV19*01	TRAJ53*01	TRBV4-2*01	TRBJ2-7*01	CAASIRGSGGTVDGGSNYKLTF	tgtgcagcaagtataagagggagcgggggtaccgtcgacggaggtagcaactataaactgacattt	CALSENSGGSNYKLTF	tgtgctctgagtgaaaatagtggaggtagcaactataaactgacattt	CASSQDRRRQQYF	tgtgccagcagccaagatcgccgccggcagcagtacttc	2	1	2	2	1
clonotype1634	UNK_S	1	TRAV29/DV5*01	TRAJ47*01			TRBV9*01	TRBJ2-2*01	CAASVSGNKLVF	tgtgcagcaagcgtatctggaaacaagctggtcttt			CASSVWNTGELFF	tgtgccagcagcgtttggaacaccggggagctgtttttt	1	0	1	1	1
clonotype1635	UNK_S	1	TRAV3*01	TRAJ28*01			TRBV11-3*01	TRBJ2-2*01	CAVTTNGYSGAGSYQLTF	tgtgctgtgaccactaacgggtactctggggctgggagttaccaactcactttc			CASSSETGELFF	tgtgccagcagctccgaaaccggggagctgtttttt	1	0	1	1	1
clonotype1636	UNK_S	1	TRAV29/DV5*01	TRAJ40*01			TRBV19*01	TRBJ2-5*01	CAASHSGTYKYIF	tgtgcagcaagccactcaggaacctacaaatacatcttt			CASSWRGQETQYF	tgtgccagtagttggcggggccaagagacccagtacttc	1	0	1	1	1
clonotype1637	UNK_S	1	TRAV29/DV5*01	TRAJ31*01			TRBV19*01	TRBJ2-1*01	CAASVGNNARLMF	tgtgcagcaagcgtcggtaacaatgccagactcatgttt			CASRGTSGRRRFF	tgtgccagtagggggactagcgggaggagaaggttcttc	1	0	1	1	1
clonotype1638	UNK_S	1	TRAV19*01	TRAJ42*01			TRBV19*01	TRBJ2-1*01	CALSELGYGGSQGNLIF	tgtgctctgagtgagttggggtatggaggaagccaaggaaatctcatcttt			CASSIALAEEQFF	tgtgccagtagtatcgcgctagcggaggagcagttcttc	1	0	1	1	1
clonotype1639	UNK_S	1	TRAV29/DV5*01	TRAJ43*01			TRBV6-6*01	TRBJ2-1*01	CAASVWIGDDMRF	tgtgcagcaagcgtgtggatcggggatgacatgcgcttt			CASSFDRSNEQFF	tgtgccagcagcttcgacagatccaatgagcagttcttc	1	0	1	1	1
clonotype164	UNK_S	1	TRAV21*01	TRAJ42*01			TRBV20-1*01	TRBJ2-1*01	CAVCYGGSQGNLIF	tgtgctgtgtgctatggaggaagccaaggaaatctcatcttt			CSATTSNEQFF	tgcagtgctaccactagcaatgagcagttcttc	1	0	1	1	1
clonotype1640	UNK_S	1	TRAV38-1*01	TRAJ57*01			TRBV6-1*01	TRBJ1-1*01	CAFMKRRTQGGSEKLVF	tgtgctttcatgaagcggcgtactcagggcggatctgaaaagctggtcttt			CASSERVNTEAFF	tgtgccagcagtgaacgggtaaacactgaagctttcttt	1	0	1	1	1
clonotype1642	UNK_S	1	TRAV29/DV5*01	TRAJ15*01			TRBV20-1*01	TRBJ2-3*01	CAASAQAGTALIF	tgtgcagcaagcgcgcaggcaggaactgctctgatcttt			CSAPWAGDRTDTQYF	tgcagtgcgccgtgggcaggggataggacagatacgcagtatttt	1	0	1	1	1
clonotype1643	UNK_S	1	TRAV8-4*01	TRAJ28*01			TRBV20-1*01	TRBJ2-7*01	CAVTLNPVYSGAGSYQLTF	tgtgctgtgaccctgaaccctgtttactctggggctgggagttaccaactcactttc			CSARDRGPLGYEQYF	tgcagtgctagggacaggggccctctgggctacgagcagtacttc	1	0	1	1	1
clonotype1644	UNK_S	1	TRAV29/DV5*01	TRAJ41*01			TRBV12-4*01	TRBJ2-1*01	CAASANSGYALNF	tgtgcagcaagcgcgaattccgggtatgcactcaacttc			CASSLVAVEQFF	tgtgccagcagtttagtcgcggtagagcagttcttc	1	0	1	1	1
clonotype1645	UNK_S	1	TRAV38-1*01	TRAJ45*01			TRBV12-3*01	TRBJ1-2*01	CAFVKPISGGGADGLTF	tgtgctttcgttaaacctatttcaggaggaggtgctgacggactcaccttt			CASSSGRGGYTF	tgtgccagcagttcgggacgcggaggctacaccttc	1	0	1	1	1
clonotype1646	UNK_S	1	TRAV19*01	TRAJ26*01			TRBV24-1*01	TRBJ2-1*01	CALSELGDDNYGQNFVF	tgtgctctgagtgaactcggggacgataactatggtcagaattttgtcttt			CATSEWDSNEQFF	tgtgccaccagtgagtgggacagcaatgagcagttcttc	1	0	1	1	1
clonotype1647	UNK_S	1	TRAV38-1*01	TRAJ46*01			TRBV7-9*01	TRBJ2-1*01	CAFPVIKRKSSGDKLTF	tgtgctttcccggtaataaagaggaaaagcagcggagacaagctgactttt			CASSLVYNEQFF	tgtgccagcagcttagtatacaatgagcagttcttc	1	0	1	1	1
clonotype1650	UNK_S	1	TRAV14/DV4*01	TRAJ3*01			TRBV27*01	TRBJ2-5*01	CAMREGLGYSSASKIIF	tgtgcaatgagagagggcctagggtacagcagtgcttccaagataatcttt			CASSFQSQETQYF	tgtgccagcagttttcagagccaagagacccagtacttc	1	0	1	1	1
clonotype1651	UNK_S	1	TRAV14/DV4*01	TRAJ18*01			TRBV5-1*01	TRBJ2-1*01	CAMREGNRGSTLGRLYF	tgtgcaatgagagagggcaatcgaggctcaaccctggggaggctatacttt			CASSPGQVYIEIF	tgcgccagcagccccggacaggtctacatcgaaatcttc	1	0	1	1	1
clonotype1652	UNK_S	1	TRAV29/DV5*01	TRAJ6*01			TRBV3-1*01	TRBJ1-1*01	CAAWSGGSYIPTF	tgtgcagcatggagtggaggaagctacatacctacattt			CASSLGQGRAAFF	tgtgccagcagcctcgggcaggggcgtgcagctttcttt	1	0	1	1	1
clonotype1653	UNK_S	1	TRAV29/DV5*01	TRAJ35*01			TRBV9*01	TRBJ2-7*01	CAASAGFGNVLHC	tgtgcagcaagcgcgggctttgggaatgtgctgcattgc			CASSKDNSYEQYF	tgtgccagcagcaaagacaactcctacgagcagtacttc	1	0	1	1	1
clonotype1654	UNK_S	1	TRAV23/DV6*01	TRAJ53*01	TRAV29/DV5*01	TRAJ49*01	TRBV9*01	TRBJ1-1*01	CAASYRGGSNYKLTF	tgtgcagcaagttatcggggaggtagcaactataaactgacattt	CAVSGGAGNQFYF	tgtgcagtaagcgggggtgccggtaaccagttctatttt	CASSVASNTEAFF	tgtgccagcagcgtagcttcgaacactgaagctttcttt	2	1	2	2	1
clonotype1655	UNK_S	1	TRAV29/DV5*01	TRAJ44*01			TRBV6-4*01	TRBJ1-1*01	CAASLTGTASKLTF	tgtgcagcaagccttaccggcactgccagtaaactcaccttt			CASSVQGNTEAFF	tgtgccagcagcgtacagggtaacactgaagctttcttt	1	0	1	1	1
clonotype1656	UNK_S	1	TRAV38-2/DV8*01	TRAJ42*01			TRBV19*01	TRBJ1-4*01	CAFLAFMNYGGSQGNLIF	tgtgctttcctcgcatttatgaattatggaggaagccaaggaaatctcatcttt			CASSISGPEKLFF	tgtgccagtagtatttcgggacctgaaaaactgtttttt	1	0	1	1	1
clonotype1657	UNK_S	1	TRAV38-1*01	TRAJ52*01			TRBV6-1*01	TRBJ2-7*01	CAFMSSNAGGTSYGKLTF	tgtgctttcatgagctctaatgctggtggtactagctatggaaagctgacattt			CASSDAEAYEQYF	tgtgccagcagtgatgcggaggcctacgagcagtacttc	1	0	1	1	1
clonotype1658	UNK_S	1	TRAV29/DV5*01	TRAJ32*01			TRBV20-1*01	TRBJ1-4*01	CAASTGGATNKLIF	tgtgcagcgagtaccggtggtgctacaaacaagctcatcttt			CSARSPQRTNEKLFF	tgcagtgctaggtctccacagcgtactaatgaaaaactgtttttt	1	0	1	1	1
clonotype1659	UNK_S	1	TRAV23/DV6*01	TRAJ54*01	TRAV29/DV5*01	TRAJ40*01	TRBV7-9*01	TRBJ1-1*01	CAASKEQGAQKLVF	tgtgcagcaagcaaagaacagggagcccagaagctggtattt	CAARAPSGTYKYIF	tgtgcagcaagggcaccctcaggaacctacaaatacatcttt	CASSPSKGFAFF	tgtgccagcagcccatcgaaagggttcgctttcttt	2	1	2	2	1
clonotype166	UNK_S	1	TRAV21*01	TRAJ54*01			TRBV30*01	TRBJ1-1*01	CAVSVVFQGAQKLVF	tgtgctgtgagtgttgtgtttcagggagcccagaagctggtattt			CAQYRRTEAFF	tgtgctcaatataggcgcactgaagctttcttt	1	0	1	1	1
clonotype1660	UNK_S	1	TRAV38-2/DV8*01	TRAJ32*01			TRBV5-4*01	TRBJ2-7*01	CAYRSTTFYGGATNKLIF	tgtgcttataggagcactactttttatggtggtgctacaaacaagctcatcttt			CASSLGPLGEQYV	tgtgccagcagcttgggtcccctgggggagcagtacgtc	1	0	1	1	1
clonotype1661	UNK_S	1	TRAV29/DV5*01	TRAJ29*01			TRBV5-1*01	TRBJ1-2*01	CAASATSGNTPLVF	tgtgcagcaagcgcgacttcaggaaacacacctcttgtcttt			CASSLQANYGYTF	tgcgccagcagcttacaggctaactatggctacaccttc	1	0	1	1	1
clonotype1662	UNK_S	1	TRAV29/DV5*01	TRAJ37*01			TRBV3-1*01	TRBJ2-2*01	CAARSSSNTGKLIF	tgtgcagcaagaagctctagcaacacaggcaaactaatcttt			CASSPLRAGELFF	tgtgccagcagccccctcagggccggggagctgtttttt	1	0	1	1	1
clonotype1663	UNK_S	1	TRAV19*01	TRAJ49*01			TRBV9*01	TRBJ1-1*01	CALSEQPQPSNTGNQFYF	tgtgctctgagtgaacaaccgcaaccatcgaacaccggtaaccagttctatttt			CASSVGPYTEAFF	tgtgccagcagcgtaggtccgtacactgaagctttcttt	1	0	1	1	1
clonotype1664	UNK_S	1	TRAV29/DV5*01	TRAJ33*01			TRBV9*01	TRBJ1-1*01	CAAGVHIGNYQLIW	tgtgcagcaggcgtccatattggcaactatcagttaatctgg			CASSVGQGSEAFF	tgtgccagcagcgttggacaggggtctgaagctttcttt	1	0	1	1	1
clonotype1665	UNK_S	1	TRAV23/DV6*01	TRAJ34*01			TRBV6-1*01	TRBJ2-5*01	CAADRGYTDKLIF	tgtgcagcggaccgagggtacaccgacaagctcatcttt			CASSTGTQETQYF	tgtgccagcagcacagggacccaagagacccagtacttc	1	0	1	1	1
clonotype1666	UNK_S	1	TRAV23/DV6*01	TRAJ38*01			TRBV6-2*01	TRBJ1-5*01	CAARPGNNRKLIW	tgtgcagcgcgccctggcaacaaccgtaagctgatttgg			CASSMTGNQPQHF	tgtgccagcagtatgacagggaatcagccccagcatttt	1	0	1	1	1
clonotype1667	UNK_S	1	TRAV19*01	TRAJ52*01			TRBV20-1*01	TRBJ2-3*01	CALSEAKGAGGTSYGKLTF	tgtgctctgagtgaggcgaagggagctggtggtactagctatggaaagctgacattt			CSARDFSLGTDTQYF	tgcagtgctagagatttctccttagggacagatacgcagtatttt	1	0	1	1	1
clonotype1668	UNK_S	1	TRAV29/DV5*01	TRAJ40*01			TRBV18*01	TRBJ1-1*01	CAVLPTTSGTYKYIF	tgtgcagtcctacccaccacctcaggaacctacaaatacatcttt			CASSPLDGEAFF	tgtgccagctcaccactcgacggtgaagctttcttt	1	0	1	1	1
clonotype1669	UNK_S	1	TRAV29/DV5*01	TRAJ37*01			TRBV27*01	TRBJ1-2*01	CAACIAFSNTGKLIF	tgtgcagcatgtattgcctttagcaacacaggcaaactaatcttt			CASSKGDDYGYTF	tgtgccagcagtaaaggagacgactatggctacaccttc	1	0	1	1	1
clonotype1671	UNK_S	1	TRAV29/DV5*01	TRAJ42*01			TRBV9*01	TRBJ2-1*01	CAARYYGGSQGNLIF	tgtgcagcaagatattatggaggaagccaaggaaatctcatcttt			CASSADRITAQFF	tgtgccagcagcgcggaccgcattacggcgcagttcttc	1	0	1	1	1
clonotype1672	UNK_S	1	TRAV23/DV6*01	TRAJ53*01			TRBV6-4*01	TRBJ2-1*01	CAPGGGGSNYKLTF	tgtgccccgggggggggaggtagcaactataaactgacattt			CASRTSGAGEQFF	tgtgccagccgtactagcggggcaggggagcagttcttc	1	0	1	1	1
clonotype1673	UNK_S	1	TRAV23/DV6*01	TRAJ8*01			TRBV20-1*01	TRBJ2-1*01	CAAKENTGFQKLVF	tgtgcagcaaaggagaacacaggctttcagaaacttgtattt			CSAYRTGLAQDEQFF	tgcagtgcttatcgtacgggacttgcccaagatgagcagttcttc	1	0	1	1	1
clonotype1674	UNK_S	1	TRAV23/DV6*01	TRAJ6*01			TRBV12-3*01	TRBJ1-2*01	CAGRASGGSYIPTF	tgtgcagggcgagcatcaggaggaagctacatacctacattt			CASSLEGYGYTF	tgtgccagcagtttggagggctatggctacaccttc	1	0	1	1	1
clonotype1675	UNK_S	1	TRAV29/DV5*01	TRAJ49*01			TRBV2*01	TRBJ2-3*01	CAASTRGQNTGNQFYF	tgtgcagcaagcacccgcgggcagaacaccggtaaccagttctatttt			CASSDLGDTQYF	tgtgccagcagtgatttgggagatacgcagtatttt	1	0	1	1	1
clonotype1676	UNK_S	1	TRAV23/DV6*01	TRAJ13*01			TRBV27*01	TRBJ1-5*01	CAARNSGGYQKVTF	tgtgcagcaagaaattctgggggttaccagaaagttaccttt			CASSSLLNQPQHF	tgtgccagcagttccctcctcaatcagccccagcatttt	1	0	1	1	1
clonotype1677	UNK_S	1	TRAV38-2/DV8*01	TRAJ28*01			TRBV27*01	TRBJ2-7*01	CAYRSVEDPYSGAGSYQLTF	tgtgcttataggagcgtggaggatccatactctggggctgggagttaccaactcactttc			CASSLQSGRQGYF	tgtgccagcagtttacaatccgggcgccaagggtacttc	1	0	1	1	1
clonotype1678	UNK_S	1	TRAV23/DV6*01	TRAJ36*01			TRBV3-1*01	TRBJ2-3*01	CAARITTGANNLFF	tgtgcagcaagaattactactggggcaaacaacctcttcttt			CASSQDSGRAQYF	tgtgccagcagccaggatagcgggagggcgcagtatttt	1	0	1	1	1
clonotype168	UNK_S	1	TRAV13-2*01	TRAJ23*01			TRBV29-1*01	TRBJ2-7*01	CAETSYNQGGKLIF	tgtgcggaaacgagttataaccagggaggaaagcttatcttc			CSVGGGYEQYF	tgcagcgttggtggtggctacgagcagtacttc	1	0	1	1	1
clonotype1680	UNK_S	1	TRAV29/DV5*01	TRAJ32*01			TRBV25-1*01	TRBJ1-3*01	CAASARLYGGATNKLIF	tgtgcagcaagcgccagactctatggtggtgctacaaacaagctcatcttt			CASSFGTGNTIYF	tgtgccagcagtttcgggaccggaaacaccatatatttt	1	0	1	1	1
clonotype1681	UNK_S	1	TRAV29/DV5*01	TRAJ42*01			TRBV12-3*01	TRBJ2-3*01	CAASARNYGGSQGNLIF	tgtgcagcaagcgcgaggaattatggaggaagccaaggaaatctcatcttt			CASSPSTDTQYF	tgtgccagcagtccctctacagatacgcagtatttt	1	0	1	1	1
clonotype1682	UNK_S	1	TRAV29/DV5*01	TRAJ28*01			TRBV27*01	TRBJ2-7*01	CAASARVSGAGSYQLTF	tgtgcagcaagcgcgcgcgtctctggggctgggagttaccaactcactttc			CASRLSVLYEQYF	tgtgccagcagacttagcgtcttgtacgagcagtacttc	1	0	1	1	1
clonotype1683	UNK_S	1	TRAV23/DV6*01	TRAJ39*01			TRBV5-4*01	TRBJ2-7*01	CAASTRNNAGNMLTF	tgtgcagcaagcacgagaaataatgcaggcaacatgctcaccttt			CASSFQPALEQYF	tgtgccagcagctttcaaccggctctcgagcagtacttc	1	0	1	1	1
clonotype1684	UNK_S	1	TRAV23/DV6*01	TRAJ45*01			TRBV5-4*01	TRBJ1-2*01	CAASFIGGGADGLTF	tgtgcagcaagctttataggaggaggtgctgacggactcaccttt			CASSLAGARGYTF	tgtgccagcagcttggcgggggcgcggggctacaccttc	1	0	1	1	1
clonotype1685	UNK_S	1	TRAV23/DV6*01	TRAJ28*01			TRBV4-2*01	TRBJ1-1*01	CAASMGSGAGSYQLTF	tgtgcagcaagcatgggatctggggctgggagttaccaactcactttc			CASSLGYNTEAFF	tgtgccagcagcctgggttataacactgaagctttcttt	1	0	1	1	1
clonotype1686	UNK_S	1	TRAV23/DV6*01	TRAJ12*01			TRBV15*01	TRBJ1-1*01	CAASLTRMDSSYKLIF	tgtgcagcaagccttacgcggatggatagcagctataaattgatcttc			CATSSGLGPRAFF	tgtgccaccagcagtgggctcggaccgagagctttcttt	1	0	1	1	1
clonotype1687	UNK_S	1	TRAV6*01	TRAJ20*01			TRBV20-1*01	TRBJ2-1*01	CALDNDYKLSF	tgtgctctagataacgactacaagctcagcttt			CSAGGLAVRYNEQFF	tgcagtgctggaggactagcggtccgctacaatgagcagttcttc	1	0	1	1	1
clonotype1688	UNK_S	1	TRAV6*01	TRAJ24*01			TRBV20-1*01	TRBJ2-5*01	CAPSTDSWGKLQF	tgtgctccctcaactgacagctgggggaaattgcagttt			CSARNGLVSQETQYF	tgcagtgctaggaatggactagtttcacaagagacccagtacttc	1	0	1	1	1
clonotype1689	UNK_S	1	TRAV6*01	TRAJ23*01			TRBV6-1*01	TRBJ1-6*01	CALDSRDQGGKLIF	tgtgctctagactctagggaccagggaggaaagcttatcttc			CAGWDRVNSPLHF	tgtgccgggtgggacagggttaattcacccctccacttt	1	0	1	1	1
clonotype169	UNK_S	1	TRAV8-3*01	TRAJ24*01			TRBV20-1*01	TRBJ2-7*01	CAVGGADSWGKLQF	tgtgctgtgggtggcgcggacagctgggggaaattgcagttt			CSAPGLAGAYF	tgcagtgctccgggtctagcgggagcctacttc	1	0	1	1	1
clonotype1690	UNK_S	1	TRAV6*01	TRAJ20*01			TRBV30*01	TRBJ1-6*01	CALTMGVNDYKLSF	tgtgctctaactatgggggttaacgactacaagctcagcttt			CAWSAGQGVNSPLHF	tgtgcctggagtgcgggacagggggttaattcacccctccacttt	1	0	1	1	1
clonotype1691	UNK_S	1	TRAV6*01	TRAJ17*01			TRBV18*01	TRBJ2-3*01	CALDIRAAGNKLTF	tgtgctctagacatacgagctgcaggcaacaagctaactttt			CASSPSADTQYF	tgtgccagctcaccatcagcggatacgcagtatttt	1	0	1	1	1
clonotype1692	UNK_S	1	TRAV6*01	TRAJ4*01			TRBV30*01	TRBJ1-1*01	CALEPPSGGYNKLIF	tgtgctctagaacccccctctggtggctacaataagctgattttt			CARGGRGAGSTEAFF	tgtgcccgtggtggaaggggcgcggggagcactgaagctttcttt	1	0	1	1	1
clonotype17	UNK_S	4	TRAV8-2*01	TRAJ33*01			TRBV20-1*01	TRBJ2-7*01	CVVRRGGNYQLIW	tgtgttgtgaggagggggggcaactatcagttaatctgg			CSARDEDSLSYEQYF	tgcagtgctagagacgaggacagcctttcctacgagcagtacttc	4	0	4	1	1
clonotype170	UNK_S	1	TRAV10*01	TRAJ9*01			TRBV30*01	TRBJ2-1*01	CVVTRSTGGFKTIF	tgtgtggtgaccaggagtactggaggcttcaaaactatcttt			CAWSQNNEQFF	tgtgcctggagtcagaacaatgagcagttcttc	1	0	1	1	1
clonotype171	UNK_S	1	TRAV8-2*01	TRAJ45*01	TRAV6*01	TRAJ4*01	TRBV29-1*01	TRBJ2-7*01	CVVSDPGGGADGLTF	tgtgttgtgagtgatcccggaggaggtgctgacggactcaccttt	CALEGGASGGYNKLIF	tgtgctctagaggggggggcgtccggtggctacaataagctgattttt	CSGSDAYEQYF	tgcagcgggtcggacgcctacgagcagtacttc	2	1	2	2	1
clonotype172	UNK_S	1	TRAV14/DV4*01	TRAJ18*01	TRAV10*01	TRAJ45*01	TRBV20-1*01	TRBJ2-2*01	CAMREGGGSTLGRLYF	tgtgcaatgagagagggcggaggctcaaccctggggaggctatacttt	CVVSVGGGADGLTF	tgtgtggtgagcgtaggaggaggtgctgacggactcaccttt	CSANRKRELFF	tgcagtgcgaaccgtaaacgggagctgtttttt	2	1	2	2	1
clonotype173	UNK_S	1	TRAV8-1*01	TRAJ15*01			TRBV20-1*01	TRBJ2-1*01	CAVIPYNQAGTALIF	tgtgccgtgatcccttacaaccaggcaggaactgctctgatcttt			CSARRNNEQFF	tgcagtgctagaaggaacaatgagcagttcttc	1	0	1	1	1
clonotype174	UNK_S	1	TRAV17*01	TRAJ57*01			TRBV20-1*01	TRBJ1-5*01	CATYPLTQGGSEKLVF	tgtgctacgtaccccttaactcagggcggatctgaaaagctggtcttt			CSASLNQPQHF	tgcagtgctagcctgaatcagccccagcatttt	1	0	1	1	1
clonotype175	UNK_S	1	TRAV12-1*01	TRAJ32*01			TRBV20-1*01	TRBJ1-2*01	CVVNWLPSGATNKLIF	tgtgtggtgaactggctcccctccggtgctacaaacaagctcatcttt			CSALGHYGYTF	tgcagtgctctcgggcactatggctacaccttc	1	0	1	1	1
clonotype1755	UNK_S	1	TRAV1-2*01	TRAJ15*01	TRAV17*01	TRAJ7*01	TRBV5-1*01	TRBJ2-7*01	CALGTALIF	tgtgctttagggactgctctgatcttt	CATAPYGNNRLAF	tgtgctacggccccctatgggaacaacagactcgctttt	CASSRDRAPDEQYF	tgcgccagcagccgggacagggcaccggacgagcagtacttc	2	1	2	2	1
clonotype1756	UNK_S	1	TRAV3*01	TRAJ27*01	TRAV13-1*01	TRAJ41*01	TRBV19*01	TRBJ1-5*01	CAVRDGNAGKSTF	tgtgctgtgagagacggcaatgcaggcaaatcaaccttt	CAGEGE	tgtgccggggagggggaa	CASRGQYSNQPQHF	tgtgccagtaggggacagtatagcaatcagccccagcatttt	2	1	2	2	1
clonotype1757	UNK_S	1	TRAV40*01	TRAJ33*01			TRBV7-8*01	TRBJ2-4*01	CLLGVASNYQLIW	tgtcttctgggagtggctagcaactatcagttaatctgg			CASSGYDKNIQYF	tgtgccagcagcgggtatgacaaaaacattcagtacttc	1	0	1	1	1
clonotype1758	UNK_S	1	TRAV26-1*01	TRAJ20*01			TRBV25-1*01	TRBJ2-5*01	CIVKGDYKLSF	tgcatcgtcaaaggcgactacaagctcagcttt			CASSEFRDWETQYF	tgtgccagcagtgagttcagggattgggagacccagtacttc	1	0	1	1	1
clonotype1759	UNK_S	1	TRAV1-2*01	TRAJ20*01			TRBV6-1*01	TRBJ2-7*01	CAVSHDYKLSF	tgtgctgtgagccacgactacaagctcagcttt			CASSEELAGPRQYV	tgtgccagcagtgaagagctagcgggaccgagacagtacgtc	1	0	1	1	1
clonotype176	UNK_S	1	TRAV10*01	TRAJ17*01			TRBV30*01	TRBJ1-2*01	CVVSAAKAAGNKLTF	tgtgtggtgagcgcagccaaagctgcaggcaacaagctaactttt			CAWITNYGYTF	tgtgcctggatcactaactatggctacaccttc	1	0	1	1	1
clonotype1760	UNK_S	1	TRAV1-2*01	TRAJ15*01			TRBV5-1*01	TRBJ1-3*01	CAARAGTALIF	tgtgctgcccgagcaggaactgctctgatcttt			CASSPTDFRNTIYF	tgcgccagcagcccgacagatttcagaaacaccatatatttt	1	0	1	1	1
clonotype1762	UNK_S	1	TRAV1-2*01	TRAJ41*01			TRBV19*01	TRBJ2-7*01	CAVSKPGYALNF	tgtgctgtgagtaagcccgggtatgcactcaacttc			CASSSGTGPGEQYF	tgtgccagtagctccgggacagggcctggcgagcagtacttc	1	0	1	1	1
clonotype1764	UNK_S	1	TRAV16*01	TRAJ16*01			TRBV19*01	TRBJ2-2*01	CACSDGQKLLF	tgtgcttgctcagatggccagaagctgctcttt			CASIGRPNTGELFF	tgtgccagtatcgggaggccgaacaccggggagctgtttttt	1	0	1	1	1
clonotype1765	UNK_S	1	TRAV1-1*01	TRAJ29*01			TRBV6-6*01	TRBJ2-3*01	CAVQGGNTPLVF	tgcgctgtgcaaggaggaaacacacctcttgtcttt			CASSYSEGSDTQYF	tgtgccagcagttatagcgaggggtcagatacgcagtatttt	1	0	1	1	1
clonotype1767	UNK_S	1	TRAV6*01	TRAJ9*01	TRAV1-1*01	TRAJ34*01	TRBV30*01	TRBJ2-7*01	CALANTGGFKTIF	tgtgctctagcaaatactggaggcttcaaaactatcttt	CAKKANTDKLIF	tgcgctaagaaggccaacaccgacaagctcatcttt	CAWSRPAGSRGLEQYF	tgtgcctggagtaggcccgcggggtcgcgggggctggagcagtacttc	2	1	2	2	1
clonotype1768	UNK_S	1	TRAV26-2*01	TRAJ11*01			TRBV20-1*01	TRBJ2-1*01	CILESGYSTLTF	tgcatccttgaatcaggatacagcaccctcaccttt			CSARPVAGALYNEQFF	tgcagtgctaggcccgtagcgggagctctctacaatgagcagttcttc	1	0	1	1	1
clonotype1769	UNK_S	1	TRAV26-2*01	TRAJ49*01			TRBV28*01	TRBJ2-1*01	CILRDGGNQFYF	tgcatcctgagagacggcggtaaccagttctatttt			CASSLSGQYNEQFF	tgtgccagcagtttgagcggccaatacaatgagcagttcttc	1	0	1	1	1
clonotype177	UNK_S	1	TRAV38-2/DV8*01	TRAJ43*01			TRBV20-1*01	TRBJ2-5*01	CAYRRVYNNNDMRF	tgtgcttataggagggtttacaataacaatgacatgcgcttt			CSLLDVGTQYF	tgctctctgctagatgtggggacccagtacttc	1	0	1	1	1
clonotype1770	UNK_S	1	TRAV8-2*01	TRAJ7*01	TRAV1-2*01	TRAJ31*01	TRBV5-6*01	TRBJ1-4*01	CVVSEGSNRLAF	tgtgttgtgagtgaaggttctaacagactcgctttt	CAAWNNNARLMF	tgtgctgcctggaataacaatgccagactcatgttt	CASSLDRGGEKLFF	tgtgccagcagcttggacaggggcggcgaaaaactgtttttt	2	1	2	2	1
clonotype1771	UNK_S	1	TRAV25*01	TRAJ35*01	TRAV12-2*01	TRAJ30*01	TRBV5-4*01	TRBJ2-3*01	CAGQRNVLHC	tgtgcagggcagcggaatgtgctgcattgc	CAVIRGRDDKIIF	tgtgccgtgattcgtggcagagatgacaagatcatcttt	CASSFTGATDTQYF	tgtgccagcagcttcacgggagccacagatacgcagtatttt	2	1	2	2	1
clonotype1772	UNK_S	1	TRAV25*01	TRAJ43*01			TRBV5-1*01	TRBJ1-1*01	CAGNNNDMRF	tgtgcagggaataacaatgacatgcgcttt			CASSVQGRNTEAFF	tgcgccagcagcgtacaggggcggaacactgaagctttcttt	1	0	1	1	1
clonotype1773	UNK_S	1	TRAV26-1*01	TRAJ39*01			TRBV3-1*01	TRBJ1-1*01	CIVRNAGNMLTF	tgcatcgtcaggaatgcaggcaacatgctcaccttt			CASSPGTINTEAFF	tgtgccagcagcccagggacaattaacactgaagctttcttt	1	0	1	1	1
clonotype1774	UNK_S	1	TRAV26-2*01	TRAJ54*01			TRBV4-1*01	TRBJ2-5*01	CILRAGAQKLVF	tgcatcctgagggcaggagcccagaagctggtattt			CASSQVAGVETQYF	tgcgccagcagccaagtagcgggagtggagacccagtacttc	1	0	1	1	1
clonotype1775	UNK_S	1	TRAV4*01	TRAJ5*01	TRAV1-1*01	TRAJ28*01	TRBV19*01	TRBJ2-7*01	CLVGDTGRRALTF	tgcctcgtgggtgacacgggcaggagagcacttactttt	CAVRDRHSGAGSYQLTF	tgcgctgtgagagatcggcactctggggctgggagttaccaactcactttc	CASSAKAGAYEQYF	tgtgccagtagtgcaaaggcaggagcctacgagcagtacttc	2	1	2	2	1
clonotype1776	UNK_S	1	TRAV27*01	TRAJ39*01			TRBV6-5*01	TRBJ2-5*01	CGDNAGNMLTF	tgtggcgataatgcaggcaacatgctcaccttt			CATRRQGSRETQYF	tgtgccacccgacgacagggatcgcgagagacccagtacttc	1	0	1	1	1
clonotype1777	UNK_S	1	TRAV26-2*01	TRAJ20*01			TRBV6-5*01	TRBJ2-2*01	CILRSSNDYKLSF	tgcatcctgagatcatctaacgactacaagctcagcttt			CASSREDRTGELFF	tgtgccagcagtcgggaggatcgcaccggggagctgtttttt	1	0	1	1	1
clonotype1779	UNK_S	1	TRAV25*01	TRAJ49*01			TRBV6-2*01	TRBJ1-1*01	CAANTGNQFYF	tgtgcagcgaacaccggtaaccagttctatttt			CASSYGTLNTEAFF	tgtgccagcagttacgggacactgaacactgaagctttcttt	1	0	1	1	1
clonotype178	UNK_S	1	TRAV12-3*01	TRAJ33*01			TRBV20-1*01	TRBJ1-5*01	CAMSARDRSNYQLIW	tgtgcaatgagcgcaagggataggagcaactatcagttaatctgg			CSARDGQPQHF	tgcagtgctagagacggtcagccccagcatttt	1	0	1	1	1
clonotype1780	UNK_S	1	TRAV41*01	TRAJ22*01	TRAV26-1*01	TRAJ43*01	TRBV30*01	TRBJ1-5*01	CAPRSARQLTF	tgtgctcctcgttctgcaaggcaactgaccttt	CIATLKGDNDMRF	tgcatcgctacccttaagggggacaatgacatgcgcttt	CAWSQRGQGEGQPQHF	tgtgcctggagccaacgtggacagggagagggccagccccagcatttt	2	1	2	2	1
clonotype1781	UNK_S	1	TRAV4*01	TRAJ8*01			TRBV29-1*01	TRBJ2-3*01	CLVGFTGFQKLVF	tgcctcgtgggtttcacaggctttcagaaacttgtattt			CSVEAQDSQAADTQYF	tgcagcgttgaagcccaggacagccaggcggcagatacgcagtatttt	1	0	1	1	1
clonotype1782	UNK_S	1	TRAV22*01	TRAJ20*01			TRBV29-1*01	TRBJ1-2*01	CAVDHDYKLSF	tgtgctgtggaccacgactacaagctcagcttt			CSVDMGQGSFDYGYTF	tgcagcgttgacatgggacaggggtcctttgactatggctacaccttc	1	0	1	1	1
clonotype1783	UNK_S	1	TRAV26-2*01	TRAJ48*01			TRBV20-1*01	TRBJ1-5*01	CILRDFGNEKLTF	tgcatcctgagagactttggaaatgagaaattaaccttt			CSARGGSAGSNQPQHF	tgcagtgctagaggcgggtcggctggtagcaatcagccccagcatttt	1	0	1	1	1
clonotype1784	UNK_S	1	TRAV26-1*01	TRAJ43*01			TRBV18*01	TRBJ2-4*01	CIVRAENNNDMRF	tgcatcgtcagagccgaaaataacaatgacatgcgcttt			CASSQGAKNIQYF	tgtgccagctcacaaggagccaaaaacattcagtacttc	1	0	1	1	1
clonotype1785	UNK_S	1	TRAV25*01	TRAJ29*01			TRBV18*01	TRBJ1-1*01	CAGLGNTPLVF	tgtgcagggttaggaaacacacctcttgtcttt			CASSPPDTQEAFF	tgtgccagctcacccccggatactcaggaagctttcttt	1	0	1	1	1
clonotype1786	UNK_S	1	TRAV16*01	TRAJ35*01	TRAV23/DV6*01	TRAJ29*01	TRBV2*01	TRBJ1-2*01	CALLPLGNVLHC	tgtgctctccttccacttgggaatgtgctgcattgc	CAAARGGNTPLVF	tgtgcagcagcccgagggggaaacacacctcttgtcttt	CASSELMNYGYTF	tgtgccagcagtgagttgatgaactatggctacaccttc	2	1	2	2	1
clonotype1787	UNK_S	1	TRAV9-2*01	TRAJ23*01	TRAV13-2*01	TRAJ4*01	TRBV2*01	TRBJ2-7*01	CALSDRDNQGGKLIF	tgtgctctgagtgatcgcgataaccagggaggaaagcttatcttc	CAEGELIF	tgtgcagagggcgagctgattttt	CASSLTRVYEQYV	tgtgccagcagtttgactagagtctacgagcagtacgtc	2	1	2	2	1
clonotype1788	UNK_S	1	TRAV26-2*01	TRAJ32*01			TRBV2*01	TRBJ2-1*01	CILLGGQRSKLIF	tgcatcctgctggggggacagcgtagcaagctcatcttt			CASLAGTYNEQFF	tgtgccagcctggcagggacctacaatgagcagttcttc	1	0	1	1	1
clonotype1789	UNK_S	1	TRAV29/DV5*01	TRAJ43*01	TRAV26-2*01	TRAJ40*01	TRBV12-5*01	TRBJ1-1*01	CAASAGYNNNDMRF	tgtgcagcaagcgcggggtacaataacaatgacatgcgcttt	CILGSSGTYKYIF	tgcatcctgggatcctcaggaacctacaaatacatcttt	CASGLAAGSEAFF	tgtgctagtggtttggcggcagggagtgaagctttcttt	2	1	2	2	1
clonotype179	UNK_S	1	TRAV8-3*01	TRAJ42*01			TRBV20-1*01	TRBJ2-4*01	CAVGTNYGGSQGNLIF	tgtgctgtgggtacgaattatggaggaagccaaggaaatctcatcttt			CSASSVGLLEF	tgcagtgcttcctccgttggcctcctggaattc	1	0	1	1	1
clonotype1790	UNK_S	1	TRAV4*01	TRAJ38*01			TRBV24-1*01	TRBJ2-5*01	CLVGAGNNRKLIW	tgcctcgttggtgctggcaacaaccgtaagctgatttgg			CATSDGPAEETQYF	tgtgccaccagtgatggtccggccgaggagacccagtacttc	1	0	1	1	1
clonotype1791	UNK_S	1	TRAV26-2*01	TRAJ29*01			TRBV24-1*01	TRBJ2-1*01	CILLFSGNTPLVF	tgcatcctccttttttcaggaaacacacctcttgtcttt			CATSTSGRANEQFF	tgtgccacctcaactagcgggagggcgaatgagcagttcttc	1	0	1	1	1
clonotype1792	UNK_S	1	TRAV35*01	TRAJ39*01			TRBV28*01	TRBJ1-6*01	CAGPPGNMLTF	tgtgctggccccccaggcaacatgctcaccttt			CASRPILYNSPLHF	tgtgccagcagaccgatactttataattcacccctccacttt	1	0	1	1	1
clonotype1793	UNK_S	1	TRAV16*01	TRAJ23*01			TRBV7-9*01	TRBJ1-6*01	CALFNQGGKLIF	tgtgctctttttaaccagggaggaaagcttatcttc			CASSSEGGGTLHF	tgtgccagcagcagcgagggggggggtaccctccacttt	1	0	1	1	1
clonotype1794	UNK_S	1	TRAV13-1*01	TRAJ10*01	TRAV16*01	TRAJ36*01	TRBV7-2*01	TRBJ2-1*01	CAASTGGGNKLTF	tgtgcagcaagcacgggaggaggaaacaaactcaccttt	CALQTGANNLFF	tgtgctcttcaaactggggcaaacaacctcttcttt	CASRQGLRDEQFF	tgtgccagcagacagggtttaagggatgagcagttcttc	2	1	2	2	1
clonotype1795	UNK_S	1	TRAV26-1*01	TRAJ41*01			TRBV7-2*01	TRBJ1-3*01	CIVRVNSGYALNF	tgcatcgtcagagtaaattccgggtatgcactcaacttc			CASSPYVGHTIYF	tgtgccagcagcccgtacgtgggccacaccatatatttt	1	0	1	1	1
clonotype1796	UNK_S	1	TRAV27*01	TRAJ26*01	TRAV13-2*01	TRAJ52*01	TRBV7-6*01	TRBJ2-7*01	CAGSYGQNFVF	tgtgcagggagctatggtcagaattttgtcttt	CAPGAGGTSYGKLTF	tgtgccccgggagctggtggtactagctatggaaagctgacattt	CASSVVLVGEQYF	tgtgccagcagcgtcgttttagtaggcgagcagtacttc	2	1	2	2	1
clonotype1797	UNK_S	1	TRAV1-1*01	TRAJ10*01			TRBV27*01	TRBJ2-7*01	CAVLTGGGNKLTF	tgcgctgtcctcacgggaggaggaaacaaactcaccttt			CASSRDTYSYEQYF	tgtgccagcagccgggacacctactcctacgagcagtacttc	1	0	1	1	1
clonotype1798	UNK_S	1	TRAV26-2*01	TRAJ21*01			TRBV27*01	TRBJ2-1*01	CILQLSNFNKFYF	tgcatcctgcaattgagcaacttcaacaaattttacttt			CASSGTSGRNEQFF	tgtgccagcagcgggactagcgggagaaatgagcagttcttc	1	0	1	1	1
clonotype1799	UNK_S	1	TRAV4*01	TRAJ43*01			TRBV27*01	TRBJ2-5*01	CLVGDGLGNDMRF	tgcctcgtgggtgatggcctcggcaatgacatgcgcttt			CASSLLAEQETQYF	tgtgccagcagtttactagcggagcaagagacccagtacttc	1	0	1	1	1
clonotype18	UNK_S	4	TRAV8-3*01	TRAJ53*01			TRBV6-5*01	TRBJ2-7*01	CAVGHSGGSNYKLTF	tgtgctgtggggcacagtggaggtagcaactataaactgacattt			CASRQRDSYEQYF	tgtgccagcaggcaacgggacagctacgagcagtacttc	4	0	4	1	1
clonotype180	UNK_S	1	TRAV12-3*01	TRAJ18*01			TRBV30*01	TRBJ2-2*01	CAMSANRGSTLGRLYF	tgtgcaatgagcgcgaatagaggctcaaccctggggaggctatacttt			CACQGSGELFF	tgtgcctgccagggatccggggagctgtttttt	1	0	1	1	1
clonotype1800	UNK_S	1	TRAV27*01	TRAJ13*01			TRBV5-6*01	TRBJ1-4*01	CAGAGYQKVTF	tgtgcaggagcgggttaccagaaagttaccttt			CASRNRGQGEKLFF	tgtgccagcagaaacaggggccagggcgaaaaactgtttttt	1	0	1	1	1
clonotype1801	UNK_S	1	TRAV27*01	TRAJ44*01	TRAV26-1*01	TRAJ33*01	TRBV5-6*01	TRBJ2-7*01	CAVINTGTASKLTF	tgtgcagtcataaataccggcactgccagtaaactcaccttt	CIVRVHSNYQLIW	tgcatcgtcagagtccatagcaactatcagttaatctgg	CASSFNRIPYEQYF	tgtgccagcagcttcaacaggataccctacgagcagtacttc	2	1	2	2	1
clonotype1802	UNK_S	1	TRAV16*01	TRAJ35*01	TRAV22*01	TRAJ10*01	TRBV5-4*01	TRBJ2-1*01	CVEAGFGNVLHC	tgtgttgaggctggctttgggaatgtgctgcattgc	CAVEFTGGGNKLTF	tgtgctgtggaattcacgggaggaggaaacaaactcaccttt	CASSPPGTSFEQFF	tgtgccagcagcccacccgggactagctttgagcagttcttc	2	1	2	2	1
clonotype1803	UNK_S	1	TRAV1-2*01	TRAJ15*01			TRBV5-1*01	TRBJ1-2*01	CAVTNQAGTALIF	tgtgctgtaaccaaccaggcaggaactgctctgatcttt			CASSLATGNYGYTF	tgcgccagcagcttggccacagggaactatggctacaccttc	1	0	1	1	1
clonotype1804	UNK_S	1	TRAV1-1*01	TRAJ9*01			TRBV3-1*01	TRBJ2-7*01	CAVRDPGGFKTIF	tgcgctgtgagagatcctggaggcttcaaaactatcttt			CASSQDSGSYEQYF	tgtgccagcagccaagattccgggtcctacgagcagtacttc	1	0	1	1	1
clonotype1805	UNK_S	1	TRAV4*01	TRAJ6*01			TRBV3-1*01	TRBJ2-7*01	CLVGEGGSYIPTF	tgcctcgtgggtgaagggggaagctacatacctacattt			CASSQAIQGYEQYF	tgtgccagcagccaagccatacagggttacgagcagtacttc	1	0	1	1	1
clonotype1806	UNK_S	1	TRAV25*01	TRAJ20*01			TRBV4-3*01	TRBJ1-3*01	CAGANDYKLSF	tgtgcaggggctaacgactacaagctcagcttt			CASSQVLPGNTIYF	tgcgccagcagccaagttttgccgggaaacaccatatatttt	1	0	1	1	1
clonotype1807	UNK_S	1	TRAV26-1*01	TRAJ26*01			TRBV9*01	TRBJ1-1*01	CIVSPRGGQNFVF	tgcatcgtcagcccaagggggggtcagaattttgtcttt			CASSTIGINTEAFF	tgtgccagcagcaccattgggattaacactgaagctttcttt	1	0	1	1	1
clonotype1808	UNK_S	1	TRAV26-1*01	TRAJ22*01			TRBV9*01	TRBJ2-1*01	CIVRDRAARQLTF	tgcatcgtcagggacagagctgcaaggcaactgaccttt			CASSLQGLDNEQFF	tgtgccagcagcctccagggccttgacaatgagcagttcttc	1	0	1	1	1
clonotype1809	UNK_S	1	TRAV1-2*01	TRAJ12*01			TRBV9*01	TRBJ2-7*01	CAVRMDSSYKLIF	tgtgctgttaggatggatagcagctataaattgatcttc			CASSERDYTYEQYF	tgtgccagcagcgaaagggactatacctacgagcagtacttc	1	0	1	1	1
clonotype181	UNK_S	1	TRAV12-2*01	TRAJ37*01			TRBV29-1*01	TRBJ1-5*01	CAVRGSWGSSNTGKLIF	tgtgccgtgagaggaagttggggctctagcaacacaggcaaactaatcttt			CSVGGNQPQHF	tgcagcgttgggggtaatcagccccagcatttt	1	0	1	1	1
clonotype1810	UNK_S	1	TRAV1-2*01	TRAJ20*01	TRAV5*01	TRAJ11*01	TRBV9*01	TRBJ1-1*01	CAVRDRNDYKLSF	tgtgctgtgagagatcggaacgactacaagctcagcttt	CAEKRWGYSTLTF	tgtgcagagaaacggtggggatacagcaccctcaccttt	CASSEILVGTEAFF	tgtgccagcagcgagatcttggtgggcactgaagctttcttt	2	1	2	2	1
clonotype1812	UNK_S	1	TRAV22*01	TRAJ15*01			TRBV9*01	TRBJ2-6*01	CAVMAGTALIF	tgtgctgtgatggcaggaactgctctgatcttt			CASSGVAGANVLTF	tgtgccagcagcggagttgctggggccaacgtcctgactttc	1	0	1	1	1
clonotype1813	UNK_S	1	TRAV1-1*01	TRAJ20*01			TRBV9*01	TRBJ2-2*01	CAVRDGDDYKLSF	tgcgctgtgagagatggggacgactacaagctcagcttt			CASSVGGNTGELFF	tgtgccagcagcgtaggggggaacaccggggagctgtttttt	1	0	1	1	1
clonotype1814	UNK_S	1	TRAV16*01	TRAJ21*01			TRBV14*01	TRBJ1-1*01	CALSEDFNKFYF	tgtgctctaagtgaagacttcaacaaattttacttt			CASSQDTNTEAFF	tgtgccagcagccaagatacaaacactgaagctttcttt	1	0	1	1	1
clonotype1815	UNK_S	1	TRAV25*01	TRAJ5*01			TRBV25-1*01	TRBJ2-5*01	CAGPRGRRALTF	tgtgcagggccccggggcaggagagcacttactttt			CASSETGKQETQYF	tgtgccagcagtgagacagggaaacaagagacccagtacttc	1	0	1	1	1
clonotype1816	UNK_S	1	TRAV13-1*01	TRAJ20*01			TRBV25-1*01	TRBJ2-2*01	CAASKGQLSF	tgtgcagcaagtaagggtcagctcagcttt			CASSALTSFGELFF	tgtgccagcagtgccctcactagctttggggagctgtttttt	1	0	1	1	1
clonotype1817	UNK_S	1	TRAV12-2*01	TRAJ37*01	TRAV12-1*01	TRAJ37*01	TRBV19*01	TRBJ1-5*01	CAVPGSSNTGKLIF	tgtgccgtgcccggctctagcaacacaggcaaactaatcttt	CVVTTGKLIF	tgtgtggtgaccacaggcaaactaatcttt	CASSPSSWDQPQHF	tgtgccagtagtccgagctcctgggaccagccccagcatttt	2	1	2	2	1
clonotype1818	UNK_S	1	TRAV1-1*01	TRAJ24*01			TRBV19*01	TRBJ1-1*01	CAVRDGNSWGKLQF	tgcgctgtgagagatgggaacagctgggggaaattgcagttt			CASSTDGTNTEAFF	tgtgccagtagtacggacggcacaaacactgaagctttcttt	1	0	1	1	1
clonotype1819	UNK_S	1	TRAV26-1*01	TRAJ49*01			TRBV6-6*01	TRBJ2-5*01	CIVRVGGTGNQFYF	tgcatcgtcagagtcggcgggaccggtaaccagttctatttt			CASSYSSRGGTQYF	tgtgccagcagttactcgagtcggggtgggacccagtacttc	1	0	1	1	1
clonotype1820	UNK_S	1	TRAV25*01	TRAJ6*01			TRBV6-5*01	TRBJ2-1*01	CAGKGGSYIPTF	tgtgcagggaagggaggaagctacatacctacattt			CASTRDSSYNEQFF	tgtgccagcacccgggactcctcctacaatgagcagttcttc	1	0	1	1	1
clonotype1821	UNK_S	1	TRAV25*01	TRAJ33*01			TRBV6-5*01	TRBJ1-5*01	CAGPESNYQLIW	tgtgcagggccggaaagcaactatcagttaatctgg			CASRSQGVEQPQHF	tgtgccagcaggtcacaaggggtagaacagccccagcatttt	1	0	1	1	1
clonotype1822	UNK_S	1	TRAV26-2*01	TRAJ22*01			TRBV6-5*01	TRBJ1-2*01	CILRVTGSARQLTF	tgcatcctgagagtcactggttctgcaaggcaactgaccttt			CASSPGQANYGYTF	tgtgccagcagtccgggacaggctaactatggctacaccttc	1	0	1	1	1
clonotype1823	UNK_S	1	TRAV25*01	TRAJ20*01			TRBV6-1*01	TRBJ2-2*01	CAGKGNDYKLSF	tgtgcagggaaagggaacgactacaagctcagcttt			CASRRDRHTGELFF	tgtgccagcagacgggacagacacaccggggagctgtttttt	1	0	1	1	1
clonotype1824	UNK_S	1	TRAV27*01	TRAJ11*01			TRBV6-1*01	TRBJ1-2*01	CAGVLGYSTLTF	tgtgcaggcgttttgggatacagcaccctcaccttt			CASSEARTVDGYTF	tgtgccagcagtgaagccaggacagttgatggctacaccttc	1	0	1	1	1
clonotype1825	UNK_S	1	TRAV20*01	TRAJ40*01	TRAV3*01	TRAJ43*01	TRBV6-1*01	TRBJ2-7*01	CAVQAPGTYKYIF	tgtgctgtgcaggccccaggaacctacaaatacatcttt	CADNNDMRF	tgcgcggataacaatgacatgcgcttt	CASILTSGVYEQYF	tgtgccagcatcttgactagcggagtatacgagcagtacttc	2	1	2	2	1
clonotype1826	UNK_S	1	TRAV26-2*01	TRAJ50*01			TRBV6-2*01	TRBJ2-7*01	CILREKTSYDKVIF	tgcatcctgagagagaaaacctcctacgacaaggtgatattt			CASSYIGPSYEQYF	tgtgccagcagttatatagggccctcctacgagcagtacttc	1	0	1	1	1
clonotype1827	UNK_S	1	TRAV1-2*01	TRAJ40*01			TRBV6-2*01	TRBJ1-6*01	CAVKGTSGTYKYIF	tgtgctgtgaagggaacctcaggaacctacaaatacatcttt			CASSYPKSNSPLHF	tgtgccagcagttacccgaagtctaattcacccctccacttt	1	0	1	1	1
clonotype1828	UNK_S	1	TRAV21*01	TRAJ30*01			TRBV20-1*01	TRBJ2-2*01	CAPGDDKIIF	tgtgccccaggagatgacaagatcatcttt			CSARTGWSANTGELFF	tgcagtgctagaacaggctggagcgcgaacaccggggagctgtttttt	1	0	1	1	1
clonotype1830	UNK_S	1	TRAV25*01	TRAJ22*01			TRBV20-1*01	TRBJ1-6*01	CAGDRSARQLTF	tgtgcaggggacaggtctgcaaggcaactgaccttt			CSAIDPRGGNNSPLHF	tgcagtgctatcgatccgcggggtgggaataattcacccctccacttt	1	0	1	1	1
clonotype1831	UNK_S	1	TRAV26-1*01	TRAJ29*01			TRBV20-1*01	TRBJ2-4*01	CIVRVTSGNTPLVF	tgcatcgtcagagttacttcaggaaacacacctcttgtcttt			CSVKWGGSLAKNIQYF	tgcagtgtaaaatgggggggatctttagccaaaaacattcagtacttc	1	0	1	1	1
clonotype1832	UNK_S	1	TRAV25*01	TRAJ38*01			TRBV12-4*01	TRBJ1-2*01	CAGTGNNRKLIW	tgtgcagggactggcaacaaccgtaagctgatttgg			CASSFGGNYGYTF	tgtgccagcagttttgggggaaactatggctacaccttc	1	0	1	1	1
clonotype1833	UNK_S	1	TRAV29/DV5*01	TRAJ28*01	TRAV39*01	TRAJ49*01	TRBV2*01	TRBJ2-7*01	CAASAITGAGSYQLTF	tgtgcagcaagcgcgattacgggggctgggagttaccaactcactttc	CAVDLSGNQFYF	tgtgccgtggacctgtccggtaaccagttctatttt	CASTLTGAYEQYF	tgtgccagcacgttgacaggagcctacgagcagtacttc	2	1	2	2	1
clonotype1834	UNK_S	1	TRAV1-2*01	TRAJ40*01			TRBV2*01	TRBJ2-5*01	CAVRDNPGTYKYIF	tgtgctgtgagagataacccaggaacctacaaatacatcttt			CASSQRGPETQYF	tgtgccagcagtcaaagggggcctgagacccagtacttc	1	0	1	1	1
clonotype1835	UNK_S	1	TRAV12-2*01	TRAJ12*01			TRBV2*01	TRBJ1-2*01	CAVKDKLIF	tgtgccgtgaaagataaattgatcttc			CASSTETNYGYTF	tgtgccagctccacggaaactaactatggctacaccttc	1	0	1	1	1
clonotype1837	UNK_S	1	TRAV13-1*01	TRAJ13*01			TRBV28*01	TRBJ2-7*01	CSGGYQKVTF	tgttcggggggttaccagaaagttaccttt			CASRNRDTIYEQYF	tgtgccagcagaaaccgggacactatctacgagcagtacttc	1	0	1	1	1
clonotype1838	UNK_S	1	TRAV13-2*01	TRAJ56*01	TRAV26-2*01	TRAJ54*01	TRBV28*01	TRBJ2-7*01	CAENMGSGANSKLTF	tgtgcagagaatatgggatctggagccaatagtaagctgacattt	CIPSIIQGAQKLVF	tgcatcccgagtataattcagggagcccagaagctggtattt	CASSRSGSPREQYF	tgtgccagcagtaggagcgggagtcctcgcgagcagtacttc	2	1	2	2	1
clonotype1839	UNK_S	1	TRAV1-2*01	TRAJ15*01			TRBV28*01	TRBJ2-1*01	CAVRDQGRGTALIF	tgtgctgtgagagatcaagggaggggaactgctctgatcttt			CASSSQTSGSEQFF	tgtgccagcagttcacagactagcgggtctgagcagttcttc	1	0	1	1	1
clonotype184	UNK_S	1	TRAV38-1*01	TRAJ45*01			TRBV20-1*01	TRBJ2-1*01	CAFANPYSGGGADGLTF	tgtgctttcgcaaatccgtattcaggaggaggtgctgacggactcaccttt			CSGVDGYEQFF	tgcagtggggtagacgggtatgagcagttcttc	1	0	1	1	1
clonotype1840	UNK_S	1	TRAV39*01	TRAJ49*01			TRBV28*01	TRBJ1-1*01	CAGANTGNQFYF	tgtgccggagcgaacaccggtaaccagttctatttt			CASSFTGLNTEAFF	tgtgccagcagttttacagggttaaacactgaagctttcttt	1	0	1	1	1
clonotype1841	UNK_S	1	TRAV1-1*01	TRAJ8*01			TRBV28*01	TRBJ2-3*01	CAVRDGTGFQKLVF	tgcgctgtgagagatgggacaggctttcagaaacttgtattt			CASYSGTSTDTQYF	tgtgccagttattccgggactagcacagatacgcagtatttt	1	0	1	1	1
clonotype1843	UNK_S	1	TRAV26-2*01	TRAJ37*01	TRAV26-1*01	TRAJ44*01	TRBV7-9*01	TRBJ2-1*01	CILTKYGSSNTGKLIF	tgcatcctgacgaagtacggctctagcaacacaggcaaactaatcttt	CIVRYTGTASKLTF	tgcatcgtcagatataccggcactgccagtaaactcaccttt	CASTRAADNEQFF	tgtgccagcaccagagcagctgacaatgagcagttcttc	2	1	2	2	1
clonotype1844	UNK_S	1	TRAV39*01	TRAJ54*01			TRBV7-3*01	TRBJ1-2*01	CAVDGGAQKLVF	tgtgccgtggacgggggagcccagaagctggtattt			CASSQGGGYGYTF	tgtgccagcagccaaggggggggctatggctacaccttc	1	0	1	1	1
clonotype1845	UNK_S	1	TRAV27*01	TRAJ57*01			TRBV7-2*01	TRBJ1-5*01	CERKGGSEKLVF	tgtgaacggaagggcggatctgaaaagctggtcttt			CASSLGGGQPQHF	tgtgccagcagcttaggaggagggcagccccagcatttt	1	0	1	1	1
clonotype1846	UNK_S	1	TRAV26-1*01	TRAJ50*01			TRBV7-2*01	TRBJ1-1*01	CIVSPKTSYDKVIF	tgcatcgtctccccgaaaacctcctacgacaaggtgatattt			CASSFERGPTAFF	tgtgccagcagctttgagcgaggccctacggctttcttt	1	0	1	1	1
clonotype1847	UNK_S	1	TRAV12-2*01	TRAJ48*01			TRBV7-6*01	TRBJ1-1*01	CAVSQKLTF	tgtgccgtgagtcagaaattaaccttt			CASSLAEDTEAFF	tgtgccagcagcttagcggaggacactgaagctttcttt	1	0	1	1	1
clonotype1848	UNK_S	1	TRAV27*01	TRAJ12*01	TRAV26-2*01	TRAJ18*01	TRBV10-1*01	TRBJ2-3*01	CAGKGSSYKLIF	tgtgcagggaagggtagcagctataaattgatcttc	CILRDRGSTLGRLYF	tgcatcctgagagacagaggctcaaccctggggaggctatacttt	CASSERAVTDTQYF	tgcgccagcagtgagagggccgtcacagatacgcagtatttt	2	1	2	2	1
clonotype1849	UNK_S	1	TRAV3*01	TRAJ34*01	TRAV4*01	TRAJ29*01	TRBV27*01	TRBJ2-7*01	CAVSHQVNTDKLIF	tgtgctgtgagtcatcaagttaacaccgacaagctcatcttt	CLVGDDPGNTPLVF	tgcctcgtgggtgacgatccaggaaacacacctcttgtcttt	CASSLTGAGGEQYF	tgtgccagcagcctgacaggggccgggggcgagcagtacttc	2	1	2	2	1
clonotype1850	UNK_S	1	TRAV13-1*01	TRAJ43*01			TRBV27*01	TRBJ2-4*01	CAASKNDMRF	tgtgcagcaagtaagaatgacatgcgcttt			CASSPTGFRNIQYF	tgtgccagcagtcccacagggttccgaaacattcagtacttc	1	0	1	1	1
clonotype1851	UNK_S	1	TRAV26-1*01	TRAJ31*01			TRBV27*01	TRBJ2-2*01	CIVRVSNNNARLMF	tgcatcgtcagagtcagtaataacaatgccagactcatgttt			CASSRSGGTGELFF	tgtgccagcagtcgatcggggggcaccggggagctgtttttt	1	0	1	1	1
clonotype1852	UNK_S	1	TRAV4*01	TRAJ3*01			TRBV27*01	TRBJ2-1*01	CLVGDYSSASKIIF	tgcctcgtgggtgactacagcagtgcttccaagataatcttt			CASSGLAGYNEQFF	tgtgccagcagtggactagcgggatacaatgagcagttcttc	1	0	1	1	1
clonotype1853	UNK_S	1	TRAV35*01	TRAJ30*01	TRAV26-2*01	TRAJ57*01	TRBV27*01	TRBJ2-7*01	CAGDINRDDKIIF	tgtgctggggacattaacagagatgacaagatcatcttt	CILRFQGGSEKLVF	tgcatcctgagatttcagggcggatctgaaaagctggtcttt	CASSVYRGSYEQYF	tgtgccagcagtgtctacaggggctcctacgagcagtacttc	2	1	2	2	1
clonotype1854	UNK_S	1	TRAV39*01	TRAJ49*01	TRAV8-1*01	TRAJ49*01	TRBV5-4*01	TRBJ2-3*01	CAVFVTGNQFYF	tgtgccgtgttcgttaccggtaaccagttctatttt	CAVNTTGNQFYF	tgtgccgtgaacaccaccggtaaccagttctatttt	CASSLLYGTDTQYF	tgtgccagcagcttgttgtacggcacagatacgcagtatttt	2	1	2	2	1
clonotype1855	UNK_S	1	TRAV4*01	TRAJ26*01			TRBV5-1*01	TRBJ1-1*01	CLVGLDNYGQNFVF	tgcctcgtgggtctcgataactatggtcagaattttgtcttt			CASSPLAGDTEAFF	tgcgccagcagccctttagcgggcgacactgaagctttcttt	1	0	1	1	1
clonotype1856	UNK_S	1	TRAV4*01	TRAJ37*01			TRBV5-1*01	TRBJ2-3*01	CLVGRSSNTGKLIF	tgcctcgtgggtcgaagtagcaacacaggcaaactaatcttt			CASSLGTSTDTQYF	tgcgccagcagcttggggaccagcacagatacgcagtatttt	1	0	1	1	1
clonotype1858	UNK_S	1	TRAV1-2*01	TRAJ29*01			TRBV5-1*01	TRBJ2-1*01	CAVRLNSGNTPLVF	tgtgctgtgagattgaattcaggaaacacacctcttgtcttt			CASSARGVLNEQFF	tgcgccagcagtgccaggggtgttctgaatgagcagttcttc	1	0	1	1	1
clonotype1859	UNK_S	1	TRAV16*01	TRAJ34*01			TRBV5-1*01	TRBJ2-7*01	CALSVINTDKLIF	tgtgctctaagtgtaattaacaccgacaagctcatcttt			CASGKDRISYEQYF	tgcgccagcggaaaggacaggatctcctacgagcagtacttc	1	0	1	1	1
clonotype186	UNK_S	1	TRAV23/DV6*01	TRAJ52*01			TRBV20-1*01	TRBJ2-1*01	CAASLLAGGTSYGKLTF	tgtgcagcaagccttcttgctggtggtactagctatggaaagctgacattt			CSATRGSRAFF	tgcagtgctaccagggggtccagggcgttcttc	1	0	1	1	1
clonotype1860	UNK_S	1	TRAV16*01	TRAJ34*01			TRBV3-1*01	TRBJ1-1*01	CALVSYNTDKLIF	tgtgctcttgtctcttataacaccgacaagctcatcttt			CASRKNAGNTEAFF	tgtgccagcagaaagaatgcaggaaacactgaagctttcttt	1	0	1	1	1
clonotype1861	UNK_S	1	TRAV16*01	TRAJ9*01			TRBV4-1*01	TRBJ1-2*01	CALRNTGGFKTIF	tgtgctctaagaaatactggaggcttcaaaactatcttt			CASSQGLTSQGYTF	tgcgccagcagccaagggttgaccagccaaggctacaccttc	1	0	1	1	1
clonotype1862	UNK_S	1	TRAV1-2*01	TRAJ44*01			TRBV4-1*01	TRBJ2-3*01	CAVRTTGTASKLTF	tgtgctgtgagaaccaccggcactgccagtaaactcaccttt			CASAGLAGADTQYF	tgcgccagcgcgggactagcgggagcagatacgcagtatttt	1	0	1	1	1
clonotype1863	UNK_S	1	TRAV26-1*01	TRAJ36*01			TRBV9*01	TRBJ1-4*01	CIVKRQTGANNLFF	tgcatcgtcaagcgccaaactggggcaaacaacctcttcttt			CASSADGLNEKLFF	tgtgccagcagcgcggacggccttaatgaaaaactgtttttt	1	0	1	1	1
clonotype1864	UNK_S	1	TRAV24*01	TRAJ6*01			TRBV9*01	TRBJ2-5*01	CASETGF	tgtgcctcagagactggattt			CASSGGGTQETQYF	tgtgccagcagcggaggggggactcaagagacccagtacttc	1	0	1	1	1
clonotype1865	UNK_S	1	TRAV26-1*01	TRAJ56*01			TRBV11-3*01	TRBJ1-1*01	CIVRALGANSKLTF	tgcatcgtcagagcccttggagccaatagtaagctgacattt			CASSLEVNTEAFF	tgtgccagcagcttagaggtgaacactgaagctttcttt	1	0	1	1	1
clonotype1866	UNK_S	1	TRAV4*01	TRAJ32*01			TRBV25-1*01	TRBJ2-7*01	CAENYGGATNKLIF	tgtgcagagaattatggtggtgctacaaacaagctcatcttt			CASTAPGASYEQYF	tgtgccagcacagcccccggggcctcctacgagcagtacttc	1	0	1	1	1
clonotype1867	UNK_S	1	TRAV8-1*01	TRAJ31*01	TRAV12-2*01	TRAJ27*01	TRBV6-4*01	TRBJ2-2*01	CAVNNARLMF	tgtgccgttaacaatgccagactcatgttt	CASQSNAGKSTF	tgtgcctcccagagcaatgcaggcaaatcaaccttt	CASSDFGGTGELFF	tgtgccagcagtgacttcggtgggaccggggagctgtttttt	2	1	2	2	1
clonotype1868	UNK_S	1	TRAV26-1*01	TRAJ37*01			TRBV19*01	TRBJ1-2*01	CIVGGGSSNTGKLIF	tgcatcgttggggggggctctagcaacacaggcaaactaatcttt			CASSAPQRAYGYTF	tgtgccagtagtgccccacaaagagcatacggctacaccttc	1	0	1	1	1
clonotype1869	UNK_S	1	TRAV8-4*01	TRAJ30*01	TRAV17*01	TRAJ7*01	TRBV19*01	TRBJ1-2*01	CAVTSNRDDKIIF	tgtgctgtgacctcgaacagagatgacaagatcatcttt	CAHYGNNRLAF	tgtgctcactatgggaacaacagactcgctttt	CASSGRQRNYGYTF	tgtgccagtagtggaagacagaggaactatggctacaccttc	2	1	2	2	1
clonotype187	UNK_S	1	TRAV6*01	TRAJ6*01			TRBV30*01	TRBJ1-2*01	CALDKAGGSYIPTF	tgtgctctagacaaggcaggaggaagctacatacctacattt			CAGDGIYGYTF	tgtgccggggacggtatttatggctacaccttc	1	0	1	1	1
clonotype1872	UNK_S	1	TRAV26-1*01	TRAJ33*01			TRBV6-5*01	TRBJ1-1*01	CIVRVWGDSNYQLIW	tgcatcgtcagagtctggggggatagcaactatcagttaatctgg			CASSSQGRNTEAFF	tgtgccagcagctctcaggggaggaacactgaagctttcttt	1	0	1	1	1
clonotype1873	UNK_S	1	TRAV12-1*01	TRAJ40*01			TRBV6-5*01	TRBJ2-2*01	CVGSGTYKYIF	tgtgtgggctcaggaacctacaaatacatcttt			CASSLSQGVEELFF	tgtgccagcagcttatctcagggggtagaggagctgtttttt	1	0	1	1	1
clonotype1875	UNK_S	1	TRAV22*01	TRAJ58*01			TRBV6-1*01	TRBJ1-1*01	CAVEGTSGSRLTF	tgtgctgtggagggaaccagtggctctaggttgaccttt			CASSAGTRNTEAFF	tgtgccagcagtgccgggacaaggaacactgaagctttcttt	1	0	1	1	1
clonotype1876	UNK_S	1	TRAV22*01	TRAJ7*01			TRBV6-2*01	TRBJ2-5*01	CAVTYYGNNRLAF	tgtgctgttacctactatgggaacaacagactcgctttt			CASRGRDIRETQYF	tgtgccagcaggggccgggacataagagagacccagtacttc	1	0	1	1	1
clonotype1877	UNK_S	1	TRAV13-1*01	TRAJ28*01			TRBV6-2*01	TRBJ1-2*01	CAASGSYQLTF	tgtgcagcctctgggagttaccaactcactttc			CASSYSSLGDGYTF	tgtgccagcagttactcgtcacttggggatggctacaccttc	1	0	1	1	1
clonotype1879	UNK_S	1	TRAV12-1*01	TRAJ7*01	TRAV2*01	TRAJ30*01	TRBV30*01	TRBJ2-2*01	CVVNIYGNNRLAF	tgtgtggtgaacatctatgggaacaacagactcgctttt	CAVNRDDKIIF	tgtgctgtgaacagagatgacaagatcatcttt	CAWSVRGPGGTGELFF	tgtgcctggagtgtaagggggccgggaggcaccggggagctgtttttt	2	1	2	2	1
clonotype1880	UNK_S	1	TRAV26-2*01	TRAJ53*01			TRBV20-1*01	TRBJ1-3*01	CILMNSGGSNYKLTF	tgcatcctgatgaatagtggaggtagcaactataaactgacattt			CSARDPTGGTGNTIYF	tgcagtgctagagacccgacagggggtacaggaaacaccatatatttt	1	0	1	1	1
clonotype1881	UNK_S	1	TRAV25*01	TRAJ6*01			TRBV20-1*01	TRBJ1-3*01	CAASSGGSYIPTF	tgtgcggcctcatcaggaggaagctacatacctacattt			CSARDETGRHGNTIYF	tgcagtgctagagatgagacaggccgacatggaaacaccatatatttt	1	0	1	1	1
clonotype1882	UNK_S	1	TRAV25*01	TRAJ9*01			TRBV20-1*01	TRBJ1-1*01	CAGRNTGGFKTIF	tgtgcaggaaggaatactggaggcttcaaaactatcttt			CSARGRRDRGGTEAFF	tgcagtgctagaggtcgacgggacaggggtggcactgaagctttcttt	1	0	1	1	1
clonotype1883	UNK_S	1	TRAV25*01	TRAJ11*01			TRBV20-1*01	TRBJ2-3*01	CAGLNSGYSTLTF	tgtgcagggttaaattcaggatacagcaccctcaccttt			CSAEGETSGGTDTQYF	tgcagtgctgagggggagactagcgggggcacagatacgcagtatttt	1	0	1	1	1
clonotype1884	UNK_S	1	TRAV27*01	TRAJ41*01			TRBV20-1*01	TRBJ2-1*01	CAGVGNSGYALNF	tgtgcaggagtaggtaattccgggtatgcactcaacttc			CSASGLADAGYNEQFF	tgcagtgcttcaggactagcggacgcggggtacaatgagcagttcttc	1	0	1	1	1
clonotype1885	UNK_S	1	TRAV25*01	TRAJ35*01			TRBV18*01	TRBJ2-1*01	CAGYIGFGNVLHC	tgtgcagggtatataggctttgggaatgtgctgcattgc			CASSRTSGDEQFF	tgtgccagctcacgtactagcggggatgagcagttcttc	1	0	1	1	1
clonotype1886	UNK_S	1	TRAV17*01	TRAJ23*01			TRBV12-4*01	TRBJ2-1*01	CSSYEGGKLIF	tgttcctcctatgagggaggaaagcttatcttc			CASRWTAYNEQFF	tgtgccagcaggtggacagcatacaatgagcagttcttc	1	0	1	1	1
clonotype1889	UNK_S	1	TRAV9-2*01	TRAJ31*01			TRBV12-3*01	TRBJ1-5*01	CALNNNARLMF	tgtgctctgaataacaatgccagactcatgttt			CASSFQINQPQHF	tgtgccagcagtttccaaatcaatcagccccagcatttt	1	0	1	1	1
clonotype1891	UNK_S	1	TRAV39*01	TRAJ44*01			TRBV2*01	TRBJ1-1*01	CAGDTGTASKLTF	tgtgccggggataccggcactgccagtaaactcaccttt			CASSWDNQYEAFF	tgtgccagtagctgggacaaccaatatgaagctttcttt	1	0	1	1	1
clonotype1893	UNK_S	1	TRAV4*01	TRAJ22*01			TRBV24-1*01	TRBJ2-5*01	CLVGDHRGSARQLTF	tgcctcgtgggtgaccataggggttctgcaaggcaactgaccttt			CATSDNRGLETQYF	tgtgccaccagtgacaacagggggctagagacccagtacttc	1	0	1	1	1
clonotype1894	UNK_S	1	TRAV4*01	TRAJ32*01			TRBV24-1*01	TRBJ2-2*01	CLVGWAGGATNKLIF	tgcctcgtgggttgggctggtggtgctacaaacaagctcatcttt			CATGLPSNTGELFF	tgtgccaccggcctcccctcgaacaccggggagctgtttttt	1	0	1	1	1
clonotype1895	UNK_S	1	TRAV21*01	TRAJ42*01	TRAV2*01	TRAJ13*01	TRBV28*01	TRBJ1-1*01	CAPRSQGNLIF	tgtgctccccgaagccaaggaaatctcatcttt	CAVNSGGYQKVTF	tgtgctgtgaattctgggggttaccagaaagttaccttt	CASSPSGGNTEAFF	tgtgccagcagtccatccggcgggaacactgaagctttcttt	2	1	2	2	1
clonotype1896	UNK_S	1	TRAV26-2*01	TRAJ9*01			TRBV28*01	TRBJ2-1*01	CILRDVGTGGFKTIF	tgcatcctgagagacgtgggtactggaggcttcaaaactatcttt			CASYRTSGTNEQFF	tgtgccagctataggactagcggaaccaatgagcagttcttc	1	0	1	1	1
clonotype1897	UNK_S	1	TRAV27*01	TRAJ13*01	TRAV36/DV7*01	TRAJ20*01	TRBV5-8*01	TRBJ1-2*01	CAGAMNSGGYQKVTF	tgtgcaggagctatgaattctgggggttaccagaaagttaccttt	CAALDYKLSF	tgtgctgccttagactacaagctcagcttt	CASSLQGLDYGYTF	tgtgccagcagcctacagggcctagactatggctacaccttc	2	1	2	2	1
clonotype1898	UNK_S	1	TRAV9-2*01	TRAJ52*01	TRAV26-2*01	TRAJ53*01	TRBV5-8*01	TRBJ2-2*01	CALGSGTSYGKLTF	tgtgccctcgggagcggtactagctatggaaagctgacattt	CIKRNSGGSNYKLTF	tgcatcaagaggaatagtggaggtagcaactataaactgacattt	CASSLVGFTGELFF	tgtgccagcagcttggttggcttcaccggggagctgtttttt	2	1	2	2	1
clonotype1899	UNK_S	1	TRAV25*01	TRAJ46*01			TRBV10-3*01	TRBJ1-6*01	CAGRKSSGDKLTF	tgtgcagggcggaaaagcagcggagacaagctgactttt			CAISDPRGGSPLHF	tgtgccatcagtgaccccaggggaggttcacccctccacttt	1	0	1	1	1
clonotype19	UNK_S	4	TRAV14/DV4*01	TRAJ3*01			TRBV5-4*01	TRBJ2-6*01	CAMREGPHSSASKIIF	tgtgcaatgagagagggcccgcacagcagtgcttccaagataatcttt			CASWDRLSGANVLTF	tgtgccagctgggacaggctctctggggccaacgtcctgactttc	4	0	4	1	1
clonotype1900	UNK_S	1	TRAV26-1*01	TRAJ45*01			TRBV10-3*01	TRBJ1-1*01	CIVKARGGGADGLTF	tgcatcgtcaaagcgcggggaggaggtgctgacggactcaccttt			CAISESEGDTEAFF	tgtgccatcagtgagtcggagggggacactgaagctttcttt	1	0	1	1	1
clonotype1902	UNK_S	1	TRAV26-2*01	TRAJ43*01			TRBV10-3*01	TRBJ1-4*01	CILRDVTPINNDMRF	tgcatcctgagagacgtaacccccatcaacaatgacatgcgcttt			CAIRGPSTDEKLFF	tgtgccataagggggccaagcacggatgaaaaactgtttttt	1	0	1	1	1
clonotype1903	UNK_S	1	TRAV20*01	TRAJ54*01			TRBV10-3*01	TRBJ2-5*01	CASQGAQKLVF	tgtgcttcccagggagcccagaagctggtattt			CAISESKAAETQYF	tgtgccatcagtgagtcgaaggctgcggagacccagtacttc	1	0	1	1	1
clonotype1904	UNK_S	1	TRAV27*01	TRAJ42*01	TRAV26-1*01	TRAJ44*01	TRBV7-9*01	TRBJ1-1*01	CAGYPAYGGSQGNLIF	tgtgcaggctaccctgcctatggaggaagccaaggaaatctcatcttt	CIVRVTTGTASKLTF	tgcatcgtcagagtcacgaccggcactgccagtaaactcaccttt	CASTTGAPRDAFF	tgtgccagcaccaccggggccccgagggacgctttcttt	2	1	2	2	1
clonotype1905	UNK_S	1	TRAV38-1*01	TRAJ57*01	TRAV41*01	TRAJ49*01	TRBV7-9*01	TRBJ1-4*01	CAFITQGGSEKLVF	tgtgctttcataactcagggcggatctgaaaagctggtcttt	CAVRGGNQFYF	tgtgctgtcaggggcggtaaccagttctatttt	CASSKKAIGELFF	tgtgccagcagcaagaaggccataggagagctgtttttt	2	1	2	2	1
clonotype1906	UNK_S	1	TRAV21*01	TRAJ33*01			TRBV7-9*01	TRBJ2-7*01	CAVTTDYQLIW	tgtgctgtgacgacggactatcagttaatctgg			CASLGQGRYEQYV	tgtgccagcctaggacagggaaggtacgagcagtacgtc	1	0	1	1	1
clonotype1908	UNK_S	1	TRAV12-1*01	TRAJ23*01			TRBV7-3*01	TRBJ2-7*01	CVVNKGGKLIF	tgtgtggtgaacaagggaggaaagcttatcttc			CASSLAPNYEQYF	tgtgccagcagcttagcccccaactacgagcagtacttc	1	0	1	1	1
clonotype1909	UNK_S	1	TRAV21*01	TRAJ47*01			TRBV7-3*01	TRBJ1-1*01	CAVRDGNKLVF	tgtgctgtgagggatggaaacaagctggtcttt			CASSLGVNTEAFF	tgtgccagcagtcttggggtgaacactgaagctttcttt	1	0	1	1	1
clonotype1910	UNK_S	1	TRAV26-2*01	TRAJ37*01			TRBV11-2*01	TRBJ2-1*01	CILRDGSSNTGKLIF	tgcatcctgagagacggctctagcaacacaggcaaactaatcttt			CASTPGTVHEQFF	tgtgccagtaccccagggacagtccatgagcagttcttc	1	0	1	1	1
clonotype1911	UNK_S	1	TRAV13-1*01	TRAJ27*01			TRBV7-2*01	TRBJ1-2*01	CAAIPAGKSTF	tgtgcagcaattcccgcaggcaaatcaaccttt			CASTPNHQGGYTF	tgtgccagcaccccgaatcaccaaggaggctacaccttc	1	0	1	1	1
clonotype1912	UNK_S	1	TRAV39*01	TRAJ15*01			TRBV7-2*01	TRBJ2-1*01	CAVGLQAGTALIF	tgtgccgtgggtctccaggcaggaactgctctgatcttt			CASSSLLASEQFF	tgtgccagcagctccctactcgctagtgagcagttcttc	1	0	1	1	1
clonotype1914	UNK_S	1	TRAV27*01	TRAJ12*01	TRAV26-2*01	TRAJ53*01	TRBV7-2*01	TRBJ2-3*01	CAGEMVDSSYKLIF	tgtgcaggagaaatggtggatagcagctataaattgatcttc	CILRDKGGSNYKLTF	tgcatcctgagagacaagggaggtagcaactataaactgacattt	CASSLALGWEQYF	tgtgccagcagcttagcgctcgggtgggagcagtatttt	2	1	2	2	1
clonotype1915	UNK_S	1	TRAV1-2*01	TRAJ36*01			TRBV10-2*01	TRBJ1-1*01	CAVRDDQTGANNLFF	tgtgctgtgagagatgatcaaactggggcaaacaacctcttcttt			CASSREARDTEAFF	tgcgccagcagtcgcgaggcgcgggacactgaagctttcttt	1	0	1	1	1
clonotype1916	UNK_S	1	TRAV16*01	TRAJ13*01			TRBV10-2*01	TRBJ1-5*01	CALSDSGGYQKVTF	tgtgctctaagcgattctgggggttaccagaaagttaccttt			CASSERSPNQPQHF	tgcgccagcagtgagcgaagtcccaatcagccccagcatttt	1	0	1	1	1
clonotype1917	UNK_S	1	TRAV39*01	TRAJ23*01			TRBV27*01	TRBJ2-7*01	CAVEMNQGGKLIF	tgtgccgtggagatgaaccagggaggaaagcttatcttc			CASRSLGQTGEQYF	tgtgccagcagatccttggggcagactggggagcagtacttc	1	0	1	1	1
clonotype1918	UNK_S	1	TRAV26-2*01	TRAJ28*01			TRBV27*01	TRBJ2-7*01	CILRDYGAGSYQLTF	tgcatcctgagagactacggggctgggagttaccaactcactttc			CASRRLGDSYEQYF	tgtgccagcaggcggctcggggacagctacgagcagtacttc	1	0	1	1	1
clonotype1919	UNK_S	1	TRAV30*01	TRAJ37*01			TRBV27*01	TRBJ1-6*01	CVSSNTGKLIF	tgcgtctctagcaacacaggcaaactaatcttt			CASSYRGSNSPLHF	tgtgccagcagttatcggggctcaaattcacccctccacttt	1	0	1	1	1
clonotype1920	UNK_S	1	TRAV4*01	TRAJ50*01			TRBV27*01	TRBJ2-7*01	CLVGDSKTSYDKVIF	tgcctcgtgggtgactcgaaaacctcctacgacaaggtgatattt			CASSFGLLGDEQYF	tgtgccagcagttttggccttttaggtgacgagcagtacttc	1	0	1	1	1
clonotype1921	UNK_S	1	TRAV12-2*01	TRAJ9*01	TRAV2*01	TRAJ39*01	TRBV27*01	TRBJ2-1*01	CAVSPEDTGGFKTIF	tgtgccgtgagcccagaggatactggaggcttcaaaactatcttt	CAGPINNMLTF	tgtgctgggcccatcaacaacatgctcaccttt	CASQPGLEGNEQFF	tgtgccagccaaccgggactagagggcaatgagcagttcttc	2	1	2	2	1
clonotype1922	UNK_S	1	TRAV27*01	TRAJ21*01			TRBV5-6*01	TRBJ1-1*01	CAGGVYNFNKFYF	tgtgcaggaggggtatacaacttcaacaaattttacttt			CASSLGQMNTEAFF	tgtgccagcagcttgggacagatgaacactgaagctttcttt	1	0	1	1	1
clonotype1923	UNK_S	1	TRAV35*01	TRAJ33*01			TRBV5-4*01	TRBJ2-2*01	CAGQLGSNYQLIW	tgtgctgggcagttgggcagcaactatcagttaatctgg			CASSLGRNTGELFF	tgtgccagcagcttgggccggaacaccggggagctgtttttt	1	0	1	1	1
clonotype1924	UNK_S	1	TRAV12-1*01	TRAJ49*01			TRBV5-4*01	TRBJ2-1*01	CVVIAGNQFYF	tgtgtggtgatagccggtaaccagttctatttt			CATRTSGRYNEQFF	tgtgccaccaggactagcgggagatacaatgagcagttcttc	1	0	1	1	1
clonotype1925	UNK_S	1	TRAV2*01	TRAJ29*01			TRBV5-1*01	TRBJ2-1*01	CAVGGNTPLVF	tgtgctgtggggggaaacacacctcttgtcttt			CASSTDRVWNEQFF	tgcgccagcagcaccgacagggtatggaatgagcagttcttc	1	0	1	1	1
clonotype1926	UNK_S	1	TRAV27*01	TRAJ27*01			TRBV5-1*01	TRBJ2-7*01	CAGANTNAGKSTF	tgtgcaggggctaacaccaatgcaggcaaatcaaccttt			CASSRLTSGSEQYF	tgcgccagcagccgattgactagcgggagcgagcagtacttc	1	0	1	1	1
clonotype1927	UNK_S	1	TRAV25*01	TRAJ26*01			TRBV5-1*01	TRBJ1-5*01	CAGPGNYGQNFVF	tgtgcagggcccgggaactatggtcagaattttgtcttt			CASSLTGNNQPQHF	tgcgccagcagcttgacagggaataatcagccccagcatttt	1	0	1	1	1
clonotype1928	UNK_S	1	TRAV19*01	TRAJ17*01	TRAV16*01	TRAJ31*01	TRBV5-1*01	TRBJ2-1*01	CALSEAIKAAGNKLTF	tgtgctctgagtgaggccatcaaagctgcaggcaacaagctaactttt	CALSPTHNNARLMF	tgtgctctaagtccgactcataacaatgccagactcatgttt	CASSLEGPVNEQFF	tgcgccagcagcttggaagggcctgtcaatgagcagttcttc	2	1	2	2	1
clonotype1929	UNK_S	1	TRAV21*01	TRAJ37*01	TRAV2*01	TRAJ43*01	TRBV5-1*01	TRBJ2-1*01	CAVIVRGSSNTGKLIF	tgtgctgtgatagttcggggctctagcaacacaggcaaactaatcttt	CAPHNNNDMRF	tgtgccccccacaataacaatgacatgcgcttt	CASSLVTGDNEQFF	tgcgccagcagcttggtgacaggagacaatgagcagttcttc	2	1	2	2	1
clonotype1930	UNK_S	1	TRAV25*01	TRAJ17*01			TRBV12-4*01	TRBJ2-1*01	CAGPGAAGNKLTF	tgtgcagggccgggagctgcaggcaacaagctaactttt			CASRRSGSGEQFF	tgtgccagcagacgaagcgggagcggtgagcagttcttc	1	0	1	1	1
clonotype1931	UNK_S	1	TRAV27*01	TRAJ27*01			TRBV3-1*01	TRBJ2-1*01	CAGATTNAGKSTF	tgtgcaggagctacgaccaatgcaggcaaatcaaccttt			CASSQDRRGNEQFF	tgtgccagcagccaagatcgcagggggaatgagcagttcttc	1	0	1	1	1
clonotype1932	UNK_S	1	TRAV41*01	TRAJ42*01			TRBV3-1*01	TRBJ1-2*01	CAVGSQGNLIF	tgtgctgtaggaagccaaggaaatctcatcttt			CASSQDRRGGGYTF	tgtgccagcagccaagatcggcgggggggaggctacaccttc	1	0	1	1	1
clonotype1933	UNK_S	1	TRAV5*01	TRAJ43*01			TRBV3-1*01	TRBJ1-4*01	CAPSGGDMRF	tgtgcaccgagcggtggtgacatgcgcttt			CASSHPTGNEKLFF	tgtgccagcagccacccgacagggaatgaaaaactgtttttt	1	0	1	1	1
clonotype1934	UNK_S	1	TRAV20*01	TRAJ31*01			TRBV4-1*01	TRBJ1-2*01	CAVNNNARLMF	tgtgccgtgaataacaatgccagactcatgttt			CASSQDPGADGYTF	tgcgccagcagccaagatccaggggcggatggctacaccttc	1	0	1	1	1
clonotype1935	UNK_S	1	TRAV12-1*01	TRAJ11*01			TRBV4-2*01	TRBJ2-1*01	CVVNGGSTLTF	tgtgtggtgaacggaggcagcaccctcaccttt			CASSPTGTYNEQFF	tgtgccagcagcccaaccgggacctacaatgagcagttcttc	1	0	1	1	1
clonotype1936	UNK_S	1	TRAV26-1*01	TRAJ10*01			TRBV9*01	TRBJ2-1*01	CIGGVLTGGGNKLTF	tgcatcgggggggtactcacgggaggaggaaacaaactcaccttt			CASSAPTRWNEQFF	tgtgccagcagcgcgccgacccgctggaatgagcagttcttc	1	0	1	1	1
clonotype1937	UNK_S	1	TRAV9-2*01	TRAJ45*01			TRBV9*01	TRBJ1-6*01	CALSRSDGLTF	tgtgctctgagtaggtctgacggactcaccttt			CASSVASGNSPLHF	tgtgccagcagcgtagctagcggcaattcacccctccacttt	1	0	1	1	1
clonotype1938	UNK_S	1	TRAV20*01	TRAJ30*01			TRBV9*01	TRBJ2-3*01	CAVHPFDKIIF	tgtgctgtgcacccctttgacaagatcatcttt			CASSVGGAGDTQYF	tgtgccagcagcgtagggggagcgggagatacgcagtatttt	1	0	1	1	1
clonotype1939	UNK_S	1	TRAV26-2*01	TRAJ40*01			TRBV9*01	TRBJ1-1*01	CILRGTTSGTYKYIF	tgcatcctgagagggactacctcaggaacctacaaatacatcttt			CASSVGVVNTEAFF	tgtgccagcagcgtaggggtggtgaacactgaagctttcttt	1	0	1	1	1
clonotype1941	UNK_S	1	TRAV9-2*01	TRAJ20*01			TRBV14*01	TRBJ2-1*01	CALKDDYKLSF	tgtgctctgaaggacgactacaagctcagcttt			CASSQASYNEQFF	tgtgccagcagccaagcaagctacaatgagcagttcttc	1	0	1	1	1
clonotype1942	UNK_S	1	TRAV30*01	TRAJ31*01			TRBV14*01	TRBJ2-5*01	CGTDFGARLMF	tgcggcacagattttggtgccagactcatgttt			CASSPGVRVAQYF	tgtgccagcagtcccggggtccgggtggcccagtacttc	1	0	1	1	1
clonotype1943	UNK_S	1	TRAV27*01	TRAJ11*01			TRBV25-1*01	TRBJ2-2*01	CAGARNSGYSTLTF	tgtgcaggagctcggaattcaggatacagcaccctcaccttt			CASTGQGNTGELFF	tgtgccagcacgggacaggggaacaccggggagctgtttttt	1	0	1	1	1
clonotype1944	UNK_S	1	TRAV9-2*01	TRAJ34*01			TRBV6-4*01	TRBJ2-1*01	CALSPNTDKLIF	tgtgctctgagccctaacaccgacaagctcatcttt			CASSSDGGYNEQFF	tgtgccagcagttccgatggggggtacaatgagcagttcttc	1	0	1	1	1
clonotype1945	UNK_S	1	TRAV27*01	TRAJ58*01			TRBV19*01	TRBJ2-1*01	CAGTGGTSGSRLTF	tgtgcagggaccggagggaccagtggctctaggttgaccttt			CASSMSGSYNEQFF	tgtgccagtagtatgagcggctcctacaatgagcagttcttc	1	0	1	1	1
clonotype1946	UNK_S	1	TRAV1-2*01	TRAJ4*01			TRBV19*01	TRBJ1-1*01	CAVREGFSGGYNKLIF	tgtgctgtgagagaggggttttctggtggctacaataagctgattttt			CASIRGSMNTEAFF	tgtgccagtataaggggatcgatgaacactgaagctttcttt	1	0	1	1	1
clonotype1947	UNK_S	1	TRAV9-2*01	TRAJ50*01			TRBV19*01	TRBJ2-1*01	CALKTSYDKVIF	tgtgctctgaaaacctcctacgacaaggtgatattt			CASTSPGRADEQFF	tgtgccagtacttcccctgggagggccgatgagcagttcttc	1	0	1	1	1
clonotype1948	UNK_S	1	TRAV36/DV7*01	TRAJ53*01			TRBV19*01	TRBJ2-1*01	CAGCSNYKLTF	tgtgctggatgtagcaactataaactgacattt			CASSRQGGIDEQFF	tgtgccagtagcagacagggtgggatcgatgagcagttcttc	1	0	1	1	1
clonotype1949	UNK_S	1	TRAV27*01	TRAJ38*01			TRBV19*01	TRBJ2-3*01	CAGGRAGNNRKLIW	tgtgcaggagggcgggctggcaacaaccgtaagctgatttgg			CASRTGGTTDTQYF	tgtgccagtaggacgggcggcaccacagatacgcagtatttt	1	0	1	1	1
clonotype1950	UNK_S	1	TRAV35*01	TRAJ44*01			TRBV6-6*01	TRBJ1-1*01	CAGPGTGTASKLTF	tgtgctgggccggggaccggcactgccagtaaactcaccttt			CASNPRDRGFSAFF	tgtgccagcaacccccgggacagggggttttcggctttcttt	1	0	1	1	1
clonotype1951	UNK_S	1	TRAV12-1*01	TRAJ6*01			TRBV6-6*01	TRBJ1-1*01	CVVKGGSYIPTF	tgtgtggtgaaaggaggaagctacatacctacattt			CASRETGENTEAFF	tgtgccagcagggagacaggggagaacactgaagctttcttt	1	0	1	1	1
clonotype1952	UNK_S	1	TRAV35*01	TRAJ32*01			TRBV6-6*01	TRBJ1-1*01	CAGRRGGATNKLIF	tgtgctgggcgaaggggtggtgctacaaacaagctcatcttt			CASSETQKNTEAFF	tgtgccagcagtgagacacagaagaacactgaagctttcttt	1	0	1	1	1
clonotype1953	UNK_S	1	TRAV22*01	TRAJ54*01			TRBV6-5*01	TRBJ2-7*01	CAVEVVQGAQKLVF	tgtgctgtggaggtggttcagggagcccagaagctggtattt			CATSRSLGFYEQYV	tgtgccacttctcggagtttggggttctacgagcagtacgtc	1	0	1	1	1
clonotype1955	UNK_S	1	TRAV26-2*01	TRAJ45*01			TRBV6-5*01	TRBJ2-3*01	CILRRFSGGGADGLTF	tgcatcctgagacggttttcaggaggaggtgctgacggactcaccttt			CASSYGQGADTQYF	tgtgccagcagttacggacagggcgcagatacgcagtatttt	1	0	1	1	1
clonotype1956	UNK_S	1	TRAV12-2*01	TRAJ31*01			TRBV6-5*01	TRBJ2-3*01	CAVRNNARLMF	tgtgccgtgcgcaacaatgccagactcatgttt			CASGTSGSTDTQYF	tgtgccagcgggactagcgggagcacagatacgcagtatttt	1	0	1	1	1
clonotype1957	UNK_S	1	TRAV8-3*01	TRAJ9*01			TRBV6-1*01	TRBJ2-7*01	CAVGLSFKTIF	tgtgctgtgggtcttagcttcaaaactatcttt			CASRGGATSYEQYF	tgtgccagcagggggggggccacgtcctacgagcagtacttc	1	0	1	1	1
clonotype1958	UNK_S	1	TRAV35*01	TRAJ40*01			TRBV6-1*01	TRBJ1-6*01	CAGQRLSGTYKYIF	tgtgctgggcagcgtctctcaggaacctacaaatacatcttt			CASSDAYGYSPLHF	tgtgccagcagtgacgcttacgggtattcacccctccacttt	1	0	1	1	1
clonotype1959	UNK_S	1	TRAV35*01	TRAJ12*01			TRBV6-1*01	TRBJ2-4*01	CAGSRMDSSYKLIF	tgtgctgggtcccggatggatagcagctataaattgatcttc			CASIGVGPKNIQYF	tgtgccagcattggcgttgggccaaagaacattcagtacttc	1	0	1	1	1
clonotype196	UNK_S	1	TRAV1-2*01	TRAJ20*01			TRBV30*01	TRBJ1-5*01	CAVTDYKLSF	tgtgctgtgaccgactacaagctcagcttt			CAWSAGNQPQHF	tgtgcctggagtgcagggaatcagccccagcatttt	1	0	1	1	1
clonotype1960	UNK_S	1	TRAV3*01	TRAJ8*01	TRAV2*01	TRAJ11*01	TRBV6-1*01	TRBJ2-3*01	CAVRDRGNTGFQKLVF	tgtgctgtgagagacagggggaacacaggctttcagaaacttgtattt	CAVNSGYSTLTF	tgtgctgtgaattcaggatacagcaccctcaccttt	CASQTGLPFDTQYF	tgtgccagccagacgggactcccctttgatacgcagtatttt	2	1	2	2	1
clonotype1961	UNK_S	1	TRAV21*01	TRAJ49*01			TRBV6-2*01	TRBJ2-7*01	CAVESSGNQFYF	tgtgctgtggagtcgtcgggtaaccagttctatttt			CATSASGRNNEQYV	tgtgccaccagcgctagcgggagaaacaacgagcagtacgtc	1	0	1	1	1
clonotype1963	UNK_S	1	TRAV27*01	TRAJ50*01			TRBV6-2*01	TRBJ1-5*01	CAGAVAASYDKVIF	tgtgcaggagcagtggcggcctcctacgacaaggtgatattt			CASRHDRDNQPQHF	tgtgccagcaggcacgacagggacaatcagccccagcatttt	1	0	1	1	1
clonotype1964	UNK_S	1	TRAV17*01	TRAJ31*01			TRBV6-2*01	TRBJ2-7*01	CATDHNNARLMF	tgtgctacggaccataacaatgccagactcatgttt			CASSPLAGKNEQYV	tgtgccagcagtcctctagcgggaaaaaacgagcagtacgtc	1	0	1	1	1
clonotype1966	UNK_S	1	TRAV35*01	TRAJ44*01			TRBV6-2*01	TRBJ2-1*01	CAGLNTGTASKLTF	tgtgctggccttaataccggcactgccagtaaactcaccttt			CASSYGLTNNEQFF	tgtgccagcagttacggactgaccaacaatgagcagttcttc	1	0	1	1	1
clonotype1967	UNK_S	1	TRAV25*01	TRAJ36*01			TRBV6-2*01	TRBJ2-3*01	CAGRSQVLANNLFF	tgtgcagggcggtctcaagtactggcaaacaacctcttcttt			CASSYGHGPDTQYF	tgtgccagcagttacgggcatggaccagatacgcagtatttt	1	0	1	1	1
clonotype1968	UNK_S	1	TRAV1-1*01	TRAJ15*01			TRBV6-2*01	TRBJ1-5*01	CAVRDQGNQAGTALIF	tgcgctgtgagagatcaggggaaccaggcaggaactgctctgatcttt			CASSYSTTNQPQHF	tgtgccagcagttactcgactactaatcagccccagcatttt	1	0	1	1	1
clonotype1969	UNK_S	1	TRAV26-1*01	TRAJ10*01			TRBV6-2*01	TRBJ2-7*01	CIVRVEVAGGGNKLTF	tgcatcgtcagagtcgaagtggcgggaggaggaaacaaactcaccttt			CASTSGPFSYEQYV	tgtgccagtactagcggcccgttctcctacgagcagtacgtc	1	0	1	1	1
clonotype197	UNK_S	1	TRAV4*01	TRAJ43*01			TRBV29-1*01	TRBJ1-1*01	CPINNNDMRF	tgccccatcaataacaatgacatgcgcttt			CSVMGQGREAFF	tgcagcgttatgggacagggtagggaagctttcttt	1	0	1	1	1
clonotype1970	UNK_S	1	TRAV39*01	TRAJ58*01			TRBV30*01	TRBJ2-1*01	CAVHEETSGSRLTF	tgtgccgtgcacgaagaaaccagtggctctaggttgaccttt			CAWSRARLAGLGEQFF	tgtgcctggagtcgtgcacggctagcgggacttggtgagcagttcttc	1	0	1	1	1
clonotype1971	UNK_S	1	TRAV26-2*01	TRAJ44*01			TRBV29-1*01	TRBJ2-1*01	CILRDGLRGTASKLTF	tgcatcctgagagacggtttgaggggcactgccagtaaactcaccttt			CSAFRTSGSSYNEQFF	tgcagcgcctttaggactagcgggagttcctacaatgagcagttcttc	1	0	1	1	1
clonotype1972	UNK_S	1	TRAV8-3*01	TRAJ49*01			TRBV20-1*01	TRBJ2-1*01	CAVLTGNQFYF	tgtgctgtcctcaccggtaaccagttctatttt			CSATGIVGGPLPEQFF	tgcagtgctacgggtatagttggagggccccttcctgagcagttcttc	1	0	1	1	1
clonotype1973	UNK_S	1	TRAV8-6*01	TRAJ54*01			TRBV20-1*01	TRBJ1-6*01	CAVQTNQKLVF	tgtgctgtccaaactaaccagaagctggtattt			CSAHPGQGFRNSPLHF	tgcagtgcccatcctggacaggggtttcgaaattcacccctccacttt	1	0	1	1	1
clonotype1974	UNK_S	1	TRAV35*01	TRAJ34*01			TRBV20-1*01	TRBJ2-7*01	CAGRRSYNTDKLIF	tgtgctgggcggagatcttataacaccgacaagctcatcttt			CSANVLRDRTTYEQYF	tgcagtgctaacgttctaagggacaggacgacctacgagcagtacttc	1	0	1	1	1
clonotype1975	UNK_S	1	TRAV12-1*01	TRAJ21*01			TRBV20-1*01	TRBJ1-2*01	CVVIGNFNKFYF	tgtgtggtgataggtaacttcaacaaattttacttt			CSGLRDLDGSDYGYTF	tgcagtgggttgagggaccttgacgggagcgactatggctacaccttc	1	0	1	1	1
clonotype1977	UNK_S	1	TRAV27*01	TRAJ38*01			TRBV18*01	TRBJ1-5*01	CAGDNAGNNRKLIW	tgtgcaggagataatgctggcaacaaccgtaagctgatttgg			CASSPGPPGPQHF	tgtgccagctcaccgggaccgccagggccccagcatttt	1	0	1	1	1
clonotype1978	UNK_S	1	TRAV29/DV5*01	TRAJ23*01	TRAV35*01	TRAJ23*01	TRBV18*01	TRBJ2-7*01	CAASEFYNQGGKLIF	tgtgcagcaagcgagttttataaccagggaggaaagcttatcttc	CAGPTYNQGGKLIF	tgtgctggcccaacgtataaccagggaggaaagcttatcttc	CASSRDVAYEQYV	tgtgccagctcgagggacgttgcctacgagcagtacgtc	2	1	2	2	1
clonotype1979	UNK_S	1	TRAV41*01	TRAJ57*01			TRBV18*01	TRBJ2-7*01	CAVQGGSEKLVF	tgtgctgtacagggcggatctgaaaagctggtcttt			CASSPRNRGEQYF	tgtgccagctcaccacggaacaggggcgagcagtacttc	1	0	1	1	1
clonotype198	UNK_S	1	TRAV26-2*01	TRAJ39*01	TRAV35*01	TRAJ53*01	TRBV29-1*01	TRBJ2-1*01	CILAGNMLTF	tgcatcctggcaggcaacatgctcaccttt	CAGQARNSGGSNYKLTF	tgtgctgggcaagctaggaatagtggaggtagcaactataaactgacattt	CSVAESIGEQFF	tgcagcgttgctgagtctatcggtgagcagttcttc	2	1	2	2	1
clonotype1980	UNK_S	1	TRAV17*01	TRAJ15*01			TRBV12-3*01	TRBJ2-7*01	CATDQAGTALIF	tgtgctacggaccaggcaggaactgctctgatcttt			CASRDGTGYEQYF	tgtgccagcagggatgggacagggtacgagcagtacttc	1	0	1	1	1
clonotype1981	UNK_S	1	TRAV12-1*01	TRAJ26*01			TRBV2*01	TRBJ1-5*01	CVVIPYGQNFVF	tgtgtggtgattccctatggtcagaattttgtcttt			CASSTGGNQPQHF	tgtgccagcagtacagggggcaatcagccccagcatttt	1	0	1	1	1
clonotype1982	UNK_S	1	TRAV26-1*01	TRAJ42*01			TRBV2*01	TRBJ2-2*01	CIVRDPYGGSQGNLIF	tgcatcgtcagagacccttatggaggaagccaaggaaatctcatcttt			CASSGENTGELFF	tgtgccagcagtggagagaacaccggggagctgtttttt	1	0	1	1	1
clonotype1984	UNK_S	1	TRAV21*01	TRAJ31*01			TRBV2*01	TRBJ2-3*01	CAAAVLMVRLMF	tgtgctgctgccgttctgatggtcagactcatgttt			CASGRESTDTQYF	tgtgccagcgggcgggaatccaccgatacgcagtatttt	1	0	1	1	1
clonotype1985	UNK_S	1	TRAV12-1*01	TRAJ6*01			TRBV2*01	TRBJ1-5*01	CVVSGGSYIPTF	tgtgtggtatcaggaggaagctacatacctacattt			CASLRTGNQPQHF	tgtgccagcttaaggaccggcaatcagccccagcatttt	1	0	1	1	1
clonotype1987	UNK_S	1	TRAV8-3*01	TRAJ23*01			TRBV12-5*01	TRBJ1-2*01	CAVWGGGKLIF	tgtgctgtctgggggggaggaaagcttatcttc			CASGFGGADGYTF	tgtgctagtggttttgggggcgcggatggctacaccttc	1	0	1	1	1
clonotype1988	UNK_S	1	TRAV9-2*01	TRAJ49*01			TRBV28*01	TRBJ2-1*01	CALSTTGNQFYF	tgtgctctgagtaccaccggtaaccagttctatttt			CASRYSGRLYEQFF	tgtgccagcagatatagcgggaggctttatgagcagttcttc	1	0	1	1	1
clonotype1989	UNK_S	1	TRAV2*01	TRAJ20*01			TRBV28*01	TRBJ2-7*01	CAVEPNDYKLSF	tgtgctgtggagcctaacgactacaagctcagcttt			CASSPRQGANEQYF	tgtgccagcagtccgcgacagggggcgaacgagcagtacttc	1	0	1	1	1
clonotype199	UNK_S	1	TRAV26-1*01	TRAJ16*01			TRBV30*01	TRBJ1-2*01	CIVRPEDGQKLLF	tgcatcgtcagacctgaagatggccagaagctgctcttt			CAWTANNYGYTF	tgtgcctggaccgcaaacaactatggctacaccttc	1	0	1	1	1
clonotype1990	UNK_S	1	TRAV39*01	TRAJ42*01			TRBV28*01	TRBJ1-1*01	CAVEGRGSQGNLIF	tgtgccgtggaaggccgaggaagccaaggaaatctcatcttt			CASSSWTGNTEAFF	tgtgccagcagttcgtggacagggaacactgaagctttcttt	1	0	1	1	1
clonotype1991	UNK_S	1	TRAV12-2*01	TRAJ21*01	TRAV13-2*01	TRAJ6*01	TRBV10-3*01	TRBJ2-3*01	CAVNDFNKFYF	tgtgccgtgaacgacttcaacaaattttacttt	CAENIGGGSYIPTF	tgtgcagagaatatagggggaggaagctacatacctacattt	CAIRGYGSTDTQYF	tgtgccatcagggggtacggaagcacagatacgcagtatttt	2	1	2	2	1
clonotype1995	UNK_S	1	TRAV20*01	TRAJ27*01			TRBV7-9*01	TRBJ2-1*01	CAVNTNAGKSTF	tgtgctgttaacaccaatgcaggcaaatcaaccttt			CASSLRQGNEQFF	tgtgccagcagcttaaggcaggggaatgagcagttcttc	1	0	1	1	1
clonotype1996	UNK_S	1	TRAV25*01	TRAJ13*01			TRBV7-9*01	TRBJ2-7*01	CAGTISGGYQKVTF	tgtgcaggtaccatttctgggggttaccagaaagttaccttt			CASSPFSSYEQYF	tgtgccagcagtccttttagctcctacgagcagtacttc	1	0	1	1	1
clonotype1997	UNK_S	1	TRAV22*01	TRAJ9*01			TRBV7-3*01	TRBJ2-7*01	CAVEPGAGGFKTIF	tgtgctgtggagccaggggctggaggcttcaaaactatcttt			CASSPGGGREQYF	tgtgccagcagcccgggagggggacgggagcagtacttc	1	0	1	1	1
clonotype1998	UNK_S	1	TRAV35*01	TRAJ38*01			TRBV7-3*01	TRBJ2-2*01	CAGPNAGNNRKLIW	tgtgctgggcctaatgctggcaacaaccgtaagctgatttgg			CASSPSGTGELFF	tgtgccagcagcccttctggcaccggggagctgtttttt	1	0	1	1	1
clonotype1999	UNK_S	1	TRAV21*01	TRAJ36*01			TRBV11-2*01	TRBJ1-2*01	CAVNPRANNLFF	tgtgctgtgaacccaagggcaaacaacctcttcttt			CASSHRGLRGYTF	tgtgccagcagccacagggggcttcggggctacaccttc	1	0	1	1	1
clonotype2	UNK_S	13	TRAV20*01	TRAJ52*01			TRBV6-2*01	TRBJ1-1*01	CAVQVLGGGTSYGKLTF	tgtgctgtgcaggttttaggtggtggtactagctatggaaagctgacattt			CASSYVLNTEAFF	tgtgccagcagttacgttttgaacactgaagctttcttt	13	0	13	1	1
clonotype20	UNK_S	4	TRAV29/DV5*01	TRAJ28*01			TRBV5-6*01	TRBJ2-5*01	CAANPAGAGSYQLTF	tgtgcagcaaatcctgctggggctgggagttaccaactcactttc			CASSLVGRGQETQYF	tgtgccagcagcttggtaggccggggacaagagacccagtacttc	4	0	4	1	1
clonotype200	UNK_S	1	TRAV26-2*01	TRAJ29*01			TRBV30*01	TRBJ1-6*01	CILPLSGNTPLVF	tgcatcctgccactttcaggaaacacacctcttgtcttt			CAWSWTNSPLHF	tgtgcctggagttggactaattcacccctccacttt	1	0	1	1	1
clonotype2000	UNK_S	1	TRAV13-1*01	TRAJ8*01			TRBV11-2*01	TRBJ2-1*01	CAAPEGFQKLVF	tgtgcagcccccgagggctttcagaaacttgtattt			CASSSDYINEQFF	tgtgccagcagctccgattatattaatgagcagttcttc	1	0	1	1	1
clonotype2001	UNK_S	1	TRAV20*01	TRAJ31*01			TRBV11-2*01	TRBJ2-7*01	CAVQERYARLMF	tgtgctgtgcaggaacgatatgccagactcatgttt			CASSFGTTYEQYF	tgtgccagcagctttgggaccacctacgagcagtacttc	1	0	1	1	1
clonotype2003	UNK_S	1	TRAV8-3*01	TRAJ47*01			TRBV7-8*01	TRBJ1-1*01	CAVGGGNKLVF	tgtgctgtgggggggggaaacaagctggtcttt			CASSLGQNTEAFF	tgtgccagcagcctgggacagaacactgaagctttcttt	1	0	1	1	1
clonotype2004	UNK_S	1	TRAV13-1*01	TRAJ7*01			TRBV7-2*01	TRBJ1-2*01	CAASKANNRLAF	tgtgcagcaagtaaggcgaacaacagactcgctttt			CASSSTVLNGYTF	tgtgccagcagctccacagtcctgaatggctacaccttc	1	0	1	1	1
clonotype2006	UNK_S	1	TRAV1-1*01	TRAJ22*01			TRBV7-2*01	TRBJ1-1*01	CAVRDSLSGSARQLTF	tgcgctgtgagagattccctttctggttctgcaaggcaactgaccttt			CASSFRGLVEAFF	tgtgccagcagcttcagggggctggttgaagctttcttt	1	0	1	1	1
clonotype2007	UNK_S	1	TRAV13-1*01	TRAJ27*01			TRBV10-2*01	TRBJ2-2*01	CAASIRAGKSTF	tgtgcagcaagtattagggcaggcaaatcaaccttt			CASGAGGNTGELFF	tgcgccagcggagcgggagggaacaccggggagctgtttttt	1	0	1	1	1
clonotype2008	UNK_S	1	TRAV27*01	TRAJ3*01			TRBV10-1*01	TRBJ2-7*01	CAGESYSSASKIIF	tgtgcaggagagtcgtacagcagtgcttccaagataatcttt			CASSAGTGPYEQYF	tgcgccagcagcgccgggacagggccctacgagcagtacttc	1	0	1	1	1
clonotype201	UNK_S	1	TRAV26-1*01	TRAJ44*01			TRBV20-1*01	TRBJ2-5*01	CIALTGTASKLTF	tgcatcgccttaaccggcactgccagtaaactcaccttt			CSARGAGETQYF	tgcagtgctaggggggctggagagacccagtacttc	1	0	1	1	1
clonotype2010	UNK_S	1	TRAV21*01	TRAJ29*01			TRBV27*01	TRBJ1-2*01	CAAHSGNTPLVF	tgtgctgcccattcaggaaacacacctcttgtcttt			CASSPGRINYGYTF	tgtgccagcagccccggacggattaactatggctacaccttc	1	0	1	1	1
clonotype2011	UNK_S	1	TRAV22*01	TRAJ33*01			TRBV27*01	TRBJ2-2*01	CAVERPGSNYQLIW	tgtgctgtggagcgccccggtagcaactatcagttaatctgg			CASSRALWTGELFF	tgtgccagcagtcgggccttgtggaccggggagctgtttttt	1	0	1	1	1
clonotype2012	UNK_S	1	TRAV21*01	TRAJ11*01			TRBV27*01	TRBJ2-7*01	CAVNSGYSTLTF	tgtgctgtgaattcaggatacagcaccctcaccttt			CASSFAKTSYEQYF	tgtgccagcagtttcgcgaaaacctcctacgagcagtacttc	1	0	1	1	1
clonotype2013	UNK_S	1	TRAV22*01	TRAJ56*01	TRAV13-1*01	TRAJ48*01	TRBV27*01	TRBJ2-3*01	CAVEHTGANSKLTF	tgtgctgtggaacacactggagccaatagtaagctgacattt	CAASLGGNEKLTF	tgtgcagcaagcctcgggggaaatgagaaattaaccttt	CASSFSGGTDTQYF	tgtgccagcagttttagcggaggcacagatacgcagtatttt	2	1	2	2	1
clonotype2014	UNK_S	1	TRAV23/DV6*01	TRAJ44*01	TRAV39*01	TRAJ47*01	TRBV27*01	TRBJ2-3*01	CAASIRTGTASKLTF	tgtgcagcaagcatacggaccggcactgccagtaaactcaccttt	CAVDPREYGNKLVF	tgtgccgtggatcctagggaatatggaaacaagctggtcttt	CASRGRVSTDTQYF	tgtgccagccgcgggagggtcagcacagatacgcagtatttt	2	1	2	2	1
clonotype2015	UNK_S	1	TRAV26-1*01	TRAJ39*01			TRBV5-6*01	TRBJ1-1*01	CIVRVAHNNAGNMLTF	tgcatcgtcagagtcgcccataataatgcaggcaacatgctcaccttt			CASSFGTVNTEAFF	tgtgccagcagctttgggacggtgaacactgaagctttcttt	1	0	1	1	1
clonotype2016	UNK_S	1	TRAV39*01	TRAJ47*01			TRBV5-6*01	TRBJ1-1*01	CAAVRREYGNKLVF	tgtgccgccgtgcgaagggaatatggaaacaagctggtcttt			CASRVDRGRTEAFF	tgtgccagcagggtggacaggggaaggactgaagctttcttt	1	0	1	1	1
clonotype2017	UNK_S	1	TRAV12-1*01	TRAJ26*01			TRBV5-4*01	TRBJ2-2*01	CVVNTPGQNFVF	tgtgtggtgaacacccccggtcagaattttgtcttt			CASSQGRATGELFF	tgtgccagcagccaaggacgtgctaccggggagctgtttttt	1	0	1	1	1
clonotype2018	UNK_S	1	TRAV27*01	TRAJ4*01			TRBV5-4*01	TRBJ2-1*01	CAGAVERGYNKLIF	tgtgcaggagcggttgagcggggctacaataagctgattttt			CASSPRTAVNEQFF	tgtgccagcagcccgaggacagcggtcaatgagcagttcttc	1	0	1	1	1
clonotype2019	UNK_S	1	TRAV17*01	TRAJ36*01			TRBV5-4*01	TRBJ2-1*01	CATATGANNLFF	tgtgctacggctactggggcaaacaacctcttcttt			CASSLGLGYNEQFF	tgtgccagcagcttgggactaggctacaatgagcagttcttc	1	0	1	1	1
clonotype202	UNK_S	1	TRAV12-1*01	TRAJ40*01	TRAV4*01	TRAJ21*01	TRBV20-1*01	TRBJ2-1*01	CVVTMSSGTYKYIF	tgtgtggtgacgatgtcttcaggaacctacaaatacatcttt	CLVGDSRFNKFYF	tgcctcgtgggtgacagccgcttcaacaaattttacttt	CSVKEGSNEQFF	tgcagtgtcaaggaggggtcgaatgagcagttcttc	2	1	2	2	1
clonotype2020	UNK_S	1	TRAV2*01	TRAJ33*01			TRBV5-5*01	TRBJ2-2*01	CAGLYSNYQLIW	tgtgctgggctttatagcaactatcagttaatctgg			CASSLAGHTGELFF	tgtgccagcagcttggccggacacaccggggagctgtttttt	1	0	1	1	1
clonotype2021	UNK_S	1	TRAV20*01	TRAJ29*01			TRBV5-4*01	TRBJ2-5*01	CAVRSGNTPLVF	tgtgctgtgcggtcaggaaacacacctcttgtcttt			CASSPDRGTETQYF	tgtgccagcagcccggacaggggtacggagacccagtacttc	1	0	1	1	1
clonotype2022	UNK_S	1	TRAV12-2*01	TRAJ9*01	TRAV2*01	TRAJ34*01	TRBV5-4*01	TRBJ1-2*01	CAVGNTGGFKTIF	tgtgccgtgggaaatactggaggcttcaaaactatcttt	CAVVVSTDKLIF	tgtgctgtggtagtatcgaccgacaagctcatcttt	CASSLGTPPGGYTF	tgtgccagcagccttgggacaccccctggtggctacaccttc	2	1	2	2	1
clonotype2023	UNK_S	1	TRAV3*01	TRAJ26*01	TRAV20*01	TRAJ40*01	TRBV5-4*01	TRBJ1-2*01	CAVSPQRNYGQNFVF	tgtgctgtgagcccccaaaggaactatggtcagaattttgtcttt	CAVPAGTYKYIF	tgtgctgtgccggcaggaacctacaaatacatcttt	CASSLEMESYGYTF	tgtgccagcagcttggagatggaaagctatggctacaccttc	2	1	2	2	1
clonotype2024	UNK_S	1	TRAV21*01	TRAJ49*01			TRBV5-1*01	TRBJ1-4*01	CAVEDTGNQFYF	tgtgctgtggaggacaccggtaaccagttctatttt			CASTPDGTNEKLFF	tgcgccagcaccccagatggaactaatgaaaaactgtttttt	1	0	1	1	1
clonotype2025	UNK_S	1	TRAV26-1*01	TRAJ58*01			TRBV5-1*01	TRBJ1-4*01	CIVRVVGETSGSRLTF	tgcatcgtcagagtcgtgggagaaaccagtggctctaggttgaccttt			CASSYGTVGEKLFF	tgcgccagcagctacgggacagtaggggaaaaactgtttttt	1	0	1	1	1
clonotype2026	UNK_S	1	TRAV21*01	TRAJ34*01			TRBV5-1*01	TRBJ2-7*01	CAVLHNTDKLIF	tgtgctgtcctccataacaccgacaagctcatcttt			CASSLIQSSYEQYF	tgcgccagcagcttgatccaaagctcctacgagcagtacttc	1	0	1	1	1
clonotype2027	UNK_S	1	TRAV8-3*01	TRAJ43*01			TRBV5-1*01	TRBJ2-5*01	CAVGGNNDMRF	tgtgctgtgggtggtaacaatgacatgcgcttt			CASSLERGQETQYF	tgcgccagcagcttggaaaggggccaagagacccagtacttc	1	0	1	1	1
clonotype2028	UNK_S	1	TRAV41*01	TRAJ30*01			TRBV5-1*01	TRBJ1-6*01	CAVMNRDDKIIF	tgtgctgtcatgaacagagatgacaagatcatcttt			CASSLDRGWSPLHF	tgcgccagcagcttggatcggggttggtcacccctccacttt	1	0	1	1	1
clonotype2029	UNK_S	1	TRAV26-2*01	TRAJ35*01			TRBV12-4*01	TRBJ1-6*01	CILPQPSIGFGNVLHC	tgcatcctgccccagccatccataggctttgggaatgtgctgcattgc			CASSELDHSPLHF	tgtgccagcagtgaactcgatcattcacccctccacttt	1	0	1	1	1
clonotype203	UNK_S	1	TRAV25*01	TRAJ29*01			TRBV29-1*01	TRBJ2-5*01	CAVPSGNTPLVF	tgtgcagtcccctcaggaaacacacctcttgtcttt			CSARQGLETQYF	tgcagcgcccgacagggtttggagacccagtacttc	1	0	1	1	1
clonotype2030	UNK_S	1	TRAV27*01	TRAJ52*01			TRBV12-4*01	TRBJ2-1*01	CAGSAGTSYGKLTF	tgtgcaggaagtgcaggtactagctatggaaagctgacattt			CASSWMAPLEQFF	tgtgccagcagttggatggctcccctggagcagttcttc	1	0	1	1	1
clonotype2031	UNK_S	1	TRAV21*01	TRAJ30*01			TRBV3-1*01	TRBJ2-2*01	CAVGSRDDKIIF	tgtgctgtggggagcagagatgacaagatcatcttt			CASTLRSNTGELFF	tgtgccagcaccctccgctcgaacaccggggagctgtttttt	1	0	1	1	1
clonotype2032	UNK_S	1	TRAV21*01	TRAJ22*01			TRBV3-1*01	TRBJ1-1*01	CAVSGSARQLTF	tgtgctgtgtcgggttctgcaaggcaactgaccttt			CASSQESDFTEAFF	tgtgccagcagccaagaaagcgattttactgaagctttcttt	1	0	1	1	1
clonotype2034	UNK_S	1	TRAV21*01	TRAJ40*01			TRBV3-1*01	TRBJ1-5*01	CAVRPGTYKYIF	tgtgctgtgaggccaggaacctacaaatacatcttt			CASSQVTGNQPQHF	tgtgccagcagccaagtcacaggtaatcagccccagcatttt	1	0	1	1	1
clonotype2035	UNK_S	1	TRAV9-2*01	TRAJ30*01			TRBV3-1*01	TRBJ1-2*01	CALSSRDDKIIF	tgtgctctgagttcaagagatgacaagatcatcttt			CASSPRGGNYGYTF	tgtgccagcagccccaggggggggaactatggctacaccttc	1	0	1	1	1
clonotype2036	UNK_S	1	TRAV25*01	TRAJ33*01			TRBV4-2*01	TRBJ2-3*01	CAGPAYSSNYQLIW	tgtgcagggccggcatattctagcaactatcagttaatctgg			CASSQDLLKDTQYF	tgtgccagcagccaagacttactaaaagatacgcagtatttt	1	0	1	1	1
clonotype2037	UNK_S	1	TRAV19*01	TRAJ20*01	TRAV17*01	TRAJ17*01	TRBV4-3*01	TRBJ1-1*01	CALSEPVNDYKLSF	tgtgctctgagtgagccggttaacgactacaagctcagcttt	CAPGAAGNKLTF	tgtgctcccggagctgcaggcaacaagctaactttt	CASSTRTGVTEAFF	tgcgccagcagcacccgaacaggggtgactgaagctttcttt	2	1	2	2	1
clonotype2038	UNK_S	1	TRAV22*01	TRAJ58*01			TRBV4-3*01	TRBJ2-3*01	CAVVSGTSGSRLTF	tgtgctgtggtaagtggaaccagtggctctaggttgaccttt			CASSQDRGTDTQYF	tgcgccagcagccaagataggggcacagatacgcagtatttt	1	0	1	1	1
clonotype2039	UNK_S	1	TRAV26-2*01	TRAJ29*01			TRBV9*01	TRBJ2-5*01	CILRDVRYSGNTPLVF	tgcatcctgagagacgtcaggtattcaggaaacacacctcttgtcttt			CASSAGLPEETQYF	tgtgccagcagcgcaggactacccgaagagacccagtacttc	1	0	1	1	1
clonotype204	UNK_S	1	TRAV36/DV7*01	TRAJ48*01	TRAV26-2*01	TRAJ54*01	TRBV29-1*01	TRBJ1-2*01	CAVTGNEKLTF	tgtgctgtgactggaaatgagaaattaaccttt	CILRAVQGAQKLVF	tgcatcctgagggcagttcagggagcccagaagctggtattt	CSVEVGLRGYTF	tgcagcgttgaagtaggcctcaggggctacaccttc	2	1	2	2	1
clonotype2041	UNK_S	1	TRAV13-1*01	TRAJ43*01			TRBV9*01	TRBJ2-5*01	CAARYNNNDMRF	tgtgcagcaagatacaataacaatgacatgcgcttt			CASSVGTGQETQYF	tgtgccagcagcgtcgggactggacaagagacccagtacttc	1	0	1	1	1
clonotype2042	UNK_S	1	TRAV13-1*01	TRAJ21*01			TRBV11-3*01	TRBJ1-1*01	CAARNNFNKFYF	tgtgcagcaagaaacaacttcaacaaattttacttt			CASSRTVNTEAFF	tgtgccagcagcaggaccgttaacactgaagctttcttt	1	0	1	1	1
clonotype2043	UNK_S	1	TRAV12-1*01	TRAJ49*01			TRBV14*01	TRBJ2-1*01	CVVYSTGNQFYF	tgtgtggtgtactcgaccggtaaccagttctatttt			CASSQDLAGPLFF	tgtgccagcagccaagatctggcgggccccctcttcttc	1	0	1	1	1
clonotype2044	UNK_S	1	TRAV20*01	TRAJ15*01			TRBV14*01	TRBJ1-3*01	CAVRQAGTALIF	tgtgctgtgcgccaggcaggaactgctctgatcttt			CASSPSSGNTIYF	tgtgccagcagcccgagctctggaaacaccatatatttt	1	0	1	1	1
clonotype2045	UNK_S	1	TRAV4*01	TRAJ13*01	TRAV12-2*01	TRAJ40*01	TRBV14*01	TRBJ2-1*01	CLVGDPSSGGYQKVTF	tgcctcgtgggtgacccttcttctgggggttaccagaaagttaccttt	CAVNGPGTYKYIF	tgtgccgtgaacggcccaggaacctacaaatacatcttt	CASSYGGGGEKFF	tgtgccagcagctacggaggagggggcgaaaagttcttc	2	1	2	2	1
clonotype2046	UNK_S	1	TRAV17*01	TRAJ23*01			TRBV14*01	TRBJ1-2*01	CATDPQGGKLIF	tgtgctacggatccccagggaggaaagcttatcttc			CASSSIFNYGYTF	tgtgccagcagctccatatttaactatggctacaccttc	1	0	1	1	1
clonotype2047	UNK_S	1	TRAV13-2*01	TRAJ23*01			TRBV25-1*01	TRBJ1-1*01	CAEFTQGGKLIF	tgtgcagagttcacccagggaggaaagcttatcttc			CASSPVRGNTEAFF	tgtgccagcagccctgtcaggggtaacactgaagctttcttt	1	0	1	1	1
clonotype2048	UNK_S	1	TRAV20*01	TRAJ4*01			TRBV6-4*01	TRBJ2-2*01	CFMFSGGYNKLIF	tgtttcatgttttctggtggctacaataagctgattttt			CASSPRPNTGELFF	tgtgccagcagtcccagaccaaacaccggggagctgtttttt	1	0	1	1	1
clonotype205	UNK_S	1	TRAV25*01	TRAJ54*01			TRBV29-1*01	TRBJ1-1*01	CAPIQGAQKLVF	tgtgccccaattcagggagcccagaagctggtattt			CSVEGQGPEAFF	tgcagcgttgagggacaggggcctgaagctttcttt	1	0	1	1	1
clonotype2050	UNK_S	1	TRAV26-1*01	TRAJ45*01			TRBV19*01	TRBJ1-5*01	CIVRVVYSGGGADGLTF	tgcatcgtcagagtcgtgtattcaggaggaggtgctgacggactcaccttt			CASRGGGGNQPQHF	tgtgccagtagggggggagggggcaatcagccccagcatttt	1	0	1	1	1
clonotype2051	UNK_S	1	TRAV13-1*01	TRAJ49*01			TRBV19*01	TRBJ2-1*01	CAASVRSGNQFYF	tgtgcagcaagtgtgaggtccggtaaccagttctatttt			CASSKGNSYNEQFF	tgtgccagtagtaaggggaactcctacaatgagcagttcttc	1	0	1	1	1
clonotype2052	UNK_S	1	TRAV8-4*01	TRAJ34*01			TRBV19*01	TRBJ1-6*01	CAVSERGDKLIF	tgtgctgtgagtgagcggggcgacaagctcatcttt			CASSTTVSRSPLHF	tgtgccagtagtacgactgtatcccggtcacccctccacttt	1	0	1	1	1
clonotype2053	UNK_S	1	TRAV13-1*01	TRAJ50*01			TRBV19*01	TRBJ2-5*01	CAASWTSYDKVIF	tgtgcagcaagttggacctcctacgacaaggtgatattt			CASSILSKQETQYF	tgtgccagtagtattctgtctaaacaagagacccagtacttc	1	0	1	1	1
clonotype2054	UNK_S	1	TRAV21*01	TRAJ27*01	TRAV17*01	TRAJ22*01	TRBV11-1*01	TRBJ2-1*01	CAVRPSTNAGKSTF	tgtgctgtgaggccgtccaccaatgcaggcaaatcaaccttt	CAPSSGSARQLTF	tgtgctccctcttctggttctgcaaggcaactgaccttt	CASSLASDNEQFF	tgtgccagcagcttagcgtccgacaatgagcagttcttc	2	1	2	2	1
clonotype2055	UNK_S	1	TRAV38-2/DV8*01	TRAJ39*01	TRAV21*01	TRAJ57*01	TRBV6-6*01	TRBJ1-5*01	CAYIDNAGNMLTF	tgtgcttacattgataatgcaggcaacatgctcaccttt	CAQVQGGSEKLVF	tgtgctcaggtgcagggcggatctgaaaagctggtcttt	CASKGPNSNQPQHF	tgtgccagcaaagggccgaatagcaatcagccccagcatttt	2	1	2	2	1
clonotype2056	UNK_S	1	TRAV13-1*01	TRAJ15*01			TRBV6-6*01	TRBJ2-7*01	CAASSQAGTALIF	tgtgcagcaagttcccaggcaggaactgctctgatcttt			CASSWDSSSYEQYF	tgtgccagcagttgggactcaagctcctacgagcagtacttc	1	0	1	1	1
clonotype2057	UNK_S	1	TRAV9-2*01	TRAJ17*01			TRBV6-5*01	TRBJ2-5*01	CALAKAAGNKLTF	tgtgctctggccaaagctgcaggcaacaagctaactttt			CASSPPERAGTQYF	tgtgccagcagtcccccggagcgggcggggacccagtacttc	1	0	1	1	1
clonotype2058	UNK_S	1	TRAV26-1*01	TRAJ37*01			TRBV6-5*01	TRBJ1-1*01	CIVRLHYGSSNTGKLIF	tgcatcgtcagattacactatggctctagcaacacaggcaaactaatcttt			CASSGLAGATEAFF	tgtgccagcagtgggttggcaggggccactgaagctttcttt	1	0	1	1	1
clonotype2059	UNK_S	1	TRAV8-3*01	TRAJ48*01			TRBV6-5*01	TRBJ2-1*01	CASSGGNEKLTF	tgtgcttcttcggggggaaatgagaaattaaccttt			CASSYQSSYNEQFF	tgtgccagcagttaccagagctcctacaatgagcagttcttc	1	0	1	1	1
clonotype206	UNK_S	1	TRAV1-2*01	TRAJ21*01			TRBV29-1*01	TRBJ2-1*01	CAVRDPYNFNKFYF	tgtgctgtgagagatccatacaacttcaacaaattttacttt			CSVGTEESPQFF	tgcagcgttgggacagaggagtccccccagttcttc	1	0	1	1	1
clonotype2060	UNK_S	1	TRAV9-2*01	TRAJ20*01	TRAV8-2*01	TRAJ24*01	TRBV6-5*01	TRBJ2-3*01	CALRRGNDYKLSF	tgtgctctgaggcgcggtaacgactacaagctcagcttt	CVVSQTDSWGKLQF	tgtgttgtgagtcaaactgacagctgggggaaattgcagttt	CASSYATGGNTQYF	tgtgccagcagttacgcgacagggggcaatacgcagtatttt	2	1	2	2	1
clonotype2061	UNK_S	1	TRAV9-2*01	TRAJ49*01			TRBV6-5*01	TRBJ1-6*01	CALSDPTGNQFYF	tgtgctctgagtgaccctaccggtaaccagttctatttt			CASSYGVGISPLHF	tgtgccagcagttacggagtcgggatttcacccctccacttt	1	0	1	1	1
clonotype2062	UNK_S	1	TRAV34*01	TRAJ26*01			TRBV6-5*01	TRBJ1-1*01	CGADDNYGQNFVF	tgtggagcggatgataactatggtcagaattttgtcttt			CASSYSVTNTEAFF	tgtgccagcagttactcagtgacgaacactgaagctttcttt	1	0	1	1	1
clonotype2063	UNK_S	1	TRAV26-2*01	TRAJ52*01			TRBV6-1*01	TRBJ2-2*01	CILRDNAGGTSYGKLTF	tgcatcctgagagataatgctggtggtactagctatggaaagctgacattt			CASSVRPNTGELFF	tgtgccagcagcgtgcggccgaacaccggggagctgtttttt	1	0	1	1	1
clonotype2064	UNK_S	1	TRAV9-2*01	TRAJ29*01			TRBV6-1*01	TRBJ2-1*01	CALGVSGNTPLVF	tgtgctctgggggtttcaggaaacacacctcttgtcttt			CASRGTSVAGEQFF	tgtgccagcagggggactagcgtggccggggagcagttcttc	1	0	1	1	1
clonotype2065	UNK_S	1	TRAV20*01	TRAJ10*01	TRAV2*01	TRAJ42*01	TRBV6-1*01	TRBJ2-7*01	CAVVTGGGNKLTF	tgtgctgtcgttacgggaggaggaaacaaactcaccttt	CAVEDRYGGSQGNLIF	tgtgctgtggaggatcgatatggaggaagccaaggaaatctcatcttt	CASSPALAGAEQYF	tgtgccagcagtccggcactagcgggagccgagcagtacttc	2	1	2	2	1
clonotype2066	UNK_S	1	TRAV13-1*01	TRAJ9*01			TRBV6-1*01	TRBJ1-3*01	CAASITGGFKTIF	tgtgcagcaagtataactggaggcttcaaaactatcttt			CASSELRSGASIYF	tgtgccagcagtgaacttcgaagcggggcctccatatatttt	1	0	1	1	1
clonotype2067	UNK_S	1	TRAV17*01	TRAJ11*01			TRBV6-1*01	TRBJ1-5*01	CATDVAGYSTLTF	tgtgctacggacgtggcgggatacagcaccctcaccttt			CASSEAPGNQPQHF	tgtgccagcagtgaagcaccgggcaatcagccccagcatttt	1	0	1	1	1
clonotype2068	UNK_S	1	TRAV27*01	TRAJ17*01			TRBV6-1*01	TRBJ2-7*01	CAGPPIKAAGNKLTF	tgtgcaggaccaccgatcaaagctgcaggcaacaagctaactttt			CASSEAYRPWEQYF	tgtgccagcagtgaagcgtacagaccttgggagcagtacttc	1	0	1	1	1
clonotype2069	UNK_S	1	TRAV13-1*01	TRAJ20*01			TRBV6-1*01	TRBJ2-2*01	CAARLTNDYKLSF	tgtgcagcaagactaactaacgactacaagctcagcttt			CASSATRNTGELFF	tgtgccagcagtgcgacacggaacaccggggagctgtttttt	1	0	1	1	1
clonotype207	UNK_S	1	TRAV9-2*01	TRAJ56*01	TRAV26-2*01	TRAJ38*01	TRBV20-1*01	TRBJ2-5*01	CALSETGANSKLTF	tgtgctctgagtgaaactggagccaatagtaagctgacattt	CILRNAGNNRKLIW	tgcatcctgaggaatgctggcaacaaccgtaagctgatttgg	CSARKGQETQYF	tgcagtgctagaaagggtcaagagacccagtacttc	2	1	2	2	1
clonotype2071	UNK_S	1	TRAV12-1*01	TRAJ8*01			TRBV6-2*01	TRBJ2-2*01	CVVMNTGFQKLVF	tgtgtggtaatgaacacaggctttcagaaacttgtattt			CASTARGGSGELFF	tgtgccagcactgcccggggaggttccggggagctgtttttt	1	0	1	1	1
clonotype2072	UNK_S	1	TRAV41*01	TRAJ48*01			TRBV6-2*01	TRBJ2-5*01	CAVRDFGNEKLTF	tgtgctgtcagggactttggaaatgagaaattaaccttt			CASSLLLLQETQYF	tgtgccagcagccttttactattacaagagacccagtacttc	1	0	1	1	1
clonotype2073	UNK_S	1	TRAV8-3*01	TRAJ39*01			TRBV6-2*01	TRBJ2-5*01	CAVGEAGNMLTF	tgtgctgtgggtgaggcaggcaacatgctcaccttt			CASSTSGGTRTQYF	tgtgccagcagtacttcagggggtacacggacccagtacttc	1	0	1	1	1
clonotype2074	UNK_S	1	TRAV41*01	TRAJ48*01			TRBV6-2*01	TRBJ2-3*01	CAVRGGGNEKLTF	tgtgctgtcagggggggtggaaatgagaaattaaccttt			CASSYSGVADTQYF	tgtgccagcagttactcgggcgtcgcagatacgcagtatttt	1	0	1	1	1
clonotype2075	UNK_S	1	TRAV17*01	TRAJ43*01			TRBV6-2*01	TRBJ2-2*01	CATDRYNNNDMRF	tgtgctacggatcggtacaataacaatgacatgcgcttt			CASSYWGNTGELFF	tgtgccagcagttattgggggaacaccggggagctgtttttt	1	0	1	1	1
clonotype2076	UNK_S	1	TRAV5*01	TRAJ20*01			TRBV29-1*01	TRBJ2-3*01	CAESIDDYKLSF	tgtgcagagagtattgacgactacaagctcagcttt			CSGLRDRGLSTDTQYF	tgcagcggcctccgggacagggggttaagcacagatacgcagtatttt	1	0	1	1	1
clonotype2077	UNK_S	1	TRAV6*01	TRAJ21*01	TRAV12-3*01	TRAJ7*01	TRBV29-1*01	TRBJ2-1*01	CALYNFNKFYF	tgtgctctttacaacttcaacaaattttacttt	CAMLGNNRLAF	tgtgcaatgttggggaacaacagactcgctttt	CSVEFKATVSYNEQFF	tgcagcgttgaatttaaggctacagtctcttacaatgagcagttcttc	2	1	2	2	1
clonotype2078	UNK_S	1	TRAV17*01	TRAJ54*01			TRBV20-1*01	TRBJ2-5*01	CATLIQGAQKLVF	tgtgctacgttgattcagggagcccagaagctggtattt			CSAKRRGRAFGETQYF	tgcagtgccaagaggcgggggagggccttcggtgagacccagtacttc	1	0	1	1	1
clonotype2079	UNK_S	1	TRAV26-2*01	TRAJ45*01			TRBV20-1*01	TRBJ2-6*01	CILRDWDSGGGADGLTF	tgcatcctgagagactgggattcaggaggaggtgctgacggactcaccttt			CSAINRGPTGANVLTF	tgcagtgctatcaacaggggtccgactggggccaacgtcctgactttc	1	0	1	1	1
clonotype208	UNK_S	1	TRAV21*01	TRAJ43*01			TRBV20-1*01	TRBJ2-5*01	CAVRTGDMRF	tgtgctgtgagaaccggtgacatgcgcttt			CSARLAGETQYF	tgcagtgccagactagctggggagacccagtacttc	1	0	1	1	1
clonotype2080	UNK_S	1	TRAV9-2*01	TRAJ29*01			TRBV20-1*01	TRBJ2-1*01	CALKDSGNTPLVF	tgtgctctgaaggattcaggaaacacacctcttgtcttt			CSARLAGGIGYNEQFF	tgcagtgcaagactagcgggagggattgggtacaatgagcagttcttc	1	0	1	1	1
clonotype2081	UNK_S	1	TRAV17*01	TRAJ39*01			TRBV20-1*01	TRBJ2-6*01	CATRDNAGNMLTF	tgtgctacgcgcgataatgcaggcaacatgctcaccttt			CSAREPQVSGANVLTF	tgcagtgctagagaacctcaggtctctggggccaacgtcctgactttc	1	0	1	1	1
clonotype2082	UNK_S	1	TRAV3*01	TRAJ34*01	TRAV23/DV6*01	TRAJ22*01	TRBV20-1*01	TRBJ2-2*01	CAVRDAADKLIF	tgtgctgtgagagacgcggccgacaagctcatcttt	CAANFATGSARQLTF	tgtgcagcaaactttgccactggttctgcaagacaactgaccttt	CSARVRGRANTGELFF	tgcagtgctagagttagggggagggcgaacaccggggagctgtttttt	2	1	2	2	1
clonotype2083	UNK_S	1	TRAV3*01	TRAJ34*01			TRBV20-1*01	TRBJ2-2*01	CAVRDILDKLIF	tgtgctgtgagagacattttggacaagctcatcttt			CSARERGRANTGELFF	tgcagtgctagggagagggggagagcgaacaccggggagctgtttttt	1	0	1	1	1
clonotype2084	UNK_S	1	TRAV12-3*01	TRAJ49*01			TRBV20-1*01	TRBJ2-7*01	CAMSTGNQFYF	tgtgcaatgagcaccggtaaccagttctatttt			CSASGTSGPAPYEQYF	tgcagtgcttccgggactagcggcccagccccctacgagcagtacttc	1	0	1	1	1
clonotype2086	UNK_S	1	TRAV8-4*01	TRAJ21*01			TRBV18*01	TRBJ2-7*01	CAVSNNFNKFYF	tgtgctgtgagcaacaacttcaacaaattttacttt			CASSPDATAEQYV	tgtgccagctcacctgatgcgacagccgagcagtacgtc	1	0	1	1	1
clonotype2088	UNK_S	1	TRAV13-2*01	TRAJ49*01			TRBV18*01	TRBJ2-3*01	CAESNTGNQFYF	tgtgcagagagtaacaccggtaaccagttctatttt			CASSPPSSETQYF	tgtgccagctcaccaccttccagtgagacgcagtatttt	1	0	1	1	1
clonotype2089	UNK_S	1	TRAV2*01	TRAJ26*01			TRBV18*01	TRBJ2-5*01	CAVEPSDGQNFVF	tgtgctgtggagccctccgatggtcagaattttgtcttt			CASSRGQQETQYF	tgtgccagctcacggggacagcaagagacccagtacttc	1	0	1	1	1
clonotype209	UNK_S	1	TRAV26-1*01	TRAJ23*01			TRBV6-1*01	TRBJ1-2*01	CIVRTLYNQGGKLIF	tgcatcgtcaggaccctttataaccagggaggaaagcttatcttc			CASSNSGYTF	tgtgccagcagtaactccggctacaccttc	1	0	1	1	1
clonotype2090	UNK_S	1	TRAV21*01	TRAJ15*01			TRBV18*01	TRBJ1-5*01	CAGFNQAGTALIF	tgtgctgggttcaaccaggcaggaactgctctgatcttt			CASSLVGNEPQHF	tgtgccagctccctcgtgggaaatgagccccagcatttt	1	0	1	1	1
clonotype2091	UNK_S	1	TRAV17*01	TRAJ40*01			TRBV12-3*01	TRBJ2-5*01	CAYDPSGTYKYIF	tgtgcctacgacccctcaggaacctacaaatacatcttt			CASSLAGVETQYF	tgtgccagcagtttagccggggtggagacccagtacttc	1	0	1	1	1
clonotype2092	UNK_S	1	TRAV25*01	TRAJ32*01			TRBV2*01	TRBJ2-1*01	CAGLNYGGATNKLIF	tgtgcagggctcaactatggtggtgctacaaacaagctcatcttt			CATRGSSYNEQFF	tgtgccacaagaggtagctcctacaatgagcagttcttc	1	0	1	1	1
clonotype2093	UNK_S	1	TRAV8-3*01	TRAJ47*01			TRBV2*01	TRBJ1-5*01	CAVGAGGNKLVF	tgtgctgtgggtgcgggaggaaacaagctggtcttt			CASRGRSNQPQHF	tgtgccagcaggggccgtagcaatcagccccagcatttt	1	0	1	1	1
clonotype2094	UNK_S	1	TRAV13-1*01	TRAJ17*01			TRBV2*01	TRBJ2-1*01	CAASTPAGNKLTF	tgtgcagcaagtacgcctgcaggcaacaagctaactttt			CASSEAGGGEQFF	tgtgccagcagtgaagcggggggtggtgagcagttcttc	1	0	1	1	1
clonotype2095	UNK_S	1	TRAV12-1*01	TRAJ31*01			TRBV2*01	TRBJ2-1*01	CVVNRNNNARLMF	tgtgtggtgaaccggaataacaatgccagactcatgttt			CASSERQSNEQFF	tgtgccagcagtgagcggcagagcaatgagcagttcttc	1	0	1	1	1
clonotype2096	UNK_S	1	TRAV9-2*01	TRAJ42*01			TRBV2*01	TRBJ1-4*01	CALSGRSQGNLIF	tgtgctctgagcgggagaagccaaggaaatctcatcttt			CASSAEGWEKLFF	tgtgccagcagtgctgagggttgggaaaaactgtttttt	1	0	1	1	1
clonotype2097	UNK_S	1	TRAV12-2*01	TRAJ29*01			TRBV2*01	TRBJ1-1*01	CAVNPGNTPLVF	tgtgccgtgaacccaggaaacacacctcttgtcttt			CASSGIQNTEAFF	tgtgccagcagtggaattcagaacactgaagctttcttt	1	0	1	1	1
clonotype2098	UNK_S	1	TRAV8-3*01	TRAJ20*01			TRBV2*01	TRBJ2-3*01	CAVGSNDYKLSF	tgtgctgtggggtctaacgactacaagctcagcttt			CASSVGVGDTQYF	tgtgccagcagtgtaggggtaggagatacgcagtatttt	1	0	1	1	1
clonotype2099	UNK_S	1	TRAV21*01	TRAJ58*01			TRBV12-5*01	TRBJ1-1*01	CAVRETSGSRLTF	tgtgctgtgagggaaaccagtggctctaggttgaccttt			CASTRDWGSEAFF	tgtgctagtactcgggattgggggtctgaagctttcttt	1	0	1	1	1
clonotype21	UNK_S	4	TRAV30*01	TRAJ30*01	TRAV29/DV5*01	TRAJ24*01	TRBV7-2*01	TRBJ2-1*01	CGTADDKIIF	tgcggcacagcggatgacaagatcatcttt	CAAPGGTDSWGKLQF	tgtgcagccccaggggggactgacagctgggggaaattgcagttt	CASSQGLAGANEQFF	tgtgccagcagtcagggactagcgggagcaaatgagcagttcttc	5	4	8	2	1
clonotype210	UNK_S	1	TRAV1-1*01	TRAJ3*01			TRBV30*01	TRBJ2-7*01	CAVRDSHSSASKIIF	tgcgctgtgagagatagtcacagcagtgcttccaagataatcttt			CAWTRRGDEQYF	tgtgcctggacccgtcggggggacgagcagtacttc	1	0	1	1	1
clonotype2101	UNK_S	1	TRAV12-2*01	TRAJ20*01			TRBV24-1*01	TRBJ2-1*01	CAVNHADYKLSF	tgtgccgtgaatcatgccgactacaagctcagcttt			CATSELGQYNEQFF	tgtgccaccagtgagttagggcagtacaatgagcagttcttc	1	0	1	1	1
clonotype2102	UNK_S	1	TRAV22*01	TRAJ13*01			TRBV28*01	TRBJ1-2*01	CAVGRPGGGYQKVTF	tgtgctgtgggccggccgggggggggttaccagaaagttaccttt			CASTRTGIVRGYTF	tgtgccagcaccaggacagggatcgtgagaggctacaccttc	1	0	1	1	1
clonotype2103	UNK_S	1	TRAV21*01	TRAJ15*01			TRBV28*01	TRBJ1-4*01	CAVSNQAGTALIF	tgtgctgtttccaaccaggcaggaactgctctgatcttt			CASSKGSTNEKLFF	tgtgccagcagcaaagggtccactaatgaaaaactgtttttt	1	0	1	1	1
clonotype2104	UNK_S	1	TRAV9-2*01	TRAJ47*01			TRBV28*01	TRBJ2-2*01	CALSDTDGNKLVF	tgtgctctgagtgatactgatggaaacaagctggtcttt			CASSRTPNTGELFF	tgtgccagcagccggacaccgaacaccggggagctgtttttt	1	0	1	1	1
clonotype2105	UNK_S	1	TRAV20*01	TRAJ31*01			TRBV28*01	TRBJ2-7*01	CAVQGGFGARLMF	tgtgctgtgcagggggggttcggtgccagactcatgttt			CASSFLGYQHEQYF	tgtgccagcagtttcctgggctatcagcacgagcagtacttc	1	0	1	1	1
clonotype2106	UNK_S	1	TRAV13-2*01	TRAJ56*01			TRBV10-3*01	TRBJ2-3*01	CAETGANSKLTF	tgtgcagagactggagccaatagtaagctgacattt			CAIKGLGDTDTQYF	tgtgccatcaagggactaggggatacagatacgcagtatttt	1	0	1	1	1
clonotype2107	UNK_S	1	TRAV6*01	TRAJ47*01	TRAV35*01	TRAJ17*01	TRBV10-3*01	TRBJ2-7*01	CALFMEYGNKLVF	tgtgctcttttcatggaatatggaaacaagctggtcttt	CAGHPKSDAGNKLTF	tgtgctgggcaccccaagtcggatgcaggcaacaagctaactttt	CAIRVDSVHYEQYF	tgtgccatcagggtggacagcgtacactacgagcagtacttc	2	1	2	2	1
clonotype2108	UNK_S	1	TRAV8-6*01	TRAJ20*01			TRBV7-9*01	TRBJ2-5*01	CAVSDSDYKLSF	tgtgctgtgagtgatagcgactacaagctcagcttt			CASSFLGGETQYF	tgtgccagcagttttctggggggggagacccagtacttc	1	0	1	1	1
clonotype2109	UNK_S	1	TRAV13-2*01	TRAJ35*01			TRBV7-9*01	TRBJ1-1*01	CAEKGFGNVLHC	tgtgcagagaagggctttgggaatgtgctgcattgc			CASRPRGNTEAFF	tgtgccagcagacccaggggcaacactgaagctttcttt	1	0	1	1	1
clonotype211	UNK_S	1	TRAV27*01	TRAJ40*01			TRBV29-1*01	TRBJ2-1*01	CAGDTSGTYKYIF	tgtgcaggagacacctcaggaacctacaaatacatcttt			CSVPRSANEQFF	tgcagcgtcccccggtcggcgaatgagcagttcttc	1	0	1	1	1
clonotype2110	UNK_S	1	TRAV12-1*01	TRAJ45*01			TRBV7-9*01	TRBJ2-7*01	CVVPGGGADGLTF	tgtgtggtgccgggaggaggtgctgacggactcaccttt			CASSPEAGYEQYF	tgtgccagcagcccggaggccggctacgagcagtacttc	1	0	1	1	1
clonotype2112	UNK_S	1	TRAV27*01	TRAJ53*01			TRBV7-9*01	TRBJ1-2*01	CAGINSGGSNYKLTF	tgtgcaggcatcaatagtggaggtagcaactataaactgacattt			CASSLPGPYGYTF	tgtgccagcagcttaccagggccctatggctacaccttc	1	0	1	1	1
clonotype2113	UNK_S	1	TRAV9-2*01	TRAJ57*01			TRBV7-9*01	TRBJ2-3*01	CALKGSGSEKLVF	tgtgctctgaaggggagcggatctgaaaagctggtcttt			CASSLAGTDTQYF	tgtgccagcagcttagcgggcacagatacgcagtatttt	1	0	1	1	1
clonotype2114	UNK_S	1	TRAV35*01	TRAJ44*01			TRBV7-9*01	TRBJ2-3*01	CAGPRNTGTASKLTF	tgtgctggccctagaaataccggcactgccagtaaactcaccttt			CASSLGPAGTQYF	tgtgccagcagcttagggcccgcgggtacgcagtatttt	1	0	1	1	1
clonotype2116	UNK_S	1	TRAV8-3*01	TRAJ31*01			TRBV7-3*01	TRBJ2-5*01	CAVDNNNARLMF	tgtgctgtagataataacaatgccagactcatgttt			CASSPGLQETQYF	tgtgccagcagcccgggactccaagagacccagtacttc	1	0	1	1	1
clonotype2117	UNK_S	1	TRAV23/DV6*01	TRAJ17*01	TRAV12-1*01	TRAJ12*01	TRBV7-3*01	TRBJ1-5*01	CAASIIKAAGNKLTF	tgtgcagcaagcataatcaaagctgcaggcaacaagctaactttt	CVVRMDSSYKLIF	tgtgtggtacggatggatagcagctataaattgatcttc	CASSLSVHQPQHF	tgtgccagcagcttaagcgtccatcagccccagcatttt	2	1	2	2	1
clonotype2118	UNK_S	1	TRAV38-2/DV8*01	TRAJ31*01	TRAV14/DV4*01	TRAJ54*01	TRBV7-3*01	TRBJ2-1*01	CAYNNARLMF	tgtgcttataacaatgccagactcatgttt	CAMREVEIQGAQKLVF	tgtgcaatgagagaggttgaaattcagggagcccagaagctggtattt	CASSLSPNNEQFF	tgtgccagcagcttatcgcctaacaatgagcagttcttc	2	1	2	2	1
clonotype2119	UNK_S	1	TRAV13-1*01	TRAJ30*01			TRBV7-3*01	TRBJ1-1*01	CAASKNRDDKIIF	tgtgcagcaagtaagaacagagatgacaagatcatcttt			CASSFGLNTEAFF	tgtgccagcagcttcggactgaacactgaagctttcttt	1	0	1	1	1
clonotype212	UNK_S	1	TRAV4*01	TRAJ22*01			TRBV29-1*01	TRBJ1-2*01	CLVAYVSGSARQLTF	tgcctcgtggcctacgtctctggttctgcaaggcaactgaccttt			CSVGTGAGGYTF	tgcagcgtcgggacaggggccggaggctacaccttc	1	0	1	1	1
clonotype2121	UNK_S	1	TRAV12-3*01	TRAJ33*01	TRAV12-2*01	TRAJ34*01	TRBV7-8*01	TRBJ2-2*01	CAIQVPGAGPAMDSNYQLIW	tgtgcaattcaagtccccggagcgggcccggccatggatagcaactatcagttaatctgg	CAVNDRSDKLIF	tgtgccgtgaacgataggtccgacaagctcatcttt	CASSDQNTGELFF	tgtgccagcagcgaccagaacaccggggagctgtttttt	2	1	2	2	1
clonotype2122	UNK_S	1	TRAV9-2*01	TRAJ9*01			TRBV7-8*01	TRBJ2-1*01	CALMGTGGFKTIF	tgtgctctgatggggactggaggcttcaaaactatcttt			CASSSVIYNEQFF	tgtgccagcagctccgtcatatacaatgagcagttcttc	1	0	1	1	1
clonotype2123	UNK_S	1	TRAV13-1*01	TRAJ4*01			TRBV7-2*01	TRBJ2-3*01	CAASRGGYNKLIF	tgtgcagcaagtagaggtggctacaataagctgattttt			CASSPRSTDTQYF	tgtgccagcagcccccgtagcacagatacgcagtatttt	1	0	1	1	1
clonotype2124	UNK_S	1	TRAV13-2*01	TRAJ6*01			TRBV7-2*01	TRBJ2-1*01	CAERRGSYIPTF	tgtgcagagcgtcgaggaagctacatacctacattt			CASSSSRGDEQFF	tgtgccagcagctcctccaggggggacgagcagttcttc	1	0	1	1	1
clonotype2125	UNK_S	1	TRAV41*01	TRAJ44*01			TRBV7-2*01	TRBJ2-5*01	CAGVTGTASKLTF	tgtgcgggggttaccggcactgccagtaaactcaccttt			CASSSDRGETQYF	tgtgccagcagctcggaccggggagagacccagtacttc	1	0	1	1	1
clonotype2127	UNK_S	1	TRAV17*01	TRAJ10*01			TRBV7-2*01	TRBJ1-2*01	CATGTGGGNKLTF	tgtgctacggggacgggaggaggaaacaaactcaccttt			CASSLDRNYGYTF	tgtgccagcagcttagacagaaactatggctacaccttc	1	0	1	1	1
clonotype2128	UNK_S	1	TRAV13-1*01	TRAJ11*01			TRBV7-2*01	TRBJ2-7*01	CAASFSGYSTLTF	tgtgcagcctctttttcaggatacagcaccctcaccttt			CASSPFTTGEQYF	tgtgccagcagcccctttacaactggggagcagtacttc	1	0	1	1	1
clonotype2130	UNK_S	1	TRAV9-2*01	TRAJ9*01			TRBV10-2*01	TRBJ1-5*01	CALTYTGGFKTIF	tgtgctctgacttatactggaggcttcaaaactatcttt			CASSGGSSNQPQHF	tgcgccagcagtgggggctccagcaatcagccccagcatttt	1	0	1	1	1
clonotype2131	UNK_S	1	TRAV13-2*01	TRAJ41*01			TRBV7-6*01	TRBJ1-1*01	CAENDSGYALNF	tgtgcagagaatgattccgggtatgcactcaacttc			CASSVGSGTEAFF	tgtgccagcagcgtagggtccgggactgaagctttcttt	1	0	1	1	1
clonotype2133	UNK_S	1	TRAV17*01	TRAJ49*01			TRBV7-6*01	TRBJ2-5*01	CATGTNTGNQFYF	tgtgctacggggacgaacaccggtaaccagttctatttt			CASSFFLGETQYF	tgtgccagcagcttttttctaggggagacccagtacttc	1	0	1	1	1
clonotype2134	UNK_S	1	TRAV21*01	TRAJ39*01	TRAV17*01	TRAJ21*01	TRBV27*01	TRBJ2-7*01	CAVRPDNAGNMLTF	tgtgctgtgaggccagataatgcaggcaacatgctcaccttt	CATDPYNFNKFYF	tgtgctacggacccatacaacttcaacaaattttacttt	CASRTGTGGYEQYF	tgtgccagcagaaccgggacagggggttacgagcagtacttc	2	1	2	2	1
clonotype2135	UNK_S	1	TRAV12-1*01	TRAJ33*01			TRBV27*01	TRBJ2-1*01	CVVKEDSNYQLIW	tgtgtggtgaaggaggatagcaactatcagttaatctgg			CASRALAGSNEQFF	tgtgccagcagggcactagcgggaagcaatgagcagttcttc	1	0	1	1	1
clonotype2136	UNK_S	1	TRAV27*01	TRAJ53*01			TRBV27*01	TRBJ2-7*01	CAGLNSGGSNYKLTF	tgtgcaggtcttaatagtggaggtagcaactataaactgacattt			CASRGISTGYEQYF	tgtgccagcagggggatttcgacgggctacgagcagtacttc	1	0	1	1	1
clonotype2138	UNK_S	1	TRAV2*01	TRAJ12*01			TRBV27*01	TRBJ2-1*01	CAVEDRSSYKLIF	tgtgctgtggaggatcggagcagctataaattgatcttc			CASSLEGLVGEQFF	tgtgccagcagtttagagggactagtcggtgagcagttcttc	1	0	1	1	1
clonotype2139	UNK_S	1	TRAV41*01	TRAJ54*01			TRBV27*01	TRBJ1-2*01	CAVRRQGAQKLVF	tgtgctgtcagaaggcagggagcccagaagctggtattt			CASSFKQTNYGYTF	tgtgccagcagtttcaaacagactaactatggctacaccttc	1	0	1	1	1
clonotype214	UNK_S	1	TRAV35*01	TRAJ58*01			TRBV29-1*01	TRBJ1-1*01	CAIEETSGSRLTF	tgtgccattgaagaaaccagtggctctaggttgaccttt			CSVVGGRNEAFF	tgcagcgttgtagggggacgtaatgaagctttcttt	1	0	1	1	1
clonotype2140	UNK_S	1	TRAV17*01	TRAJ58*01			TRBV27*01	TRBJ1-5*01	CATPETSGSRLTF	tgtgctacgccagaaaccagtggctctaggttgaccttt			CASSFARGIQPQHF	tgtgccagcagtttcgccaggggcattcagccccagcatttt	1	0	1	1	1
clonotype2141	UNK_S	1	TRAV13-1*01	TRAJ13*01			TRBV27*01	TRBJ2-7*01	CAASPGGYQKVTF	tgtgcagcaagtcccgggggttaccagaaagttaccttt			CASSLDGSSYEQYF	tgtgccagcagtttggatgggagctcctacgagcagtacttc	1	0	1	1	1
clonotype2142	UNK_S	1	TRAV41*01	TRAJ49*01			TRBV27*01	TRBJ2-7*01	CAVRSNTGNQFYF	tgtgctgtcagatcgaacaccggtaaccagttctatttt			CASSPGWGSGEQYF	tgtgccagctctcctgggtggggctcgggggagcagtacttc	1	0	1	1	1
clonotype2143	UNK_S	1	TRAV16*01	TRAJ28*01			TRBV5-6*01	TRBJ2-1*01	CALRRISGAGSYQLTF	tgtgctctaaggcggatctctggggctgggagttaccaactcactttc			CASSLGGLGHEQFF	tgtgccagcagcttggggggactaggtcatgagcagttcttc	1	0	1	1	1
clonotype2144	UNK_S	1	TRAV30*01	TRAJ15*01	TRAV12-3*01	TRAJ37*01	TRBV5-4*01	TRBJ1-1*01	CGTECQAGTALIF	tgcggcacagagtgccaggcaggaactgctctgatcttt	CAVFPSNTGKLIF	tgtgcagtattccctagcaacacaggcaaactaatcttt	CASSLQTGNTEAFF	tgtgccagcagcttgcagacagggaacactgaagctttcttt	2	1	2	2	1
clonotype2145	UNK_S	1	TRAV13-1*01	TRAJ10*01	TRAV13-2*01	TRAJ11*01	TRBV5-4*01	TRBJ2-1*01	CAAILTGGGNKLTF	tgtgcagcaattctcacgggaggaggaaacaaactcaccttt	CAESSGYSTLTF	tgtgcagagtcttcaggatacagcaccctcaccttt	CASSLRGSYNEQFF	tgtgccagcagcttgcgcggttcctacaatgagcagttcttc	2	1	2	2	1
clonotype2146	UNK_S	1	TRAV17*01	TRAJ44*01			TRBV5-4*01	TRBJ2-4*01	CARGPGTASKLTF	tgtgctcggggccccggcactgccagtaaactcaccttt			CASSLWGQKNIQYF	tgtgccagcagcttgtgggggcagaaaaacattcagtacttc	1	0	1	1	1
clonotype2147	UNK_S	1	TRAV30*01	TRAJ35*01	TRAV13-2*01	TRAJ42*01	TRBV5-1*01	TRBJ1-4*01	CGTDRIGFGNVLHC	tgcggcacagaccgaataggctttgggaatgtgctgcattgc	CAEKRSQGNLIF	tgtgcagagaagaggagccaaggaaatctcatcttt	CASSTGTDNEKLFF	tgcgccagcagcacggggacagacaatgaaaaactgtttttt	2	1	2	2	1
clonotype2148	UNK_S	1	TRAV26-1*01	TRAJ52*01			TRBV5-1*01	TRBJ2-5*01	CIVRVGAGGTSYGKLTF	tgcatcgtcagagtgggagctggtggtactagctatggaaagctgacattt			CASSLGTPQETQYF	tgcgccagcagcctggggactccacaagagacccagtacttc	1	0	1	1	1
clonotype2149	UNK_S	1	TRAV41*01	TRAJ48*01			TRBV5-1*01	TRBJ2-7*01	CAVGSFGNEKLTF	tgtgctgtcgggagctttggaaatgagaaattaaccttt			CASSYRDSSYEQYF	tgcgccagcagctaccgggacagttcctacgagcagtacttc	1	0	1	1	1
clonotype215	UNK_S	1	TRAV22*01	TRAJ13*01	TRAV21*01	TRAJ44*01	TRBV20-1*01	TRBJ1-1*01	CAVSTGGYQKVTF	tgtgctgtttcaactgggggttaccagaaagttaccttt	CAVRLTGTASKLTF	tgtgctgtgcgccttaccggcactgccagtaaactcaccttt	CSARVRGTEAFF	tgcagtgctagagtgagggggactgaagctttcttt	2	1	2	2	1
clonotype2150	UNK_S	1	TRAV27*01	TRAJ37*01			TRBV5-1*01	TRBJ2-7*01	CAGTASPSNTGKLIF	tgtgcagggacggcgtcccctagcaacacaggcaaactaatcttt			CASSSWGSSYEQYV	tgcgccagcagctcgtgggggagctcctacgagcagtacgtc	1	0	1	1	1
clonotype2151	UNK_S	1	TRAV27*01	TRAJ53*01			TRBV5-1*01	TRBJ2-5*01	CAGSKVGGSNYKLTF	tgtgcagggtctaaagtgggaggtagcaactataaactgacattt			CASSLQAHQETQYF	tgcgccagcagcttacaggcgcaccaagagacccagtacttc	1	0	1	1	1
clonotype2152	UNK_S	1	TRAV27*01	TRAJ5*01			TRBV5-1*01	TRBJ2-1*01	CAGPDGDTGRRALTF	tgtgcaggaccggatggggacacgggcaggagagcacttactttt			CASSLRGPLIEQFF	tgcgccagcagcttacggggccctctcattgagcagttcttc	1	0	1	1	1
clonotype2153	UNK_S	1	TRAV27*01	TRAJ44*01			TRBV5-1*01	TRBJ1-1*01	CAGAALRGTASKLTF	tgtgcaggtgcagcactacggggcactgccagtaaactcaccttt			CASSLKGPDRGAFF	tgcgccagcagcttgaagggccccgacaggggagctttcttt	1	0	1	1	1
clonotype2154	UNK_S	1	TRAV13-1*01	TRAJ9*01			TRBV5-1*01	TRBJ2-3*01	CAASITGGFKTIF	tgtgcagcaagtataactggaggcttcaaaactatcttt			CASSLTSGSDTQYF	tgcgccagcagcttgactagcggctcagatacgcagtatttt	1	0	1	1	1
clonotype2155	UNK_S	1	TRAV9-2*01	TRAJ3*01			TRBV5-1*01	TRBJ2-5*01	CALSTSSASKIIF	tgtgctctgagcaccagcagtgcttccaagataatcttt			CASSLEQRRETQYF	tgcgccagcagcttggaacagcggagagagacccagtacttc	1	0	1	1	1
clonotype2156	UNK_S	1	TRAV9-2*01	TRAJ56*01			TRBV5-1*01	TRBJ2-5*01	CALSTGANSKLTF	tgtgctctgagtaccggagccaatagtaagctgacattt			CASSLEPTEETQYF	tgcgccagcagcttggaaccgacggaggagacccagtacttc	1	0	1	1	1
clonotype2157	UNK_S	1	TRAV38-2/DV8*01	TRAJ43*01			TRBV5-1*01	TRBJ1-2*01	CAHGNNDMRF	tgtgctcatgggaacaatgacatgcgcttt			CASSLDRGGYGYTF	tgcgccagcagcttggacaggggagggtatggctacaccttc	1	0	1	1	1
clonotype2158	UNK_S	1	TRAV27*01	TRAJ42*01			TRBV5-1*01	TRBJ1-1*01	CAGAKWGGSQGNLIF	tgtgcaggagccaagtggggaggaagccaaggaaatctcatcttt			CASSLGAANTEAFF	tgcgccagcagcttgggagcagcgaacactgaagctttcttt	1	0	1	1	1
clonotype2159	UNK_S	1	TRAV35*01	TRAJ28*01			TRBV5-1*01	TRBJ2-7*01	CAGRVLGAGSYQLTF	tgtgctgggcgagtactgggggctgggagttaccaactcactttc			CASSFQEFSYEQYF	tgcgccagcagctttcaggagttctcctacgagcagtacttc	1	0	1	1	1
clonotype216	UNK_S	1	TRAV35*01	TRAJ49*01			TRBV20-1*01	TRBJ2-4*01	CAGQGDTGNQFYF	tgtgctgggcagggggacaccggtaaccagttctatttt			CSARKAKNIQYF	tgcagtgctaggaaagccaaaaacattcagtacttc	1	0	1	1	1
clonotype2160	UNK_S	1	TRAV17*01	TRAJ29*01			TRBV12-4*01	TRBJ1-2*01	CATGNSGNTPLVF	tgtgctacgggtaattcaggaaacacacctcttgtcttt			CASSSDREYGYTF	tgtgccagcagttccgacagggaatatggctacaccttc	1	0	1	1	1
clonotype2161	UNK_S	1	TRAV12-2*01	TRAJ20*01			TRBV3-1*01	TRBJ2-1*01	CAVNYGDYKLSF	tgtgccgtgaattatggcgactacaagctcagcttt			CASSQEAYYNEQFF	tgtgccagcagccaagaggcctactacaatgagcagttcttc	1	0	1	1	1
clonotype2162	UNK_S	1	TRAV21*01	TRAJ57*01			TRBV3-1*01	TRBJ2-1*01	CAVLQGGSEKLVF	tgtgctgtccttcagggcggatctgaaaagctggtcttt			CASSQGLVGNEQFF	tgtgccagcagccaagggctagttggcaatgagcagttcttc	1	0	1	1	1
clonotype2163	UNK_S	1	TRAV13-1*01	TRAJ33*01			TRBV3-1*01	TRBJ1-4*01	CAASAGSNYQLIW	tgtgcagcaagtgcggggagcaactatcagttaatctgg			CASSQGIGNEKLFF	tgtgccagcagccagggcatcggtaatgaaaaactgtttttt	1	0	1	1	1
clonotype2164	UNK_S	1	TRAV9-2*01	TRAJ30*01			TRBV3-1*01	TRBJ2-7*01	CALFMNRDDKIIF	tgtgctctgttcatgaacagagatgacaagatcatcttt			CASRLTSGPYEQYF	tgtgccagcaggctgactagcggcccctacgagcagtacttc	1	0	1	1	1
clonotype2165	UNK_S	1	TRAV17*01	TRAJ40*01			TRBV4-1*01	TRBJ2-1*01	CAAFTSGTYKYIF	tgtgctgcctttacctcaggaacctacaaatacatcttt			CASSQDLPFDEQFF	tgcgccagcagccaagatctacccttcgatgagcagttcttc	1	0	1	1	1
clonotype2166	UNK_S	1	TRAV2*01	TRAJ9*01			TRBV4-2*01	TRBJ1-1*01	CAVEDPGGFKTIF	tgtgctgtggaggatcctggaggcttcaaaactatcttt			CASSQAGGNTEAFF	tgtgccagcagccaagcaggggggaacactgaagctttcttt	1	0	1	1	1
clonotype2167	UNK_S	1	TRAV17*01	TRAJ58*01			TRBV4-3*01	TRBJ2-1*01	CATGVTSGSRLTF	tgtgctacgggggtgaccagtggctctaggttgaccttt			CASSQQQGFGEQFF	tgcgccagcagccaacaacagggattcggcgagcagttcttc	1	0	1	1	1
clonotype2168	UNK_S	1	TRAV12-2*01	TRAJ24*01			TRBV9*01	TRBJ2-2*01	CAVIVSWGKLQF	tgtgccgtgatcgtcagctgggggaaattgcagttt			CASKGQDNTGELFF	tgtgccagcaagggacaggacaacaccggggagctgtttttt	1	0	1	1	1
clonotype2169	UNK_S	1	TRAV8-1*01	TRAJ7*01			TRBV9*01	TRBJ2-2*01	CAFRYGNNRLAF	tgtgccttccgctatgggaacaacagactcgctttt			CASSMGDSTGELFF	tgtgccagcagcatgggggacagcaccggggagctgtttttt	1	0	1	1	1
clonotype217	UNK_S	1	TRAV12-2*01	TRAJ27*01			TRBV20-1*01	TRBJ2-1*01	CAVKAGKSTF	tgtgccgtgaaggcaggcaaatcaaccttt			CSARGEVDEQFF	tgcagtgctagaggggaggtcgatgagcagttcttc	1	0	1	1	1
clonotype2170	UNK_S	1	TRAV9-2*01	TRAJ30*01			TRBV9*01	TRBJ1-6*01	CALSVPRDDKIIF	tgtgctctgagtgtgcccagagatgacaagatcatcttt			CASSGREYNSPLHF	tgtgccagcagcggccgggagtataattcacccctccacttt	1	0	1	1	1
clonotype2171	UNK_S	1	TRAV26-1*01	TRAJ37*01			TRBV9*01	TRBJ2-1*01	CIVRGVGLVSNTGKLIF	tgcatcgtcagaggggtaggattagttagcaacacaggcaaactaatcttt			CASSVEGLVNEQFF	tgtgccagcagcgtagaaggactagtcaatgagcagttcttc	1	0	1	1	1
clonotype2173	UNK_S	1	TRAV5*01	TRAJ40*01			TRBV9*01	TRBJ2-1*01	CAEASGTYKYIF	tgtgcagaggcctcaggaacctacaaatacatcttt			CASSVGDSGRDQFF	tgtgccagcagcgtaggggatagcgggagggaccagttcttc	1	0	1	1	1
clonotype2174	UNK_S	1	TRAV12-1*01	TRAJ8*01			TRBV9*01	TRBJ2-7*01	CVVARTGFQKLVF	tgtgtggttgcccgcacaggctttcagaaacttgtattt			CASSVGTGLGEQYF	tgtgccagcagcgtaggtacaggacttggggagcagtacttc	1	0	1	1	1
clonotype2175	UNK_S	1	TRAV17*01	TRAJ37*01			TRBV9*01	TRBJ2-2*01	CATDSSNTGKLIF	tgtgctacggactctagcaacacaggcaaactaatcttt			CASSVQPNTGELFF	tgtgccagcagcgttcagccgaacaccggggagctgtttttt	1	0	1	1	1
clonotype2176	UNK_S	1	TRAV22*01	TRAJ57*01			TRBV9*01	TRBJ2-2*01	CAVEPRQGGSEKLVF	tgtgctgtggagccaaggcagggcggatctgaaaagctggtcttt			CASSSSGVIGELFF	tgtgccagcagctccagcggagttataggggagctgtttttt	1	0	1	1	1
clonotype2177	UNK_S	1	TRAV13-1*01	TRAJ33*01			TRBV15*01	TRBJ2-7*01	CAASKGSNYQLIW	tgtgcagcaagtaagggcagcaactatcagttaatctgg			CATSREGPSYEQYF	tgtgccaccagcagagaaggcccctcctacgagcagtacttc	1	0	1	1	1
clonotype2178	UNK_S	1	TRAV13-1*01	TRAJ54*01			TRBV15*01	TRBJ1-1*01	CAAPIQGAQKLVF	tgtgcagcacccattcagggagcccagaagctggtattt			CATSRDLGGTEAFF	tgtgccaccagcagagatctagggggcactgaagctttcttt	1	0	1	1	1
clonotype2179	UNK_S	1	TRAV10*01	TRAJ20*01			TRBV15*01	TRBJ2-2*01	CVVSARYKLSF	tgtgtggtgagcgcgcggtacaagctcagcttt			CATSWTTNTGELFF	tgtgccaccagctggacaacgaacaccggggagctgtttttt	1	0	1	1	1
clonotype2180	UNK_S	1	TRAV38-1*01	TRAJ20*01			TRBV25-1*01	TRBJ2-2*01	CAFFNDYKLSF	tgtgctttctttaacgactacaagctcagcttt			CASSERVNTGELFF	tgtgccagcagtgaaagggtgaacaccggggagctgtttttt	1	0	1	1	1
clonotype2181	UNK_S	1	TRAV5*01	TRAJ5*01			TRBV25-1*01	TRBJ2-2*01	CAERSLGRRALTF	tgtgcagagaggtccctgggcaggagagcacttactttt			CASSEDRNTGELFF	tgtgccagcagtgaggacaggaacaccggggagctgtttttt	1	0	1	1	1
clonotype2182	UNK_S	1	TRAV9-2*01	TRAJ9*01			TRBV6-4*01	TRBJ2-2*01	CALSDRGGGFKTIF	tgtgctctgagtgatcgtggtggaggcttcaaaactatcttt			CASSLDSATGELFF	tgtgccagcagcctcgatagcgccaccggggagctgtttttt	1	0	1	1	1
clonotype2183	UNK_S	1	TRAV8-3*01	TRAJ24*01			TRBV19*01	TRBJ1-2*01	CAVEGDSWGKLQF	tgtgctgtggaaggtgacagctgggggaaattgcagttt			CASSTGTANYGYTF	tgtgccagtagtaccgggactgctaactatggctacaccttc	1	0	1	1	1
clonotype2184	UNK_S	1	TRAV4*01	TRAJ4*01			TRBV19*01	TRBJ2-1*01	CLVGEGPTFSGGYNKLIF	tgcctcgtgggtgaaggccctacgttttctggtggctacaataagctgattttt			CASSIEAGNNEQFF	tgtgccagtagtatagaagcggggaacaatgagcagttcttc	1	0	1	1	1
clonotype2185	UNK_S	1	TRAV29/DV5*01	TRAJ47*01	TRAV13-1*01	TRAJ53*01	TRBV19*01	TRBJ1-5*01	CAASGNKLVF	tgtgcagcaagtggaaacaagctggtcttt	CAASRGGSNYKLTF	tgtgcagcaagtcggggaggtagcaactataaactgacattt	CASSISSGSQPQHF	tgtgccagtagtattagttcagggagtcagccccagcatttt	2	1	2	2	1
clonotype2186	UNK_S	1	TRAV25*01	TRAJ53*01			TRBV19*01	TRBJ2-1*01	CAGPINSKGSNYKLTF	tgtgcagggccgatcaatagtaaaggtagcaactataaactgacattt			CASSRLAGVYEQFF	tgtgccagtagtcggctagcgggagtctatgagcagttcttc	1	0	1	1	1
clonotype2187	UNK_S	1	TRAV13-1*01	TRAJ32*01			TRBV19*01	TRBJ2-2*01	CAASKPGATNKLIF	tgtgcagcaagtaagccaggtgctacaaacaagctcatcttt			CASIKRERTGELFF	tgtgccagtatcaagcgggagaggaccggggagctgtttttt	1	0	1	1	1
clonotype2188	UNK_S	1	TRAV12-2*01	TRAJ49*01			TRBV19*01	TRBJ2-3*01	CAVFVLTGNQFYF	tgtgccgtgttcgttctcaccggtaaccagttctatttt			CASGRGSPTDTQYF	tgtgccagtggcagggggagccccacagatacgcagtatttt	1	0	1	1	1
clonotype2189	UNK_S	1	TRAV35*01	TRAJ42*01	TRAV12-2*01	TRAJ58*01	TRBV19*01	TRBJ2-2*01	CAGLTYYGGSQGNLIF	tgtgctggtctaacttattatggaggaagccaaggaaatctcatcttt	CAVPGQAETSGSRLTF	tgtgccgtgcccgggcaggcagaaaccagtggctctaggttgaccttt	CASSTDANTGELFF	tgtgccagtagtacggacgcaaacaccggggagctgtttttt	2	1	2	2	1
clonotype219	UNK_S	1	TRAV17*01	TRAJ20*01			TRBV30*01	TRBJ2-1*01	CATGSNDYKLSF	tgtgctacgggctctaacgactacaagctcagcttt			CAWRFQYNEQFF	tgtgcctggaggtttcagtacaatgagcagttcttc	1	0	1	1	1
clonotype2190	UNK_S	1	TRAV8-1*01	TRAJ54*01			TRBV19*01	TRBJ1-3*01	CAAIIQGAQKLVF	tgtgccgccataattcagggagcccagaagctggtattt			CASSITGAGNTIYF	tgtgccagtagtataacaggggctggaaacaccatatatttt	1	0	1	1	1
clonotype2191	UNK_S	1	TRAV5*01	TRAJ16*01	TRAV13-1*01	TRAJ4*01	TRBV19*01	TRBJ2-7*01	CAEWAGDGQKLLF	tgtgcagagtgggcaggagatggccagaagctgctcttt	CAASPFSGGYNKLIF	tgtgcagcaagccctttttctggtggctacaataagctgattttt	CASSIRGRGDEQYF	tgtgccagtagtatcagggggcgaggggacgagcagtacttc	2	1	2	2	1
clonotype2192	UNK_S	1	TRAV5*01	TRAJ28*01			TRBV19*01	TRBJ2-1*01	CAVSGAGSYQLTF	tgtgcagtttctggggctgggagttaccaactcactttc			CASSMRISYNEQFF	tgtgccagtagtatgaggatcagttacaatgagcagttcttc	1	0	1	1	1
clonotype2193	UNK_S	1	TRAV21*01	TRAJ23*01			TRBV19*01	TRBJ1-2*01	CAVFPYNQGGKLIF	tgtgctgtgtttccttataaccagggaggaaagcttatcttc			CASSMGGGRDGYTF	tgtgccagtagtatgggagggggccgggatggctacaccttc	1	0	1	1	1
clonotype2194	UNK_S	1	TRAV12-1*01	TRAJ9*01			TRBV19*01	TRBJ2-7*01	CVVIGNTGGFKTIF	tgtgtggtgatcggaaatactggaggcttcaaaactatcttt			CASYSGTGDYEQYF	tgtgccagttactccgggacaggcgactacgagcagtacttc	1	0	1	1	1
clonotype2195	UNK_S	1	TRAV13-1*01	TRAJ45*01			TRBV19*01	TRBJ1-1*01	CAASNYKSADGLTF	tgtgcagcttcgaattacaagagtgctgacggactcaccttt			CASLTGNMNTEAFF	tgtgccagtttgacagggaacatgaacactgaagctttcttt	1	0	1	1	1
clonotype2196	UNK_S	1	TRAV8-3*01	TRAJ3*01			TRBV11-1*01	TRBJ2-1*01	CAVEDSSASKIIF	tgtgctgtggaggacagcagtgcttccaagataatcttt			CASTGDRGNEQFF	tgtgccagcaccggggacagggggaatgagcagttcttc	1	0	1	1	1
clonotype2197	UNK_S	1	TRAV3*01	TRAJ20*01			TRBV6-6*01	TRBJ2-3*01	CAVRSSNDYKLSF	tgtgctgtgagatcctcgaacgactacaagctcagcttt			CASTPGGGTDTQYF	tgtgccagcacgccaggagggggcacagatacgcagtatttt	1	0	1	1	1
clonotype2198	UNK_S	1	TRAV9-2*01	TRAJ29*01			TRBV6-6*01	TRBJ1-1*01	CALGRPSGNTPLVF	tgtgctctgggccgcccgtcaggaaacacacctcttgtcttt			CASSPPTGSTEAFF	tgtgccagcagcccccctacaggtagcactgaagctttcttt	1	0	1	1	1
clonotype2199	UNK_S	1	TRAV17*01	TRAJ4*01			TRBV6-6*01	TRBJ1-5*01	CATPISGGYNKLIF	tgtgctacgcccatttctggtggctacaataagctgattttt			CASSYRDGNQPQHF	tgtgccagcagttacagggatggcaatcagccccagcatttt	1	0	1	1	1
clonotype22	UNK_S	3	TRAV13-1*01	TRAJ48*01			TRBV7-3*01	TRBJ2-1*01	CAASSFGNEKLTF	tgtgcagcaagtagctttggaaatgagaaattaaccttt			CASIIAGKQFF	tgtgccagcatcatcgcggggaagcagttcttc	3	0	3	1	1
clonotype220	UNK_S	1	TRAV9-2*01	TRAJ43*01			TRBV29-1*01	TRBJ1-2*01	CALGSNNNDMRF	tgtgctctgggtagcaataacaatgacatgcgcttt			CSGQGAQGGYTF	tgcagcggtcagggggctcaggggggctacaccttc	1	0	1	1	1
clonotype2200	UNK_S	1	TRAV17*01	TRAJ11*01			TRBV6-5*01	TRBJ1-2*01	CATVGTSGYSTLTF	tgtgctacggtcgggacttcaggatacagcaccctcaccttt			CASTGQGGNYGYTF	tgtgccagcacgggacaggggggtaactatggctacaccttc	2	0	2	1	1
clonotype2201	UNK_S	1	TRAV12-3*01	TRAJ5*01			TRBV6-5*01	TRBJ1-1*01	CATLTGRRALTF	tgtgcaaccctcacgggcaggagagcacttactttt			CASSQGTANTEAFF	tgtgccagcagtcaggggacagcgaacactgaagctttcttt	1	0	1	1	1
clonotype2203	UNK_S	1	TRAV9-2*01	TRAJ29*01			TRBV6-5*01	TRBJ2-7*01	CALSRSSGNTPLVF	tgtgctctgagtcgctcttcaggaaacacacctcttgtcttt			CASSYSERGVEQYF	tgtgccagcagttactcggaaaggggggtcgagcagtacttc	1	0	1	1	1
clonotype2204	UNK_S	1	TRAV17*01	TRAJ11*01			TRBV6-5*01	TRBJ1-2*01	CATEGDSGYSTLTF	tgtgctacggagggtgattcaggatacagcaccctcaccttt			CASSFQGGNYGYTF	tgtgccagcagtttccagggagggaactatggctacaccttc	1	0	1	1	1
clonotype2205	UNK_S	1	TRAV14/DV4*01	TRAJ40*01			TRBV6-5*01	TRBJ2-1*01	CAMRVDYKYIF	tgtgcaatgagagtggactacaaatacatcttt			CASGWAGEEIEQFF	tgtgccagcgggtgggcgggagaagagattgagcagttcttc	1	0	1	1	1
clonotype2206	UNK_S	1	TRAV36/DV7*01	TRAJ40*01	TRAV17*01	TRAJ37*01	TRBV6-5*01	TRBJ1-1*01	CAVDREGTYKYIF	tgtgctgtggatagggaaggaacctacaaatacatcttt	CATGGSSNTGKLIF	tgtgctacgggcggctctagcaacacaggcaaactaatcttt	CASSPGGQNTEAFF	tgtgccagctccccggggggccagaacactgaagctttcttt	2	1	2	2	1
clonotype2207	UNK_S	1	TRAV2*01	TRAJ32*01			TRBV6-1*01	TRBJ2-7*01	CAVHYGGATNKLIF	tgtgctgtgcattatggtggtgctacaaacaagctcatcttt			CASSEPGETYEQYV	tgtgccagcagtgaaccgggagagacctacgagcagtacgtc	1	0	1	1	1
clonotype2208	UNK_S	1	TRAV8-6*01	TRAJ3*01			TRBV6-1*01	TRBJ1-1*01	CALRGSSASKIIF	tgtgctttgaggggaagcagtgcttccaagataatcttt			CASSEGAGLTEAFF	tgtgccagcagtgaaggggcagggctcactgaagctttcttt	1	0	1	1	1
clonotype2209	UNK_S	1	TRAV12-1*01	TRAJ3*01			TRBV6-1*01	TRBJ1-5*01	CVVNKGSSASKIIF	tgtgtggtgaacaagggcagcagtgcttccaagataatcttt			CASSEGANNQPQHF	tgtgccagcagtgagggggcgaacaatcagccccagcatttt	1	0	1	1	1
clonotype221	UNK_S	1	TRAV5*01	TRAJ4*01	TRAV3*01	TRAJ21*01	TRBV29-1*01	TRBJ1-2*01	CAYGGYNKLIF	tgtgcttacggtggctacaataagctgattttt	CAAPPRNFNKFYF	tgtgctgccccgccgcggaacttcaacaaattttacttt	CSVEGANYGYTF	tgcagcgttgagggggcgaactatggctacaccttc	2	1	2	2	1
clonotype2210	UNK_S	1	TRAV26-2*01	TRAJ56*01			TRBV6-1*01	TRBJ1-2*01	CILRDPLILTGANSKLTF	tgcatcctgagagaccccttgattttgactggagccaatagtaagctgacattt			CASSGPDSYYGYTF	tgtgccagcagtggaccggacagttactatggctacaccttc	1	0	1	1	1
clonotype2211	UNK_S	1	TRAV13-2*01	TRAJ12*01			TRBV6-1*01	TRBJ1-5*01	CAELMDSSYKLIF	tgtgcagagttaatggatagcagctataaattgatcttc			CASSVRGRDQPQHF	tgtgccagcagtgtccgggggagggatcagccccagcatttt	1	0	1	1	1
clonotype2212	UNK_S	1	TRAV21*01	TRAJ56*01			TRBV6-1*01	TRBJ2-3*01	CAVISAGANSKLTF	tgtgctgtgatatcggcgggagccaatagtaagctgacattt			CASSVWEGRDTQYF	tgtgccagcagtgtgtgggagggcagggatacgcagtatttt	1	0	1	1	1
clonotype2214	UNK_S	1	TRAV36/DV7*01	TRAJ17*01			TRBV6-2*01	TRBJ2-2*01	CARQGAAGNKLTF	tgtgctagacagggggctgcaggcaacaagctaactttt			CASAQGPNTGELFF	tgtgccagcgcacaggggccaaacaccggggagctgtttttt	1	0	1	1	1
clonotype2215	UNK_S	1	TRAV8-1*01	TRAJ38*01			TRBV6-2*01	TRBJ1-1*01	CAVFPGNNRKLIW	tgtgccgtgttccctggcaacaaccgtaagctgatttgg			CASSYSTARAEAFF	tgtgccagcagttactcgaccgcgcgcgctgaagctttcttt	1	0	1	1	1
clonotype2216	UNK_S	1	TRAV22*01	TRAJ32*01			TRBV6-2*01	TRBJ2-7*01	CAVGSHRGGATNKLIF	tgtgctgtgggttcccaccggggtggtgctacaaacaagctcatcttt			CASGGLASSNEQYV	tgtgccagcggcggactagcgagtagcaacgagcagtacgtc	1	0	1	1	1
clonotype2217	UNK_S	1	TRAV38-2/DV8*01	TRAJ47*01			TRBV30*01	TRBJ2-7*01	CAYPGGNKLVF	tgtgcttatccgggtggaaacaagctggtcttt			CAWTRTSGSGIYEQYF	tgtgcctggaccaggactagcgggagcgggatttacgagcagtacttc	1	0	1	1	1
clonotype2218	UNK_S	1	TRAV9-2*01	TRAJ20*01			TRBV30*01	TRBJ2-2*01	CALTQGSNDYKLSF	tgtgctctgacccagggttctaacgactacaagctcagcttt			CAWRGVAGANTGELFF	tgtgcctggaggggggtagcgggcgcgaacaccggggagctgtttttt	1	0	1	1	1
clonotype2219	UNK_S	1	TRAV13-1*01	TRAJ8*01			TRBV29-1*01	TRBJ2-3*01	CAASRATGFQKLVF	tgtgcagcaagccgtgctacaggctttcagaaacttgtattt			CSVGAVGSGSTDTQYF	tgcagcgtcggagcggtggggagtggtagcacagatacgcagtatttt	1	0	1	1	1
clonotype222	UNK_S	1	TRAV36/DV7*01	TRAJ31*01			TRBV20-1*01	TRBJ1-1*01	CAVRNNARLMF	tgtgctgtacgaaacaatgccagactcatgttt			CNYIKGNTEAFF	tgcaattatatcaaggggaacactgaagctttcttt	1	0	1	1	1
clonotype2220	UNK_S	1	TRAV38-1*01	TRAJ54*01			TRBV29-1*01	TRBJ2-1*01	CARWGAQKLVF	tgtgcaagatggggagcccagaagctggtattt			CSVEEGGFASYNEQFF	tgcagcgttgaagaaggaggatttgcttcctacaatgagcagttcttc	1	0	1	1	1
clonotype2221	UNK_S	1	TRAV36/DV7*01	TRAJ13*01			TRBV29-1*01	TRBJ2-1*01	CAVGAGGYQKVTF	tgtgctgtgggggcagggggttaccagaaagttaccttt			CSVALLGTSVNNEQFF	tgcagcgttgcacttctcgggactagcgtgaacaatgagcagttcttc	1	0	1	1	1
clonotype2222	UNK_S	1	TRAV9-2*01	TRAJ9*01			TRBV20-1*01	TRBJ2-1*01	CALSEGAGGFKTIF	tgtgctctgagtgaaggggctggaggcttcaaaactatcttt			CSARDGATGPNNEQFF	tgcagtgctagagatggggcgacagggcctaacaatgagcagttcttc	1	0	1	1	1
clonotype2223	UNK_S	1	TRAV12-2*01	TRAJ32*01			TRBV20-1*01	TRBJ2-1*01	CAVYGGATNKLIF	tgtgccgtttatggtggtgctacaaacaagctcatcttt			CSARDWTSGTYNEQFF	tgcagtgctagagattggactagcggaacctacaatgagcagttcttc	1	0	1	1	1
clonotype2224	UNK_S	1	TRAV13-1*01	TRAJ8*01	TRAV8-6*01	TRAJ38*01	TRBV20-1*01	TRBJ2-1*01	CAASRNTGFQKLVF	tgtgcagcaagtaggaacacaggctttcagaaacttgtattt	CAHSGAGNNRKLIW	tgtgctcattcgggggctggcaacaaccgtaagctgatttgg	CSARVRITSSYNEQFF	tgcagtgctagagtaaggattacgagctcctacaatgagcagttcttc	2	1	2	2	1
clonotype2225	UNK_S	1	TRAV8-1*01	TRAJ5*01			TRBV20-1*01	TRBJ1-5*01	CAVNAKGRRALTF	tgtgccgtgaatgcaaagggcaggagagcacttactttt			CSAEGQGFDSNQPQHF	tgcagcgctgagggacagggcttcgatagcaatcagccccagcatttt	1	0	1	1	1
clonotype2227	UNK_S	1	TRAV8-1*01	TRAJ4*01			TRBV20-1*01	TRBJ2-2*01	CAALSGGYNKLIF	tgtgccgcactttctggtggctacaataagctgattttt			CSARDFGQGNTGELFF	tgcagtgctagagattttggacaggggaacaccggggagctgtttttt	1	0	1	1	1
clonotype2228	UNK_S	1	TRAV3*01	TRAJ32*01			TRBV20-1*01	TRBJ2-1*01	CAVREGATNKLIF	tgtgctgtgagagaaggtgctacaaacaagctcatcttt			CSASLAGGRKWNEQFF	tgcagtgctagtctagcgggagggcgtaagtggaatgagcagttcttc	1	0	1	1	1
clonotype2229	UNK_S	1	TRAV9-2*01	TRAJ10*01			TRBV20-1*01	TRBJ2-1*01	CALSATGGGNKLTF	tgtgctctgagtgccacgggaggaggaaacaaactcaccttt			CSASFPLAGVDNEQFF	tgcagtgctagtttccccctagcgggagtggacaatgagcagttcttc	1	0	1	1	1
clonotype2230	UNK_S	1	TRAV8-2*01	TRAJ39*01			TRBV20-1*01	TRBJ2-3*01	CVVSVNAGNMLTF	tgtgttgtgagtgttaatgcaggcaacatgctcaccttt			CSVLGGLAGVSDTQYF	tgcagtgtcctaggagggctagcgggagtgtcagatacgcagtatttt	1	0	1	1	1
clonotype2231	UNK_S	1	TRAV10*01	TRAJ42*01	TRAV12-3*01	TRAJ44*01	TRBV18*01	TRBJ2-5*01	CVVRGSQGNLIF	tgtgtggtgcgaggaagccaaggaaatctcatcttt	CAMSANTGTASKLTF	tgtgcaatgagcgccaataccggcactgccagtaaactcaccttt	CASSPGEQETQYF	tgtgccagctcaccgggggagcaagagacccagtacttc	2	1	2	2	1
clonotype2232	UNK_S	1	TRAV23/DV6*01	TRAJ7*01	TRAV13-2*01	TRAJ8*01	TRBV18*01	TRBJ2-1*01	CAAGNNRLAF	tgtgcagcggggaacaacagactcgctttt	CAEKSTGFQKLVF	tgtgcagagaagtcgacaggctttcagaaacttgtattt	CASSPTGVDEQFF	tgtgccagctcacctacaggggtcgatgagcagttcttc	2	1	2	2	1
clonotype2233	UNK_S	1	TRAV5*01	TRAJ23*01			TRBV18*01	TRBJ2-7*01	CAETGNQGGKLIF	tgtgcagagacgggtaaccagggaggaaagcttatcttc			CASSTRGADEQYF	tgtgccagctcgaccaggggagcagacgagcagtacttc	1	0	1	1	1
clonotype2234	UNK_S	1	TRAV24*01	TRAJ18*01			TRBV12-3*01	TRBJ2-1*01	CAFIFLGRLYF	tgtgcctttattttcctggggaggctatacttt			CASSLAANNEQFF	tgtgccagcagcctagcggctaacaatgagcagttcttc	1	0	1	1	1
clonotype2235	UNK_S	1	TRAV2*01	TRAJ12*01			TRBV12-3*01	TRBJ2-7*01	CAVEDRDSSYKLIF	tgtgctgtggaggatagggatagcagctataaattgatcttc			CASRQTGYYEQYF	tgtgccagcaggcagacgggttactacgagcagtacttc	1	0	1	1	1
clonotype2236	UNK_S	1	TRAV8-3*01	TRAJ37*01	TRAV29/DV5*01	TRAJ22*01	TRBV12-3*01	TRBJ2-7*01	CAVGSSNTGKLIF	tgtgctgtggggtctagcaacacaggcaaactaatcttt	CAPWGSGSARQLTF	tgtgcaccttggggttctggttctgcaaggcaactgaccttt	CASSWAGNYEQYF	tgtgccagcagttgggcggggaactacgagcagtacttc	2	1	2	2	1
clonotype2237	UNK_S	1	TRAV8-1*01	TRAJ40*01			TRBV12-3*01	TRBJ1-1*01	CAVSTSGTYKYIF	tgtgccgtttctacctcaggaacctacaaatacatcttt			CASSLNGNTEAFF	tgtgccagcagtttaaacgggaacactgaagctttcttt	1	0	1	1	1
clonotype2238	UNK_S	1	TRAV8-3*01	TRAJ20*01			TRBV12-3*01	TRBJ2-1*01	CAVGRSNDYKLSF	tgtgctgtgggtcggtctaacgactacaagctcagcttt			CASSLGPSNEQFF	tgtgccagcagtttgggcccttccaatgagcagttcttc	1	0	1	1	1
clonotype2239	UNK_S	1	TRAV13-1*01	TRAJ24*01			TRBV2*01	TRBJ1-2*01	CAARNPDSWGKLQF	tgtgcagccaggaaccctgacagctgggggaaattgcagttt			CASSAGGAYGYTF	tgtgccagcagcgcggggggggcttatggctacaccttc	1	0	1	1	1
clonotype2240	UNK_S	1	TRAV12-2*01	TRAJ39*01			TRBV2*01	TRBJ2-1*01	CAVLNNAGNMLTF	tgtgccgtgctgaataatgcaggcaacatgctcaccttt			CASSVFNDNEQFF	tgtgccagcagtgtatttaatgacaatgagcagttcttc	1	0	1	1	1
clonotype2241	UNK_S	1	TRAV8-4*01	TRAJ39*01			TRBV2*01	TRBJ2-7*01	CAVSDNAGNMLTF	tgtgctgtgagtgataatgcaggcaacatgctcaccttt			CASSVAHSYEQYF	tgtgccagcagtgtggcccactcctacgagcagtacttc	1	0	1	1	1
clonotype2243	UNK_S	1	TRAV8-3*01	TRAJ10*01	TRAV8-4*01	TRAJ20*01	TRBV2*01	TRBJ1-4*01	CAVGPHGLTGGGNKLTF	tgtgctgtgggtccccatggcctcacgggaggaggaaacaaactcaccttt	CAVTRSNDYKLSF	tgtgctgtgactcgttctaacgactacaagctcagcttt	CASLRGVNEKLFF	tgtgccagccttcggggagttaatgaaaaactgtttttt	2	1	2	2	1
clonotype2244	UNK_S	1	TRAV21*01	TRAJ38*01	TRAV13-1*01	TRAJ48*01	TRBV12-5*01	TRBJ1-1*01	CAVNNAGNNRKLIW	tgtgctgtgaataatgctggcaacaaccgtaagctgatttgg	CAASGRNFGNEKLTF	tgtgcagcaagtgggcgaaactttggaaatgagaaattaaccttt	CASARTENTEAFF	tgtgctagtgcccggacagagaacactgaagctttcttt	2	1	2	2	1
clonotype2245	UNK_S	1	TRAV12-1*01	TRAJ6*01			TRBV12-5*01	TRBJ1-5*01	CVVNEAGGSYIPTF	tgtgtggtgaacgaagcaggaggaagctacatacctacattt			CASGLVQGQPQHF	tgtgctagtggtttggtacaaggacagccccagcatttt	1	0	1	1	1
clonotype2246	UNK_S	1	TRAV2*01	TRAJ8*01			TRBV24-1*01	TRBJ2-2*01	CAVEAYTGFQKLVF	tgtgctgtggaggcatacacaggctttcagaaacttgtattt			CATSGRANTGELFF	tgtgccaccagcgggagggccaacaccggggagctgtttttt	1	0	1	1	1
clonotype2247	UNK_S	1	TRAV12-2*01	TRAJ20*01			TRBV24-1*01	TRBJ2-2*01	CAVDYSNDYKLSF	tgtgccgtggactattctaacgactacaagctcagcttt			CATSANTITGELFF	tgtgccaccagtgcgaacaccatcaccggggagctgtttttt	1	0	1	1	1
clonotype2248	UNK_S	1	TRAV21*01	TRAJ41*01			TRBV28*01	TRBJ1-3*01	CAVKDSNSGYALNF	tgtgctgtgaaggactcaaattccgggtatgcactcaacttc			CASRQGESGNTIYF	tgtgccagcaggcagggtgaatctggaaacaccatatatttt	1	0	1	1	1
clonotype2249	UNK_S	1	TRAV12-1*01	TRAJ6*01			TRBV28*01	TRBJ2-5*01	CVVNIGGGSYIPTF	tgtgtggtgaacatcgggggaggaagctacatacctacattt			CASSYREYQETQYF	tgtgccagcagttatcgggagtaccaagagacccagtacttc	1	0	1	1	1
clonotype2250	UNK_S	1	TRAV26-2*01	TRAJ52*01			TRBV28*01	TRBJ2-2*01	CILRARKGGGTSYGKLTF	tgcatcctgagagcccgtaagggaggtggtactagctatggaaagctgacattt			CASSLIRVTGELFF	tgtgccagcagtttaattcgggttaccggggagctgtttttt	1	0	1	1	1
clonotype2251	UNK_S	1	TRAV12-2*01	TRAJ9*01			TRBV28*01	TRBJ2-7*01	CAVNRAGGFKTIF	tgtgccgtgaacagggctggaggcttcaaaactatcttt			CASSLASGIYEQYF	tgtgccagcagtttggctagcgggatctacgagcagtacttc	1	0	1	1	1
clonotype2252	UNK_S	1	TRAV13-1*01	TRAJ40*01			TRBV28*01	TRBJ2-1*01	CAARTNSGTYKYIF	tgtgcagcaaggacaaactcaggaacctacaaatacatcttt			CASSFDLATGGQFF	tgtgccagcagttttgacctggcgacgggaggacagttcttc	1	0	1	1	1
clonotype2254	UNK_S	1	TRAV13-2*01	TRAJ8*01			TRBV10-3*01	TRBJ2-5*01	CAENDTGFQKLVF	tgtgcagagaatgacacaggctttcagaaacttgtattt			CAIRPGRDQETQYF	tgtgccatcagacccggacgagaccaagagacccagtacttc	1	0	1	1	1
clonotype2256	UNK_S	1	TRAV9-2*01	TRAJ43*01			TRBV10-3*01	TRBJ1-3*01	CALSDSGNNNDMRF	tgtgctctgagtgattcgggaaataacaatgacatgcgcttt			CAISGGGSGNTIYF	tgtgccatcagtggcgggggaagcggaaacaccatatatttt	1	0	1	1	1
clonotype2258	UNK_S	1	TRAV30*01	TRAJ17*01			TRBV7-9*01	TRBJ2-3*01	CGTPYITAGNKLTF	tgcggcacaccctatataactgcaggcaacaagctaactttt			CASRLGGTDTQYF	tgtgccagcagattaggaggcacagatacgcagtatttt	1	0	1	1	1
clonotype2259	UNK_S	1	TRAV21*01	TRAJ22*01			TRBV7-9*01	TRBJ1-1*01	CAPFSSGSARQLTF	tgtgcccccttttcttctggttctgcaaggcaactgaccttt			CASSRDTNTEAFF	tgtgccagcagccgggacaccaacactgaagctttcttt	1	0	1	1	1
clonotype226	UNK_S	1	TRAV13-1*01	TRAJ31*01			TRBV20-1*01	TRBJ1-2*01	CAASEGNARLMF	tgtgcagcaagtgagggcaatgccagactcatgttt			CSATGTGHGYTF	tgcagtgcaactgggacagggcatggctacaccttc	1	0	1	1	1
clonotype2260	UNK_S	1	TRAV12-1*01	TRAJ44*01			TRBV7-9*01	TRBJ2-2*01	CVVTYTGTASKLTF	tgtgtggtgacctataccggcactgccagtaaactcaccttt			CASSFTGGGELFF	tgtgccagcagctttaccgggggcggggagctgtttttt	1	0	1	1	1
clonotype2261	UNK_S	1	TRAV13-2*01	TRAJ13*01	TRAV13-1*01	TRAJ9*01	TRBV7-3*01	TRBJ2-1*01	CAENPGGGYQKVTF	tgtgcagagaatcccggggggggttaccagaaagttaccttt	CAASYGTGGFKTIF	tgtgcagcaagttacggtactggaggcttcaaaactatcttt	CASSLTPGDEQFF	tgtgccagcagcttaactccgggggatgagcagttcttc	2	1	2	2	1
clonotype2262	UNK_S	1	TRAV21*01	TRAJ15*01			TRBV7-3*01	TRBJ2-3*01	CAVGPYQAGTALIF	tgtgctgtggggccctaccaggcaggaactgctctgatcttt			CASSLRNTDTQYF	tgtgccagcagcttaagaaatacagatacgcagtatttt	1	0	1	1	1
clonotype2263	UNK_S	1	TRAV17*01	TRAJ37*01			TRBV7-3*01	TRBJ1-4*01	CATDLASNTGKLIF	tgtgctacggatcttgctagcaacacaggcaaactaatcttt			CASSLGSGTELFF	tgtgccagcagcttgggttccgggacggaactgtttttt	1	0	1	1	1
clonotype2265	UNK_S	1	TRAV12-2*01	TRAJ48*01			TRBV7-8*01	TRBJ1-6*01	CAGGDFGNEKLTF	tgtgccgggggggactttggaaatgagaaattaaccttt			CASSPEDHSPLHF	tgtgccagcagcccggaggaccattcacccctccacttt	1	0	1	1	1
clonotype2267	UNK_S	1	TRAV5*01	TRAJ34*01	TRAV14/DV4*01	TRAJ7*01	TRBV7-2*01	TRBJ1-1*01	CAESRAQTDKLIF	tgtgcagagagtagggcgcagaccgacaagctcatcttt	CAMREQGNNRLAF	tgtgcaatgagagagcaagggaacaacagactcgctttt	CASSSVLATEAFF	tgtgccagcagctcggtcctggccactgaagctttcttt	2	1	2	2	1
clonotype2268	UNK_S	1	TRAV8-4*01	TRAJ15*01			TRBV7-2*01	TRBJ2-7*01	CAVRGNPGTALIF	tgtgctgtgaggggaaaccctggaactgctctgatcttt			CASSLSGIYEQYF	tgtgccagcagccttagcgggatttacgagcagtacttc	1	0	1	1	1
clonotype2269	UNK_S	1	TRAV8-4*01	TRAJ49*01			TRBV7-2*01	TRBJ2-1*01	CAVSTNTGNQFYF	tgtgctgtgagcactaacaccggtaaccagttctatttt			CASSVHRVDEQFF	tgtgccagcagcgtccacagggtggatgagcagttcttc	1	0	1	1	1
clonotype227	UNK_S	1	TRAV25*01	TRAJ11*01	TRAV14/DV4*01	TRAJ34*01	TRBV20-1*01	TRBJ1-1*01	CAGPGDSGYSTLTF	tgtgcagggcccggggattcaggatacagcaccctcaccttt	CAMREGPYTDKLIF	tgtgcaatgagagagggcccatacaccgacaagctcatcttt	CSARTGGTEAFF	tgcagtgcgaggacagggggcactgaagctttcttt	2	1	2	2	1
clonotype2270	UNK_S	1	TRAV8-3*01	TRAJ42*01	TRAV8-1*01	TRAJ31*01	TRBV7-2*01	TRBJ2-7*01	CAVGANGGSQGNLIF	tgtgctgtgggcgccaacggaggaagccaaggaaatctcatcttt	CAVNARNNARLMF	tgtgccgtgaatgcgaggaacaatgccagactcatgttt	CASSLPGVYEQYF	tgtgccagcagcttaccaggagtctacgagcagtacttc	2	1	2	2	1
clonotype2271	UNK_S	1	TRAV8-1*01	TRAJ20*01			TRBV10-2*01	TRBJ1-2*01	CAVNAINDYKLSF	tgtgccgtgaacgcaattaacgactacaagctcagcttt			CASRTGTPIYGYTF	tgcgccagcagaaccgggacaccgatatatggctacaccttc	1	0	1	1	1
clonotype2272	UNK_S	1	TRAV20*01	TRAJ34*01			TRBV10-2*01	TRBJ2-7*01	CAVQATYNTDKLIF	tgtgctgtgcaggccacctataacaccgacaagctcatcttt			CASRRQGSSYEQYF	tgcgccagcagaagacagggaagctcctacgagcagtacttc	1	0	1	1	1
clonotype2273	UNK_S	1	TRAV41*01	TRAJ22*01			TRBV10-2*01	TRBJ2-7*01	CAVRSSGSARQLTF	tgtgctgtcagatcttctggttctgcaaggcaactgaccttt			CASSEPISFYEQYF	tgcgccagcagtgagccaatctctttctacgagcagtacttc	1	0	1	1	1
clonotype2274	UNK_S	1	TRAV9-2*01	TRAJ43*01			TRBV7-6*01	TRBJ2-7*01	CALRGSYNNNDMRF	tgtgctctgcggggaagttacaataacaatgacatgcgcttt			CASSGTGGYEQYF	tgtgccagcagcggtacagggggctacgagcagtacttc	1	0	1	1	1
clonotype2275	UNK_S	1	TRAV27*01	TRAJ38*01			TRBV27*01	TRBJ2-2*01	CAGAGVNAGNNRKLIW	tgtgcaggagcaggagtgaatgctggcaacaaccgtaagctgatttgg			CATGGKPVTGELFF	tgtgccacgggggggaaacccgttaccggggagctgtttttt	1	0	1	1	1
clonotype2277	UNK_S	1	TRAV13-1*01	TRAJ11*01			TRBV27*01	TRBJ2-7*01	CAASMNSGYSTLTF	tgtgcagcaagcatgaattcaggatacagcaccctcaccttt			CASSTINRESEQYF	tgtgccagcagtaccataaacagggaaagcgagcagtacttc	1	0	1	1	1
clonotype2278	UNK_S	1	TRAV8-3*01	TRAJ8*01			TRBV27*01	TRBJ2-7*01	CAVGDQSFQKLVF	tgtgctgtgggtgatcagagctttcagaaacttgtattt			CASSRAGGAYEQYF	tgtgccagcagtagagcgggaggtgcctacgagcagtacttc	1	0	1	1	1
clonotype2279	UNK_S	1	TRAV8-3*01	TRAJ29*01			TRBV27*01	TRBJ1-5*01	CAVAWGGNTPLVF	tgtgctgtggcctgggggggaaacacacctcttgtcttt			CASSSSGTPLPQHF	tgtgccagcagttcctcagggactcccctgccccagcatttt	1	0	1	1	1
clonotype228	UNK_S	1	TRAV8-3*01	TRAJ43*01			TRBV20-1*01	TRBJ2-7*01	CAVDNNNDMRF	tgtgctgtggacaataacaatgacatgcgcttt			CSARRGTYEQYF	tgcagtgctcgaagggggacctacgagcagtacttc	1	0	1	1	1
clonotype2280	UNK_S	1	TRAV9-2*01	TRAJ53*01			TRBV27*01	TRBJ1-5*01	CAPWGGGSNYKLTF	tgtgctccctgggggggaggtagcaactataaactgacattt			CASSLGGEGQPQHF	tgtgccagcagtttagggggagagggtcagccccagcatttt	1	0	1	1	1
clonotype2281	UNK_S	1	TRAV8-6*01	TRAJ17*01			TRBV27*01	TRBJ2-3*01	CAVSKAAGNKLTF	tgtgctgtgagtaaagctgcaggcaacaagctaactttt			CASSLSRVEDTQYF	tgtgccagcagtttatccagggtagaagatacgcagtatttt	1	0	1	1	1
clonotype2282	UNK_S	1	TRAV13-1*01	TRAJ44*01			TRBV27*01	TRBJ1-1*01	CAGRRAGTASKLTF	tgtgcaggcaggcgggccggcactgccagtaaactcaccttt			CASSLSGTNTEAFF	tgtgccagcagtttatcgggtacgaacactgaagctttcttt	1	0	1	1	1
clonotype2283	UNK_S	1	TRAV13-1*01	TRAJ42*01			TRBV27*01	TRBJ2-7*01	CAATRGGSQGNLIF	tgtgcagcaacgagaggaggaagccaaggaaatctcatcttt			CASSFGTGSYEQYF	tgtgccagcagtttcgggacaggctcctacgagcagtacttc	1	0	1	1	1
clonotype2284	UNK_S	1	TRAV9-2*01	TRAJ50*01			TRBV27*01	TRBJ2-7*01	CALRMKTSYDKVIF	tgtgctctgcgcatgaaaacctcctacgacaaggtgatattt			CASSLTTSSYEQYF	tgtgccagcagtttgaccacgagctcctacgagcagtacttc	1	0	1	1	1
clonotype2285	UNK_S	1	TRAV2*01	TRAJ9*01			TRBV27*01	TRBJ2-3*01	CAVIENTGGFKTIF	tgtgctgtgatagaaaatactggaggcttcaaaactatcttt			CASSLERPTDTQYF	tgtgccagcagtttggagcggcccacagatacgcagtatttt	1	0	1	1	1
clonotype2286	UNK_S	1	TRAV12-1*01	TRAJ4*01			TRBV27*01	TRBJ1-1*01	CVVTVSGGYNKLIF	tgtgtggtgaccgtttctggtggctacaataagctgattttt			CASSFAGVNTEAFF	tgtgccagcagttttgcaggggtgaacactgaagctttcttt	1	0	1	1	1
clonotype2287	UNK_S	1	TRAV13-1*01	TRAJ6*01			TRBV27*01	TRBJ1-5*01	CAAPTRGGSYIPTF	tgtgcagccccgacgagaggaggaagctacatacctacattt			CASMNVGSNQPQHF	tgtgccagcatgaacgtggggagcaatcagccccagcatttt	1	0	1	1	1
clonotype2288	UNK_S	1	TRAV5*01	TRAJ40*01			TRBV5-6*01	TRBJ2-7*01	CAERYAGTYKYIF	tgtgcagagaggtatgcaggaacctacaaatacatcttt			CASSPRTVPYEQYF	tgtgccagcagcccgaggacggtaccctacgagcagtacttc	1	0	1	1	1
clonotype2289	UNK_S	1	TRAV12-2*01	TRAJ12*01			TRBV5-6*01	TRBJ2-7*01	CAVMRDSSYKLIF	tgtgccgtgatgagggatagcagctataaattgatcttc			CASSWRGLTYEQYF	tgtgccagcagctggcggggcctcacctacgagcagtacttc	1	0	1	1	1
clonotype229	UNK_S	1	TRAV41*01	TRAJ48*01			TRBV5-8*01	TRBJ2-7*01	CAVDFGNEKLTF	tgtgctgtcgactttggaaatgagaaattaaccttt			CASSFYEQYV	tgtgccagcagcttctacgagcagtacgtc	1	0	1	1	1
clonotype2290	UNK_S	1	TRAV25*01	TRAJ42*01			TRBV5-6*01	TRBJ1-5*01	CAGPKNYGGSQGNLIF	tgtgcagggcctaaaaattatggaggaagccaaggaaatctcatcttt			CASSFGPTVPPQHF	tgtgccagcagcttcgggcctacagtcccgccccagcatttt	1	0	1	1	1
clonotype2292	UNK_S	1	TRAV12-3*01	TRAJ49*01			TRBV5-4*01	TRBJ2-1*01	CAMSETGNQFYF	tgtgcaatgagcgaaaccggtaaccagttctatttt			CASSLVGQGYEQFF	tgtgccagcagcttggtcgggcagggttatgagcagttcttc	1	0	1	1	1
clonotype2293	UNK_S	1	TRAV21*01	TRAJ23*01			TRBV5-4*01	TRBJ2-2*01	CAVPPYNQGGKLIF	tgtgctgtcccaccttataaccagggaggaaagcttatcttc			CASSWAGPTGELFF	tgtgccagcagttgggcaggtccaaccggggagctgtttttt	1	0	1	1	1
clonotype2294	UNK_S	1	TRAV8-3*01	TRAJ43*01	TRAV12-2*01	TRAJ9*01	TRBV5-4*01	TRBJ1-1*01	CAVGAYNDNNNDMRF	tgtgctgtgggtgcgtataacgacaataacaatgacatgcgcttt	CAVKATGGFKTIF	tgtgccgtgaaggcgactggaggcttcaaaactatcttt	CASSPGPMNTEAFF	tgtgccagcagcccgggaccgatgaacactgaagctttcttt	2	1	2	2	1
clonotype2297	UNK_S	1	TRAV13-1*01	TRAJ37*01			TRBV5-1*01	TRBJ2-1*01	CAASIAGDTGKLIF	tgtgcagcaagtatcgcgggtgacacaggcaaactaatcttt			CASSLRTADNEQFF	tgcgccagcagcctaaggacggcggacaatgagcagttcttc	1	0	1	1	1
clonotype2298	UNK_S	1	TRAV12-3*01	TRAJ57*01			TRBV5-1*01	TRBJ1-2*01	CATQGGSEKLVF	tgtgcaactcagggcggatctgaaaagctggtcttt			CASSGGLPNYGYTF	tgcgccagcagcgggggacttccaaactatggctacaccttc	1	0	1	1	1
clonotype2299	UNK_S	1	TRAV23/DV6*01	TRAJ20*01	TRAV8-4*01	TRAJ40*01	TRBV5-1*01	TRBJ2-3*01	CAASVRSNDYKLSF	tgtgcagcaagcgtgcgctctaacgactacaagctcagcttt	CAVSERGTYKYIF	tgtgctgtgagtgaaaggggaacctacaaatacatcttt	CASSSTGGADTQYF	tgcgccagcagctcaacagggggggcagatacgcagtatttt	2	1	2	2	1
clonotype23	UNK_S	3	TRAV12-1*01	TRAJ8*01			TRBV4-1*01	TRBJ1-2*01	CVVTGPGNTGFQKLVF	tgtgtggtgacggggccggggaacacaggctttcagaaacttgtattt			CASSPDGTGVYTF	tgcgccagcagccctgacggcaccggagtctacaccttc	3	0	3	1	1
clonotype230	UNK_S	1	TRAV21*01	TRAJ40*01			TRBV30*01	TRBJ1-3*01	CAVEYSGTYKYIF	tgtgctgtggagtattccggaacctacaaatacatcttt			CAWSDFGNTIYF	tgtgcctggagtgattttggaaacaccatatatttt	1	0	1	1	1
clonotype2300	UNK_S	1	TRAV8-6*01	TRAJ20*01			TRBV5-1*01	TRBJ1-4*01	CAVSDKNDYKLSF	tgtgctgtgagtgataaaaacgactacaagctcagcttt			CASSLRYPNEKLFF	tgcgccagcagcttaagatatcctaatgaaaaactgtttttt	1	0	1	1	1
clonotype2301	UNK_S	1	TRAV13-1*01	TRAJ29*01			TRBV5-1*01	TRBJ2-1*01	CAATLISGNTPLVF	tgtgcagcaacattaatttcaggaaacacacctcttgtcttt			CASSLTSGSNEQFF	tgcgccagcagcttgactagcgggagtaatgagcagttcttc	1	0	1	1	1
clonotype2302	UNK_S	1	TRAV30*01	TRAJ24*01			TRBV5-1*01	TRBJ1-2*01	CGTEATDSWGKLQF	tgcggcacagaggcaactgacagctgggggaaattgcagttt			CASSLPGRGLGYTF	tgcgccagcagcttgccgggcagggggcttggctacaccttc	1	0	1	1	1
clonotype2303	UNK_S	1	TRAV9-2*01	TRAJ37*01	TRAV8-3*01	TRAJ36*01	TRBV5-1*01	TRBJ2-3*01	CALSDLKGSSNTGKLIF	tgtgctctgagtgatttgaaaggctctagcaacacaggcaaactaatcttt	CAVVITGANNLFF	tgtgctgtggttataactggggcaaacaacctcttcttt	CASSLDRGTDTQYF	tgcgccagcagcttggacaggggcacagatacgcagtatttt	2	1	2	2	1
clonotype2305	UNK_S	1	TRAV12-3*01	TRAJ27*01			TRBV5-1*01	TRBJ2-7*01	CAINTNAGKSTF	tgtgcaattaacaccaatgcaggcaaatcaaccttt			CASSLGLAIYEQYF	tgcgccagcagcttgggactagctatctacgagcagtacttc	1	0	1	1	1
clonotype2306	UNK_S	1	TRAV36/DV7*01	TRAJ52*01	TRAV27*01	TRAJ52*01	TRBV5-1*01	TRBJ2-2*01	CAVGLNAGGTSYGKLTF	tgtgctgtgggtttaaatgctggtggtactagctatggaaagctgacattt	CAGARAGGTSYGKLTF	tgtgcaggagctcgggctggtggtactagctatggaaagctgacattt	CASSLGLNTGELFF	tgcgccagcagcttgggactgaacaccggggagctgtttttt	2	1	2	2	1
clonotype2307	UNK_S	1	TRAV35*01	TRAJ39*01			TRBV5-1*01	TRBJ2-5*01	CAGQRPYNNAGNMLTF	tgtgctgggcagcggccttataataatgcaggcaacatgctcaccttt			CASSREVDRETQYF	tgcgccagcagtcgggaggtggaccgggagacccagtacttc	1	0	1	1	1
clonotype2309	UNK_S	1	TRAV12-1*01	TRAJ43*01			TRBV3-1*01	TRBJ1-5*01	CVVAEHYNNNDMRF	tgtgtggtggccgaacattacaataacaatgacatgcgcttt			CASSQSSSNQPQHF	tgtgccagcagccaaagcagtagcaatcagccccagcatttt	1	0	1	1	1
clonotype231	UNK_S	1	TRAV20*01	TRAJ6*01			TRBV30*01	TRBJ1-2*01	CAVSSGGSYIPTF	tgtgctgtttcatcaggaggaagctacatacctacattt			CAWQDSDYGYTF	tgtgcctggcaggacagcgactatggctacaccttc	1	0	1	1	1
clonotype2310	UNK_S	1	TRAV8-4*01	TRAJ7*01	TRAV17*01	TRAJ15*01	TRBV3-1*01	TRBJ1-2*01	CAVSAHYGNNRLAF	tgtgctgtgagtgctcactatgggaacaacagactcgctttt	CATVGNQAGTALIF	tgtgctacggtcggcaaccaggcaggaactgctctgatcttt	CASSQQGNFYGYTF	tgtgccagcagccaacaggggaacttttatggctacaccttc	2	1	2	2	1
clonotype2311	UNK_S	1	TRAV17*01	TRAJ9*01			TRBV3-1*01	TRBJ2-2*01	CATDVYTGGFKTIF	tgtgctacggacgtttatactggaggcttcaaaactatcttt			CASSQQWDTGELFF	tgtgccagcagccaacagtgggacaccggggagctgtttttt	1	0	1	1	1
clonotype2312	UNK_S	1	TRAV2*01	TRAJ29*01			TRBV3-1*01	TRBJ2-7*01	CAVEENSGNTPLVF	tgtgctgtggaggaaaattcaggaaacacacctcttgtcttt			CASSQRGSSYEQYF	tgtgccagcagccaacgagggagctcctacgagcagtacttc	1	0	1	1	1
clonotype2313	UNK_S	1	TRAV17*01	TRAJ56*01			TRBV3-1*01	TRBJ1-3*01	CATDESGANSKLTF	tgtgctacggacgagtctggagccaatagtaagctgacattt			CASSVRSSGNTIYF	tgtgccagcagcgtccgctcttctggaaacaccatatatttt	1	0	1	1	1
clonotype2315	UNK_S	1	TRAV5*01	TRAJ16*01	TRAV12-1*01	TRAJ36*01	TRBV4-1*01	TRBJ1-1*01	CAEKEGDGQKLLF	tgtgcagagaaggagggagatggccagaagctgctcttt	CVVILQTGANNLFF	tgtgtggtgatcctacaaactggggcaaacaacctcttcttt	CASSQDQGYTEAFF	tgcgccagcagccaagatcaaggttacactgaagctttcttt	2	1	2	2	1
clonotype2317	UNK_S	1	TRAV12-3*01	TRAJ34*01			TRBV4-1*01	TRBJ1-1*01	CAMNHNTDKLIF	tgtgcaatgaaccataacaccgacaagctcatcttt			CASSQVSDNTEAFF	tgcgccagcagccaagtaagtgataacactgaagctttcttt	1	0	1	1	1
clonotype2318	UNK_S	1	TRAV13-2*01	TRAJ16*01			TRBV4-1*01	TRBJ1-1*01	CAENISDGQKLLF	tgtgcagagaatatttcagatggccagaagctgctcttt			CASSHLTGGEEAFF	tgcgccagcagccaccttacagggggtgaggaagctttcttt	1	0	1	1	1
clonotype2319	UNK_S	1	TRAV17*01	TRAJ40*01			TRBV4-1*01	TRBJ2-5*01	CATDHTSGTYKYIF	tgtgctacggaccatacctcaggaacctacaaatacatcttt			CASSHDLVRETQYF	tgcgccagcagccacgacctcgtacgggagacccagtacttc	1	0	1	1	1
clonotype232	UNK_S	1	TRAV21*01	TRAJ29*01			TRBV29-1*01	TRBJ1-1*01	CAVSPSGNTPLVF	tgtgctgtgagcccttcaggaaacacacctcttgtcttt			CSASQGNTEAFF	tgcagcgcctcacaggggaacactgaagctttcttt	1	0	1	1	1
clonotype2320	UNK_S	1	TRAV13-1*01	TRAJ33*01	TRAV5*01	TRAJ30*01	TRBV4-2*01	TRBJ2-7*01	CAAFEGDSNYQLIW	tgtgcagcatttgaaggggatagcaactatcagttaatctgg	CAEYMNRDDKIIF	tgtgcagagtatatgaacagagatgacaagatcatcttt	CASSQDRGSYEQYF	tgtgccagcagccaagacaggggatcctacgagcagtacttc	2	1	2	2	1
clonotype2321	UNK_S	1	TRAV35*01	TRAJ42*01	TRAV19*01	TRAJ52*01	TRBV4-2*01	TRBJ2-5*01	CAVTMNYGGSQGNLIF	tgtgctgtgactatgaattatggaggaagccaaggaaatctcatcttt	CALSESLGTSYGKLTF	tgtgctctgagtgagtcccttggtactagctatggaaagctgacattt	CASSLLPIAETQYF	tgtgccagcagcctactccccatcgcagagacccagtacttc	2	1	2	2	1
clonotype2322	UNK_S	1	TRAV13-1*01	TRAJ11*01			TRBV4-3*01	TRBJ2-1*01	CAASMNSGYSTLTF	tgtgcagcaagtatgaattcaggatacagcaccctcaccttt			CASSQDGTPRGSVF	tgcgccagcagccaagatgggactcccagagggtcggtcttc	1	0	1	1	1
clonotype2323	UNK_S	1	TRAV8-2*01	TRAJ15*01	TRAV20*01	TRAJ4*01	TRBV9*01	TRBJ1-1*01	CVVSEGQAGTALIF	tgtgttgtgagtgaagggcaggcaggaactgctctgatcttt	CAGPLSGGYNKLIF	tgtgcggggcctctttctggtggctacaataagctgattttt	CASSPGRGYTEAFF	tgtgccagcagcccgggtagagggtacactgaagctttcttt	2	1	2	2	1
clonotype2325	UNK_S	1	TRAV13-1*01	TRAJ57*01			TRBV9*01	TRBJ2-3*01	CAASIEGGSEKLVF	tgtgcagcaagtatagagggcggatctgaaaagctggtcttt			CASSVTPLPDTQYF	tgtgccagcagcgtaaccccgttgcccgatacgcagtatttt	1	0	1	1	1
clonotype2326	UNK_S	1	TRAV13-1*01	TRAJ47*01			TRBV9*01	TRBJ1-2*01	CAARSMEYGNKLVF	tgtgcagcaagatcaatggaatatggaaacaagctggtcttt			CASSVATGVYGYTF	tgtgccagcagcgtagctacgggggtctatggctacaccttc	1	0	1	1	1
clonotype2327	UNK_S	1	TRAV8-3*01	TRAJ36*01			TRBV9*01	TRBJ2-1*01	CAVAATGANNLFF	tgtgctgtggccgcgactggggcaaacaacctcttcttt			CASSVGGVYNEQFF	tgtgccagcagcgtaggtggggtctacaatgagcagttcttc	1	0	1	1	1
clonotype2329	UNK_S	1	TRAV2*01	TRAJ8*01			TRBV9*01	TRBJ1-1*01	CAVGVLLGFQKLVF	tgtgctgtgggagtactattaggctttcagaaacttgtattt			CASSVSRDETEAFF	tgtgccagcagcgtttccagggatgaaactgaagctttcttt	1	0	1	1	1
clonotype233	UNK_S	1	TRAV13-1*01	TRAJ6*01			TRBV20-1*01	TRBJ2-1*01	CAPGMGGSYIPTF	tgtgctccagggatgggaggaagctacatacctacattt			CSARDPYNEQFF	tgcagtgctagagatccttacaatgagcagttcttc	1	0	1	1	1
clonotype2330	UNK_S	1	TRAV8-3*01	TRAJ36*01			TRBV15*01	TRBJ1-4*01	CAVAALGANNLFF	tgtgctgtggccgccctaggggcaaacaacctcttcttt			CATSRDQGREKLFF	tgtgccaccagcagagatcagggaagggaaaaactgtttttt	1	0	1	1	1
clonotype2331	UNK_S	1	TRAV8-2*01	TRAJ47*01	TRAV6*01	TRAJ40*01	TRBV15*01	TRBJ2-2*01	CVVSDKAKDKLVF	tgtgttgtgagtgataaggcgaaggacaagctggtcttt	CAPPSSGTYKYIF	tgtgctccgccatcctcaggaacctacaaatacatcttt	CATSRVRGTGELFF	tgtgccaccagcagagtaagggggaccggggagctgtttttt	2	1	2	2	1
clonotype2332	UNK_S	1	TRAV9-2*01	TRAJ22*01			TRBV14*01	TRBJ1-2*01	CALDLSGSARQLTF	tgtgctctcgacctttctggttctgcaaggcaactgaccttt			CASSQARDYGYTF	tgtgccagcagccaagcaagggactatggctacaccttc	1	0	1	1	1
clonotype2333	UNK_S	1	TRAV17*01	TRAJ9*01			TRBV14*01	TRBJ2-4*01	CATEVNTGGFKTIF	tgtgctacggaggttaatactggaggcttcaaaactatcttt			CASSPLLGNIQYF	tgtgccagcagcccccttttagggaacattcagtacttc	1	0	1	1	1
clonotype2334	UNK_S	1	TRAV8-6*01	TRAJ39*01			TRBV14*01	TRBJ2-5*01	CAVSVDAGNMLTF	tgtgctgtgagtgtggatgcaggcaacatgctcaccttt			CASSADRGETQYF	tgtgccagcagcgcggacaggggagagacccagtacttc	1	0	1	1	1
clonotype2335	UNK_S	1	TRAV9-2*01	TRAJ41*01			TRBV6-4*01	TRBJ2-2*01	CALSENSNSGYALNF	tgtgctctgagtgagaactcaaattccgggtatgcactcaacttc			CASKNSVTTGELFF	tgtgccagcaaaaacagcgttaccaccggggagctgtttttt	1	0	1	1	1
clonotype2336	UNK_S	1	TRAV3*01	TRAJ8*01			TRBV6-4*01	TRBJ2-3*01	CAVFMNTGFQKLVF	tgtgctgtcttcatgaacacaggctttcagaaacttgtattt			CASSAESGSLSSHF	tgtgccagcagtgccgagagcgggagcctctcatcgcatttt	1	0	1	1	1
clonotype2337	UNK_S	1	TRAV38-2/DV8*01	TRAJ31*01			TRBV6-4*01	TRBJ2-1*01	CAYRGNNARLMF	tgtgcttataggggtaacaatgccagactcatgttt			CASSGREGRNEQFF	tgtgccagcagtgggcgggagggccggaatgagcagttcttc	1	0	1	1	1
clonotype2338	UNK_S	1	TRAV8-3*01	TRAJ22*01			TRBV19*01	TRBJ1-1*01	CAAPFSGSARQLTF	tgtgctgcgcccttttctggttctgcaaggcaactgaccttt			CATQRIGGNTEAFF	tgtgccacccaaaggatagggggtaacactgaagctttcttt	1	0	1	1	1
clonotype2339	UNK_S	1	TRAV12-3*01	TRAJ3*01			TRBV19*01	TRBJ2-3*01	CAMKGSSASKIIF	tgtgcaatgaaaggcagcagtgcttccaagataatcttt			CASRVGQTTDTQYF	tgtgccagtagggtaggacagaccacagatacgcagtatttt	1	0	1	1	1
clonotype2340	UNK_S	1	TRAV21*01	TRAJ17*01			TRBV19*01	TRBJ1-5*01	CAVRRIKAAGNKLTF	tgtgctgtgcgtcggatcaaagctgcaggcaacaagctaactttt			CASSIDGSNQPQHF	tgtgccagtagtatagatggcagcaatcagccccagcatttt	1	0	1	1	1
clonotype2341	UNK_S	1	TRAV17*01	TRAJ40*01			TRBV19*01	TRBJ2-1*01	CATDRPSSGTYKYIF	tgtgctacggaccggcccagctcaggaacctacaaatacatcttt			CASSIAGGYNEQFF	tgtgccagtagtatagcgggagggtacaatgagcagttcttc	1	0	1	1	1
clonotype2342	UNK_S	1	TRAV9-2*01	TRAJ49*01			TRBV19*01	TRBJ2-3*01	CALRGSLNTGNQFYF	tgtgctctgagggggtctttgaacaccggtaaccagttctatttt			CASSIPPETDTQYF	tgtgccagtagtatcccccccgagacagatacgcagtatttt	1	0	1	1	1
clonotype2343	UNK_S	1	TRAV8-1*01	TRAJ9*01			TRBV19*01	TRBJ2-2*01	CAVNEVTGGFKTIF	tgtgccgtgaatgaggtgactggaggcttcaaaactatcttt			CASSIRTGIGELFF	tgtgccagtagtattcggactggaatcggggagctgtttttt	1	0	1	1	1
clonotype2344	UNK_S	1	TRAV19*01	TRAJ30*01			TRBV19*01	TRBJ1-5*01	CALSRVNDKIIF	tgtgctctgagtcgggtaaatgacaagatcatcttt			CASSGQGPAQPQHF	tgtgccagtagtggacaggggcccgctcagccccagcatttt	1	0	1	1	1
clonotype2345	UNK_S	1	TRAV36/DV7*01	TRAJ42*01			TRBV19*01	TRBJ2-3*01	CAVLYGGSQGNLIF	tgtgctgtcctttatggaggaagccaaggaaatctcatcttt			CASRLASRTDTLYF	tgtgccagcagactagcgtcccgcacagatacgctgtatttt	1	0	1	1	1
clonotype2346	UNK_S	1	TRAV13-1*01	TRAJ5*01	TRAV8-1*01	TRAJ8*01	TRBV19*01	TRBJ2-3*01	CAASGGFAGRRALTF	tgtgcagcaagtgggggctttgcgggcaggagagcacttactttt	CAVNLFLMNTGFQKLVF	tgtgccgtgaatctctttctcatgaacacaggctttcagaaacttgtattt	CASTRTGVTDTQYF	tgtgccagtaccaggacaggggtgacagatacgcagtatttt	2	1	2	2	1
clonotype2347	UNK_S	1	TRAV3*01	TRAJ17*01			TRBV19*01	TRBJ2-2*01	CAVSRQAAGNKLTF	tgtgctgtgagtcgtcaggctgcaggcaacaagctaactttt			CASTPIPNTGELFF	tgtgccagtacccccatcccgaacaccggggagctgtttttt	1	0	1	1	1
clonotype2348	UNK_S	1	TRAV8-3*01	TRAJ28*01	TRAV22*01	TRAJ52*01	TRBV19*01	TRBJ2-1*01	CAVGAVGSGAGSYQLTF	tgtgctgtgggtgcagtaggctctggggctgggagttaccaactcactttc	CAVVDNAGGTSYGKLTF	tgtgctgtagtcgataatgctggtggtactagctatggaaagctgacattt	CASRKGERYNEQFF	tgtgccagtagaaaaggagagaggtacaatgagcagttcttc	2	1	2	2	1
clonotype2349	UNK_S	1	TRAV24*01	TRAJ35*01			TRBV19*01	TRBJ2-7*01	CAFWGFGNVLHC	tgtgccttttggggctttgggaatgtgctgcattgc			CASSPTGQSYEQYF	tgtgccagtagccctacgggacaatcctacgagcagtacttc	1	0	1	1	1
clonotype235	UNK_S	1	TRAV24*01	TRAJ26*01			TRBV30*01	TRBJ1-1*01	CAFYYGQNFVF	tgtgccttttactatggtcagaattttgtcttt			CASAGTNTEAFF	tgtgcctcggccgggacaaacactgaagctttcttt	1	0	1	1	1
clonotype2350	UNK_S	1	TRAV17*01	TRAJ13*01			TRBV19*01	TRBJ2-1*01	CATATFGGGYQKVTF	tgtgctacggctaccttcggggggggttaccagaaagttaccttt			CASSTTGPYNEQFF	tgtgccagtagtactacgggaccttacaatgagcagttcttc	1	0	1	1	1
clonotype2351	UNK_S	1	TRAV8-6*01	TRAJ22*01			TRBV19*01	TRBJ2-5*01	CAVSEPGSARQLTF	tgtgctgtgagtgaacccggttctgcaaggcaactgaccttt			CASSITGNGETQYF	tgtgccagtagtattaccgggaacggcgagacccagtacttc	1	0	1	1	1
clonotype2352	UNK_S	1	TRAV13-2*01	TRAJ47*01			TRBV19*01	TRBJ2-7*01	CAEPRTEYGNKLVF	tgtgcagagcctcgcacggaatatggaaacaagctggtcttt			CASSIGAGDYEQYF	tgtgccagtagtattggagcaggggactacgagcagtacttc	1	0	1	1	1
clonotype2353	UNK_S	1	TRAV26-1*01	TRAJ45*01			TRBV19*01	TRBJ2-3*01	CIVSASAMYSGGGADGLTF	tgcatcgtcagtgcctccgcgatgtattcaggaggaggtgctgacggactcaccttt			CASSAAAPLDTQYF	tgtgccagtagtgccgcagccccgttagatacgcagtatttt	1	0	1	1	1
clonotype2354	UNK_S	1	TRAV10*01	TRAJ20*01			TRBV19*01	TRBJ1-3*01	CVVSTYNDYKLSF	tgtgtggtgagcacatataacgactacaagctcagcttt			CASSASVAGNTIYF	tgtgccagtagtgcgtcagtagctggaaacaccatatatttt	1	0	1	1	1
clonotype2356	UNK_S	1	TRAV6*01	TRAJ5*01	TRAV12-1*01	TRAJ3*01	TRBV6-1*01	TRBJ1-4*01	CALDTQDTGRRALTF	tgtgctctagacacacaggacacgggcaggagagcacttactttt	CVVNHSYSSASKIIF	tgtgtggtgaaccactcctacagcagtgcttccaagataatcttt	CASRLDSNNEKLFF	tgtgccagcaggctggacagcaacaatgaaaaactgtttttt	2	1	2	2	1
clonotype2357	UNK_S	1	TRAV26-1*01	TRAJ28*01			TRBV6-1*01	TRBJ2-5*01	CISLVSIRYSGAGSYQLTF	tgcatctccctcgtgtctatacgatactctggggctgggagttaccaactcactttc			CASSRTSGSETQYF	tgtgccagcagtaggactagcgggagtgagacccagtacttc	1	0	1	1	1
clonotype2358	UNK_S	1	TRAV12-1*01	TRAJ3*01			TRBV6-1*01	TRBJ1-5*01	CVVNMRASSASKIIF	tgtgtggtgaacatgagggccagcagtgcttccaagataatcttt			CASSEGQSNQPQHF	tgtgccagcagtgaaggacagagcaatcagccccagcatttt	1	0	1	1	1
clonotype2359	UNK_S	1	TRAV8-1*01	TRAJ3*01			TRBV6-1*01	TRBJ1-1*01	CAVNADSSASKIIF	tgtgccgtgaatgcagacagcagtgcttccaagataatcttt			CASSDWTGTTEAFF	tgtgccagcagtgactggacagggaccactgaagctttcttt	1	0	1	1	1
clonotype236	UNK_S	1	TRAV21*01	TRAJ56*01	TRAV13-2*01	TRAJ52*01	TRBV30*01	TRBJ1-3*01	CAARPTGANSKLTF	tgtgctgcccgacccactggagccaatagtaagctgacattt	CAENAGGTSYGKLTF	tgtgcagagaatgctggtggtactagctatggaaagctgacattt	CAWSVSGNTIYF	tgtgcctggagtgtctctggaaacaccatatatttt	2	1	2	2	1
clonotype2360	UNK_S	1	TRAV12-1*01	TRAJ3*01			TRBV6-1*01	TRBJ1-5*01	CVVNSLSSSASKIIF	tgtgtggtgaacagcttatccagcagtgcttccaagataatcttt			CASSEGASNQPQHF	tgtgccagcagtgagggggccagcaatcagccccagcatttt	1	0	1	1	1
clonotype2361	UNK_S	1	TRAV2*01	TRAJ47*01			TRBV6-1*01	TRBJ2-7*01	CAVEDRKEYGNKLVF	tgtgctgtggaggatcggaaggaatatggaaacaagctggtcttt			CASSAPAWALGQYF	tgtgccagcagtgcccctgcctgggctctggggcagtacttc	1	0	1	1	1
clonotype2362	UNK_S	1	TRAV12-1*01	TRAJ30*01			TRBV6-1*01	TRBJ1-5*01	CVVNFFMNRDDKIIF	tgtgtggtgaacttcttcatgaacagagatgacaagatcatcttt			CASAWDHSNQPQHF	tgtgccagcgcctgggatcatagcaatcagccccagcatttt	1	0	1	1	1
clonotype2363	UNK_S	1	TRAV12-1*01	TRAJ4*01			TRBV6-2*01	TRBJ2-7*01	CVVTSLSGGYNKLIF	tgtgtggtgacgtctctttctggtggctacaataagctgattttt			CASKSGDSSYEQYV	tgtgccagcaagagcggggacagctcctacgagcagtacgtc	1	0	1	1	1
clonotype2364	UNK_S	1	TRAV8-6*01	TRAJ4*01			TRBV6-2*01	TRBJ1-2*01	CAVIRTGGYNKLIF	tgtgctgtgatcagaactggtggctacaataagctgattttt			CASNLDSTNYGYTF	tgtgccagcaatctagacagtactaactatggctacaccttc	1	0	1	1	1
clonotype2365	UNK_S	1	TRAV12-1*01	TRAJ39*01	TRAV23/DV6*01	TRAJ39*01	TRBV6-2*01	TRBJ1-5*01	CVVNQGGNAGNMLTF	tgtgtggtgaaccaaggagggaatgcaggcaacatgctcaccttt	CAAIVNNAGNMLTF	tgtgcagcaatcgtgaataatgcaggcaacatgctcaccttt	CASSPDSRNQPQHF	tgtgccagcagcccggacagccgcaatcagccccagcatttt	2	1	2	2	1
clonotype2366	UNK_S	1	TRAV8-3*01	TRAJ47*01			TRBV6-2*01	TRBJ2-7*01	CAVGAREYGNKLVF	tgtgctgtgggtgctcgggaatatggaaacaagctggtcttt			CASSLAGPAQEQYV	tgtgccagcagcctcgccgggcccgcccaagagcagtacgtc	1	0	1	1	1
clonotype2367	UNK_S	1	TRAV8-6*01	TRAJ37*01			TRBV30*01	TRBJ1-2*01	CAVTIASNTGKLIF	tgtgctgtgaccatcgctagcaacacaggcaaactaatcttt			CAWSLGGRVNNYGYTF	tgtgcctggagtttggggggcagggttaataactatggctacaccttc	1	0	1	1	1
clonotype2368	UNK_S	1	TRAV8-4*01	TRAJ3*01			TRBV30*01	TRBJ1-5*01	CAVRSYSSASKIIF	tgtgctgtgagatcgtacagcagtgcttccaagataatcttt			CAWSVQVHRGMQPQHF	tgtgcctggagtgtacaggtgcacagagggatgcagccccagcatttt	1	0	1	1	1
clonotype2369	UNK_S	1	TRAV12-2*01	TRAJ3*01			TRBV29-1*01	TRBJ1-1*01	CAVIPYSSASKIIF	tgtgccgtgattccctacagcagtgcttccaagataatcttt			CSVDRDRGFGFAEAFF	tgcagcgtcgaccgggacaggggttttggttttgctgaagctttcttt	1	0	1	1	1
clonotype237	UNK_S	1	TRAV8-3*01	TRAJ33*01			TRBV30*01	TRBJ1-5*01	CAVEQDSNYQLIW	tgtgctgtggagcaggatagcaactatcagttaatctgg			CACREGRQPQHF	tgtgcctgccgggagggaagacagccccagcatttt	1	0	1	1	1
clonotype2370	UNK_S	1	TRAV13-1*01	TRAJ44*01			TRBV29-1*01	TRBJ2-1*01	CAASTLTGTASKLTF	tgtgcagcaagtacccttaccggcactgccagtaaactcaccttt			CSVGLRGALGFNEQFF	tgcagcgttgggttgcggggcgccctcgggttcaatgagcagttcttc	1	0	1	1	1
clonotype2371	UNK_S	1	TRAV8-4*01	TRAJ23*01			TRBV20-1*01	TRBJ2-1*01	CAVSAGNQGGKLIF	tgtgctgtgagtgccgggaaccagggaggaaagcttatcttc			CSANYRGGSSYNEQFF	tgcagtgctaactacaggggaggaagctcctacaatgagcagttcttc	1	0	1	1	1
clonotype2372	UNK_S	1	TRAV8-4*01	TRAJ48*01			TRBV20-1*01	TRBJ2-3*01	CAVTPNFGNEKLTF	tgtgctgtgacccccaactttggaaatgagaaattaaccttt			CSARKTTSGSGATQYF	tgcagtgctagaaagacgactagcgggtcgggggctacgcagtatttt	1	0	1	1	1
clonotype2374	UNK_S	1	TRAV34*01	TRAJ38*01			TRBV20-1*01	TRBJ2-1*01	CGAALNAGNNRKLIW	tgtggagctgcgttgaatgctggcaacaaccgtaagctgatttgg			CSAGPTGRGAYNEQFF	tgcagtgccggaccgacgggccggggggcttacaatgagcagttcttc	1	0	1	1	1
clonotype2375	UNK_S	1	TRAV14/DV4*01	TRAJ31*01			TRBV20-1*01	TRBJ2-7*01	CAMREYNARLMF	tgtgcaatgagagagtacaatgccagactcatgttt			CSARPRQGLSSYEQYF	tgcagtgctagacctcgacagggcctgagctcctacgagcagtacttc	1	0	1	1	1
clonotype2376	UNK_S	1	TRAV12-3*01	TRAJ10*01			TRBV20-1*01	TRBJ2-2*01	CALVTGGGNKLTF	tgtgcccttgtcacgggaggaggaaacaaactcaccttt			CSAREPSGSSTGELFF	tgcagtgctagagaacctagcgggagttccaccggggagctgtttttt	1	0	1	1	1
clonotype2377	UNK_S	1	TRAV8-4*01	TRAJ15*01			TRBV20-1*01	TRBJ1-2*01	CAVSEGQAGTALIF	tgtgctgtgagtgaaggccaggcaggaactgctctgatcttt			CSARDIRGRGLVGYTF	tgcagtgctagagacattaggggaagggggcttgtcggctacaccttc	1	0	1	1	1
clonotype2379	UNK_S	1	TRAV12-2*01	TRAJ49*01			TRBV20-1*01	TRBJ2-3*01	CAVGPLAGGNQFYF	tgtgccgtgggtcccctcgccggcggtaaccagttctatttt			CSARDLLAGDPDTQYF	tgcagtgctagagatttactagcgggagacccagatacgcagtatttt	1	0	1	1	1
clonotype238	UNK_S	1	TRAV30*01	TRAJ32*01			TRBV30*01	TRBJ1-5*01	CGTPSGGATNKLIF	tgcggcacaccctctggtggtgctacaaacaagctcatcttt			CAWSFQGKPQHF	tgtgcctggagcttccagggtaagccccagcatttt	1	0	1	1	1
clonotype2380	UNK_S	1	TRAV21*01	TRAJ28*01			TRBV18*01	TRBJ2-1*01	CAVLQSGAGSYQLTF	tgtgctgttctgcaatctggggctgggagttaccaactcactttc			CASSHGQYNEQFF	tgtgccagctcacacggacaatacaatgagcagttcttc	1	0	1	1	1
clonotype2382	UNK_S	1	TRAV16*01	TRAJ52*01			TRBV18*01	TRBJ2-7*01	CALSGRGGGGTSYGKLTF	tgtgctctaagtggccggggaggtggtggtactagctatggaaagctgacattt			CASSPPGTEVQYF	tgtgccagctcacctcctgggacagaggtgcagtacttc	1	0	1	1	1
clonotype2383	UNK_S	1	TRAV8-1*01	TRAJ4*01			TRBV12-3*01	TRBJ1-1*01	CAVKEGGGYNKLIF	tgtgccgtgaaggaaggaggtggctacaataagctgattttt			CASSASMNTEAFF	tgtgccagcagcgcaagtatgaacactgaagctttcttt	1	0	1	1	1
clonotype2384	UNK_S	1	TRAV3*01	TRAJ36*01			TRBV12-3*01	TRBJ1-6*01	CAVRDGTGANNLFF	tgtgctgtgagagatggaactggggcaaacaacctcttcttt			CASRTENNSPLHF	tgtgccagcaggacagagaacaattcacccctccacttt	1	0	1	1	1
clonotype2385	UNK_S	1	TRAV8-3*01	TRAJ6*01			TRBV12-3*01	TRBJ1-2*01	CAVGSSGGSYIPTF	tgtgctgtgggttcatcaggaggaagctacatacctacattt			CASSLDSSYGYTF	tgtgccagcagtttggacagtagctatggctacaccttc	1	0	1	1	1
clonotype2386	UNK_S	1	TRAV12-3*01	TRAJ54*01			TRBV12-3*01	TRBJ2-5*01	CATCIQGAQKLVF	tgtgcaacgtgcattcagggagcccagaagctggtattt			CASLRGGVETQYF	tgtgccagcctgagggggggggttgagacccagtacttc	1	0	1	1	1
clonotype2387	UNK_S	1	TRAV8-2*01	TRAJ42*01			TRBV2*01	TRBJ1-1*01	CVVSAGGSQGNLIF	tgtgttgtgagtgcgggaggaagccaaggaaatctcatcttt			CARLRGRNTEAFF	tgtgccagattaaggggaaggaacactgaagctttcttt	1	0	1	1	1
clonotype2388	UNK_S	1	TRAV8-4*01	TRAJ6*01			TRBV2*01	TRBJ1-3*01	CAVTRSGGSYIPTF	tgtgctgtgacgcggtcaggaggaagctacatacctacattt			CASTTRSGNTIYF	tgtgccagcacgactcgctctggaaacaccatatatttt	1	0	1	1	1
clonotype2389	UNK_S	1	TRAV12-1*01	TRAJ38*01			TRBV2*01	TRBJ1-2*01	CVVRANAGNNRKLIW	tgtgtggtgagggcgaatgctggcaacaaccgtaagctgatttgg			CASTGGANYGYTF	tgtgccagcactgggggtgcgaactatggctacaccttc	1	0	1	1	1
clonotype239	UNK_S	1	TRAV10*01	TRAJ4*01			TRBV30*01	TRBJ2-7*01	CVVIGGYNKLIF	tgtgtggtgatcggtggctacaataagctgattttt			CAWSVTDYEQYF	tgtgcctggagtgtaactgactacgagcagtacttc	1	0	1	1	1
clonotype2390	UNK_S	1	TRAV27*01	TRAJ53*01			TRBV2*01	TRBJ2-3*01	CAGYLANSGGSNYKLTF	tgtgcaggatacctggcaaatagtggaggtagcaactataaactgacattt			CASSTGSTDTQYF	tgtgccagcagcacagggtccacagatacgcagtatttt	1	0	1	1	1
clonotype2391	UNK_S	1	TRAV8-3*01	TRAJ8*01			TRBV2*01	TRBJ2-7*01	CAVGLNTGFQKLVF	tgtgctgtgggcttgaacacaggctttcagaaacttgtattt			CASRAEGLVEQYV	tgtgccagcagggcggaggggcttgtcgagcagtacgtc	1	0	1	1	1
clonotype2392	UNK_S	1	TRAV3*01	TRAJ37*01			TRBV2*01	TRBJ2-7*01	CAVRDQGNTGKLIF	tgtgctgtgagagaccagggcaacacaggcaaactaatcttt			CASSDTGYNEQYV	tgtgccagcagtgatacagggtacaacgagcagtacgtc	1	0	1	1	1
clonotype2393	UNK_S	1	TRAV8-3*01	TRAJ5*01			TRBV2*01	TRBJ2-7*01	CAVGPDTGRRALTF	tgtgctgtggggcctgacacgggcaggagagcacttactttt			CASSVGGVGEQYV	tgtgccagcagtgtagggggagtgggcgagcagtacgtc	1	0	1	1	1
clonotype2394	UNK_S	1	TRAV8-1*01	TRAJ17*01			TRBV2*01	TRBJ1-1*01	CAVLQGAAGNKLTF	tgtgccgtgctacaaggagctgcaggcaacaagctaactttt			CASSSKRNTEAFF	tgtgccagcagttctaaaaggaacactgaagctttcttt	1	0	1	1	1
clonotype2395	UNK_S	1	TRAV13-2*01	TRAJ12*01			TRBV24-1*01	TRBJ2-2*01	CAEMPVDSSYKLIF	tgtgcagagatgcctgtggatagcagctataaattgatcttc			CATSRTGRTGELFF	tgtgccaccagtaggacaggccgaaccggggagctgtttttt	1	0	1	1	1
clonotype2396	UNK_S	1	TRAV38-1*01	TRAJ48*01			TRBV24-1*01	TRBJ1-2*01	CALSKGNEKLTF	tgtgccttatcgaaaggaaatgagaaattaaccttt			CATSDPGPNYGYTF	tgtgccaccagtgacccgggaccgaactatggctacaccttc	1	0	1	1	1
clonotype2397	UNK_S	1	TRAV8-1*01	TRAJ45*01			TRBV24-1*01	TRBJ2-7*01	CAVNSGGGADGLTF	tgtgccgtgaattcaggaggaggtgctgacggactcaccttt			CATSDRGSLDEQYF	tgtgccaccagtgaccgggggtccctggacgagcagtacttc	1	0	1	1	1
clonotype2399	UNK_S	1	TRAV30*01	TRAJ34*01			TRBV28*01	TRBJ2-7*01	CGTQNPSYNTDKLIF	tgcggcacacaaaacccctcttataacaccgacaagctcatcttt			CASSTPDRPYEQYF	tgtgccagcagcactccggacagaccctacgagcagtacttc	1	0	1	1	1
clonotype240	UNK_S	1	TRAV12-2*01	TRAJ11*01			TRBV29-1*01	TRBJ2-2*01	CAVNYSGYSTLTF	tgtgccgtgaattattcaggatacagcaccctcaccttt			CSVHYNTGELFF	tgcagcgtgcactataacaccggggagctgtttttt	1	0	1	1	1
clonotype2400	UNK_S	1	TRAV9-2*01	TRAJ5*01			TRBV28*01	TRBJ1-1*01	CALSDRDTGRRALTF	tgtgctctgagtgatcgggacacgggcaggagagcacttactttt			CASSPERQSTEAFF	tgtgccagcagtcccgagagacagagcactgaagctttcttt	1	0	1	1	1
clonotype2401	UNK_S	1	TRAV9-2*01	TRAJ32*01			TRBV28*01	TRBJ1-6*01	CALRAYGGATNKLIF	tgtgctctgagggcctatggtggtgctacaaacaagctcatcttt			CASSGPTGIPPLHF	tgtgccagcagtggaccgacagggatcccacccctccacttt	1	0	1	1	1
clonotype2402	UNK_S	1	TRAV20*01	TRAJ4*01			TRBV28*01	TRBJ2-7*01	CAVRTVSGGYNKLIF	tgtgctgtgcgtactgtttctggtggctacaataagctgattttt			CASSVSGTGDEQYF	tgtgccagcagtgtctccgggacaggggacgagcagtacttc	1	0	1	1	1
clonotype2403	UNK_S	1	TRAV8-2*01	TRAJ22*01			TRBV28*01	TRBJ2-7*01	CVVGVSGSARQLTF	tgtgttgtaggggtttctggttctgcaaggcaactgaccttt			CASSSAGGLTRQYF	tgtgccagcagttctgccgggggactaacacggcagtacttc	1	0	1	1	1
clonotype2404	UNK_S	1	TRAV13-1*01	TRAJ45*01			TRBV28*01	TRBJ2-1*01	CAASKSGGGADGLTF	tgtgcagcaagtaaatcaggaggaggtgctgacggactcaccttt			CASSFRLAGNEQFF	tgtgccagcagtttccgactagcggggaatgagcagttcttc	1	0	1	1	1
clonotype2405	UNK_S	1	TRAV38-1*01	TRAJ39*01			TRBV28*01	TRBJ1-1*01	CAFMKQSNMLTF	tgtgctttcatgaagcaaagcaacatgctcaccttt			CASSFVDRNTEAFF	tgtgccagcagttttgtcgacaggaacactgaagctttcttt	1	0	1	1	1
clonotype2406	UNK_S	1	TRAV8-3*01	TRAJ32*01			TRBV10-3*01	TRBJ2-1*01	CAVGEGGATNKLIF	tgtgctgtgggtgagggtggtgctacaaacaagctcatcttt			CAIREGGRAYEQFF	tgtgccatcagggagggcgggagggcctatgagcagttcttc	1	0	1	1	1
clonotype2407	UNK_S	1	TRAV13-1*01	TRAJ38*01			TRBV7-9*01	TRBJ1-2*01	CAAWSNAGNNRKLIW	tgtgcagcatggtctaatgctggcaacaaccgtaagctgatttgg			CASNDWGDYGYTF	tgtgccagcaacgactggggggactatggctacaccttc	1	0	1	1	1
clonotype2408	UNK_S	1	TRAV12-3*01	TRAJ30*01			TRBV7-9*01	TRBJ1-1*01	CAMSALRDDKIIF	tgtgcaatgagcgcgctcagagatgacaagatcatcttt			CASSSRMSTEAFF	tgtgccagcagctcaaggatgagcactgaagctttcttt	1	0	1	1	1
clonotype2409	UNK_S	1	TRAV12-3*01	TRAJ12*01	TRAV17*01	TRAJ23*01	TRBV7-9*01	TRBJ2-5*01	CATSDDSSYKLIF	tgtgcaacctcggatgatagcagctataaattgatcttc	CATETMWNNQGGKLIF	tgtgctaccgagactatgtggaataaccagggaggaaagcttatcttc	CASSLGGQETQYF	tgtgccagcagcttaggggggcaagagacccagtacttc	2	1	2	2	1
clonotype241	UNK_S	1	TRAV13-1*01	TRAJ39*01			TRBV29-1*01	TRBJ1-5*01	CAAIKDNAGNMLTF	tgtgcagcaatcaaggataatgcaggcaacatgctcaccttt			CSVEEGRGPQHF	tgcagcgttgaagagggccgagggccccagcatttt	1	0	1	1	1
clonotype2410	UNK_S	1	TRAV13-1*01	TRAJ37*01	TRAV23/DV6*01	TRAJ41*01	TRBV7-9*01	TRBJ1-6*01	CAARVDSSNTGKLIF	tgtgcagcaagggtggactctagcaacacaggcaaactaatcttt	CAASFSGYALNF	tgtgcagcaagcttttccgggtatgcactcaacttc	CASSLQGASPLHF	tgtgccagcagcttacagggggcctcacccctccacttt	2	1	2	2	1
clonotype2411	UNK_S	1	TRAV8-6*01	TRAJ13*01			TRBV7-3*01	TRBJ2-7*01	CAVTYSGGYQKVTF	tgtgctgtcacctattctgggggttaccagaaagttaccttt			CASSRDSTYEQYF	tgtgccagcagccgagacagtacctacgagcagtacttc	1	0	1	1	1
clonotype2412	UNK_S	1	TRAV10*01	TRAJ30*01			TRBV7-3*01	TRBJ2-1*01	CVVRGKRDDKIIF	tgtgtggtgaggggaaaaagagatgacaagatcatcttt			CASSWGQGNEQFF	tgtgccagcagctggggacagggcaatgagcagttcttc	1	0	1	1	1
clonotype2413	UNK_S	1	TRAV9-2*01	TRAJ5*01			TRBV7-3*01	TRBJ2-1*01	CALSERDTGRRALTF	tgtgctctgagtgaaagagacacgggcaggagagcacttactttt			CASSLTLGGEQFF	tgtgccagcagcttaacgttggggggtgagcagttcttc	1	0	1	1	1
clonotype2414	UNK_S	1	TRAV17*01	TRAJ54*01			TRBV7-3*01	TRBJ2-1*01	CATAAFIQGAQKLVF	tgtgctacggcagcattcattcagggagcccagaagctggtattt			CASSLRWDNEQFF	tgtgccagcagcttaagatgggacaatgagcagttcttc	1	0	1	1	1
clonotype2415	UNK_S	1	TRAV12-2*01	TRAJ52*01	TRAV13-2*01	TRAJ56*01	TRBV7-3*01	TRBJ2-3*01	CAVKAGGTSYGKLTF	tgtgccgtgaaagctggtggtactagctatggaaagctgacattt	CAGRFTGANSKLTF	tgtgcaggacgatttactggagccaatagtaagctgacattt	CASSLPGTGSQYF	tgtgccagcagcttacccgggacagggtcgcagtatttt	2	1	2	2	1
clonotype2416	UNK_S	1	TRAV21*01	TRAJ28*01			TRBV7-3*01	TRBJ2-2*01	CAVKYSGAGSYQLTF	tgtgctgtgaaatactctggggctgggagttaccaactcactttc			CASSFSSGGELFF	tgtgccagcagcttttcttcgggcggggagctgtttttt	1	0	1	1	1
clonotype2417	UNK_S	1	TRAV12-2*01	TRAJ36*01			TRBV11-2*01	TRBJ1-3*01	CAVNRGTGANNLFF	tgtgccgtgaaccgagggactggggcaaacaacctcttcttt			CASSLAQDHTIYF	tgtgccagcagcttagcgcaggaccacaccatatatttt	1	0	1	1	1
clonotype2418	UNK_S	1	TRAV9-2*01	TRAJ40*01			TRBV11-2*01	TRBJ1-1*01	CALSDVASGTYKYIF	tgtgctctgagtgatgtagcctcaggaacctacaaatacatcttt			CASSFPGYTEAFF	tgtgccagcagcttccccggatacactgaagctttcttt	1	0	1	1	1
clonotype2419	UNK_S	1	TRAV19*01	TRAJ54*01			TRBV11-2*01	TRBJ2-7*01	CALSARAQKLVF	tgtgctctgagtgcccgggcccagaagctggtattt			CASSFEGVIEQYV	tgtgccagcagctttgagggggtaatcgagcagtacgtc	1	0	1	1	1
clonotype242	UNK_S	1	TRAV5*01	TRAJ21*01			TRBV20-1*01	TRBJ1-1*01	CAEMAHNFNKFYF	tgtgcagagatggcgcacaacttcaacaaattttacttt			CSARPQGVEAFF	tgcagtgctagaccccagggggttgaagctttcttt	1	0	1	1	1
clonotype2420	UNK_S	1	TRAV17*01	TRAJ45*01			TRBV7-8*01	TRBJ2-5*01	CATDYSGGGADGLTF	tgtgctacggactattcaggaggaggtgctgacggactcaccttt			CASSLEMSETQYF	tgtgccagcagcttagagatgtcggagacccagtacttc	1	0	1	1	1
clonotype2421	UNK_S	1	TRAV8-3*01	TRAJ15*01			TRBV7-2*01	TRBJ2-5*01	CAVAINQAGTALIF	tgtgctgtggccatcaaccaggcaggaactgctctgatcttt			CASSGGQGLTQYF	tgtgccagcagcggaggacagggcttgacccagtacttc	1	0	1	1	1
clonotype2422	UNK_S	1	TRAV8-4*01	TRAJ13*01			TRBV7-2*01	TRBJ1-1*01	CAVSLLGGYQKVTF	tgtgctgtgagcttgcttgggggttaccagaaagttaccttt			CASSLGGSTEAFF	tgtgccagcagcttggggggaagcactgaagctttcttt	1	0	1	1	1
clonotype2423	UNK_S	1	TRAV8-4*01	TRAJ15*01			TRBV7-2*01	TRBJ1-1*01	CAVSRPQAGTALIF	tgtgctgtgagccgaccccaggcaggaactgctctgatcttt			CASSEGTGVAAFF	tgtgccagcagtgagggcacaggggtcgcggctttcttt	1	0	1	1	1
clonotype2424	UNK_S	1	TRAV8-4*01	TRAJ6*01			TRBV7-2*01	TRBJ2-1*01	CAVSSSGGSYIPTF	tgtgctgtgagctcatcaggaggaagctacatacctacattt			CASSLRQNNEQFF	tgtgccagcagcttacgacagaacaatgagcagttcttc	1	0	1	1	1
clonotype2426	UNK_S	1	TRAV13-1*01	TRAJ52*01	TRAV8-1*01	TRAJ38*01	TRBV27*01	TRBJ2-3*01	CAASGLRTSYGKLTF	tgtgcagcaagtggcctccgtactagctatggaaagctgacattt	CAVIKDGNNRKLIW	tgtgccgtgataaaggatggcaacaaccgtaagctgatttgg	CASSHSGSVDTQYF	tgtgccagcagtcacagcgggagtgtagatacgcagtatttt	2	1	2	2	1
clonotype2427	UNK_S	1	TRAV12-3*01	TRAJ54*01			TRBV27*01	TRBJ1-1*01	CAMSVWGAQKLVF	tgtgcaatgagcgtgtggggagcccagaagctggtattt			CASSWGTGWTEAFF	tgtgccagcagttgggggacagggtggactgaagctttcttt	1	0	1	1	1
clonotype2428	UNK_S	1	TRAV8-3*01	TRAJ49*01	TRAV14/DV4*01	TRAJ43*01	TRBV27*01	TRBJ2-7*01	CAVGALNTGNQFYF	tgtgctgtgggtgccttaaacaccggtaaccagttctatttt	CAMREGINNDMRF	tgtgcaatgagagagggcattaacaatgacatgcgcttt	CASSLQGPEDEQYF	tgtgccagcagtttacaggggcctgaggacgagcagtacttc	2	1	2	2	1
clonotype2429	UNK_S	1	TRAV17*01	TRAJ27*01			TRBV27*01	TRBJ1-1*01	CATDEYNTNAGKSTF	tgtgctacggacgaatataacaccaatgcaggcaaatcaaccttt			CASSFGPENTEAFF	tgtgccagcagtttcgggccagaaaacactgaagctttcttt	1	0	1	1	1
clonotype243	UNK_S	1	TRAV17*01	TRAJ15*01			TRBV20-1*01	TRBJ2-7*01	CATDLNQAGTALIF	tgtgctacggatctcaaccaggcaggaactgctctgatcttt			CSARERWGEQYF	tgcagtgctagagaacggtggggcgagcagtacttc	1	0	1	1	1
clonotype2430	UNK_S	1	TRAV8-3*01	TRAJ15*01			TRBV27*01	TRBJ1-4*01	CAVGDNQAGTALIF	tgtgctgtgggtgataaccaggcaggaactgctctgatcttt			CASSLTGLGEKLFF	tgtgccagcagtttgacagggttgggtgaaaaactgtttttt	1	0	1	1	1
clonotype2431	UNK_S	1	TRAV8-4*01	TRAJ6*01			TRBV27*01	TRBJ2-5*01	CAVSSSGGSYIPTF	tgtgctgtgagttcatcaggaggaagctacatacctacattt			CASSTGRQSETQYF	tgtgccagctcgacgggacggcaatcagagacccagtacttc	1	0	1	1	1
clonotype2432	UNK_S	1	TRAV8-3*01	TRAJ10*01			TRBV5-6*01	TRBJ1-1*01	CAVDSAGGGNKLTF	tgtgctgtggattcagcgggaggaggaaacaaactcaccttt			CASSLRGVNTEAFF	tgtgccagcagcttgcgaggggtgaacactgaagctttcttt	1	0	1	1	1
clonotype2433	UNK_S	1	TRAV14/DV4*01	TRAJ52*01			TRBV5-6*01	TRBJ1-5*01	CAITWSYGKLTF	tgtgcaataacgtggagctatggaaagctgacattt			CASSFGGYNQPQHF	tgtgccagcagctttgggggttacaatcagccccagcatttt	1	0	1	1	1
clonotype2434	UNK_S	1	TRAV17*01	TRAJ45*01	TRAV19*01	TRAJ57*01	TRBV5-4*01	TRBJ2-7*01	CAPAPSGGGADGLTF	tgtgctcccgccccctcaggaggaggtgctgacggactcaccttt	CALSEMQGGSEKLVF	tgtgctctgagtgagatgcagggcggatctgaaaagctggtcttt	CASSNTGRSYEQYF	tgtgccagcagcaatacgggccgctcctacgagcagtacttc	2	1	2	2	1
clonotype2437	UNK_S	1	TRAV8-2*01	TRAJ6*01	TRAV10*01	TRAJ3*01	TRBV5-5*01	TRBJ2-2*01	CVVSDQGGSYIPTF	tgtgttgtgagtgatcaagggggcagctacatacctacattt	CVVKAGYSSASKIIF	tgtgtggtgaaggcggggtacagcagtgcttccaagataatcttt	CASSSGPSTGELFF	tgtgccagcagctccggaccctccaccggggagctgtttttt	2	1	2	2	1
clonotype2438	UNK_S	1	TRAV9-2*01	TRAJ5*01			TRBV5-4*01	TRBJ2-3*01	CALIPQDTGRRALTF	tgtgctctgataccccaggacacgggcaggagagcacttactttt			CASSLAVPPDTQYF	tgtgccagcagcttggccgtccccccagatacgcagtatttt	1	0	1	1	1
clonotype2439	UNK_S	1	TRAV8-4*01	TRAJ49*01			TRBV5-1*01	TRBJ2-7*01	CAVSEGRTGNQFYF	tgtgctgtgagtgaaggcaggaccggtaaccagttctatttt			CASSLGTGVGEQYF	tgcgccagcagcctggggacaggggtgggggagcagtacttc	1	0	1	1	1
clonotype244	UNK_S	1	TRAV17*01	TRAJ48*01			TRBV20-1*01	TRBJ1-4*01	CATLVSFGNEKLTF	tgtgctacgcttgtaagctttggaaatgagaaattaaccttt			CSASFRAEKLFF	tgcagtgctagttttcgcgccgaaaaactgtttttt	1	0	1	1	1
clonotype2440	UNK_S	1	TRAV17*01	TRAJ58*01			TRBV5-1*01	TRBJ1-1*01	CATDAEETSGSRLTF	tgtgctacggacgcggaggaaaccagtggctctaggttgaccttt			CASSYLGGPREAFF	tgcgccagcagctaccttggagggccccgagaagctttcttt	1	0	1	1	1
clonotype2441	UNK_S	1	TRAV38-2/DV8*01	TRAJ29*01			TRBV5-1*01	TRBJ2-3*01	CAVLSGNTPLVF	tgtgccgtgctatcaggaaacacacctcttgtcttt			CASSLGQGRDTQYF	tgcgccagcagcttaggacagggcagggatacgcagtatttt	1	0	1	1	1
clonotype2442	UNK_S	1	TRAV36/DV7*01	TRAJ17*01			TRBV5-1*01	TRBJ2-7*01	CAISFKAAGNKLTF	tgtgccataagtttcaaagctgcaggcaacaagctaactttt			CASSFQGEHYEQYF	tgcgccagcagcttccagggggagcactacgagcagtacttc	1	0	1	1	1
clonotype2443	UNK_S	1	TRAV41*01	TRAJ49*01			TRBV5-1*01	TRBJ2-2*01	CAVRIGTNTGNQFYF	tgtgctgtcaggataggtacaaacaccggtaaccagttctatttt			CASSFLAATGELFF	tgcgccagcagcttcctagcggccaccggggagctgtttttt	1	0	1	1	1
clonotype2444	UNK_S	1	TRAV38-2/DV8*01	TRAJ40*01			TRBV5-1*01	TRBJ2-2*01	CAYNSGTYKYIF	tgtgcttacaactcaggaacctacaaatacatcttt			CASSFFANTGELFF	tgcgccagcagcttcttcgcaaataccggggagctgtttttt	1	0	1	1	1
clonotype2445	UNK_S	1	TRAV12-2*01	TRAJ29*01			TRBV5-1*01	TRBJ1-2*01	CAGGRNSGNTPLVF	tgtgccgggggacggaattcaggaaacacacctcttgtcttt			CASSLPGEGGGYTF	tgcgccagcagcttgcccggtgagggaggtggctacaccttc	1	0	1	1	1
clonotype2446	UNK_S	1	TRAV8-3*01	TRAJ47*01			TRBV5-1*01	TRBJ2-7*01	CAVGLMEYGNKLVF	tgtgctgtgggtctcatggaatatggaaacaagctggtcttt			CASSLEGGLYEQYF	tgcgccagcagcttggaaggggggctctacgagcagtacttc	1	0	1	1	1
clonotype2447	UNK_S	1	TRAV9-2*01	TRAJ48*01			TRBV5-1*01	TRBJ1-1*01	CALSDADFGNEKLTF	tgtgctctgagtgatgctgactttggaaatgagaaattaaccttt			CASSLAGLNTEAFF	tgcgccagcagcttggcggggctgaacactgaagctttcttt	1	0	1	1	1
clonotype245	UNK_S	1	TRAV36/DV7*01	TRAJ34*01			TRBV20-1*01	TRBJ2-3*01	CAVLGYNTDKLIF	tgtgctgtgttgggttataacaccgacaagctcatcttt			CSALPRAVPQYF	tgcagtgctttacctcgggcggtcccgcagtatttt	1	0	1	1	1
clonotype2450	UNK_S	1	TRAV8-6*01	TRAJ38*01			TRBV12-4*01	TRBJ1-2*01	CAVSELGNNRKLIW	tgtgctgtgagtgagcttggcaacaaccgtaagctgatttgg			CASSSGGFYGYTF	tgtgccagcagttcgggggggttctatggctacaccttc	1	0	1	1	1
clonotype2451	UNK_S	1	TRAV9-2*01	TRAJ4*01			TRBV3-1*01	TRBJ2-1*01	CALSERSGGYNKLIF	tgtgctctgagtgaaagatctggtggctacaataagctgattttt			CASSQEGSYNEQFF	tgtgccagcagccaagagggctcctacaatgagcagttcttc	1	0	1	1	1
clonotype2452	UNK_S	1	TRAV20*01	TRAJ58*01			TRBV4-1*01	TRBJ1-5*01	CAVMRRETSGSRLTF	tgtgctgtgatgaggagggaaaccagtggctctaggttgaccttt			CASSQVGQTGEQHF	tgcgccagcagccaagtgggacagactggggaacagcatttt	1	0	1	1	1
clonotype2453	UNK_S	1	TRAV12-2*01	TRAJ10*01			TRBV4-1*01	TRBJ2-5*01	CAVNIGGGGNKLTF	tgtgccgtgaacatagggggaggaggaaacaaactcaccttt			CASSRYEGAETQYF	tgcgccagcagccgatatgagggggcagagacccagtacttc	1	0	1	1	1
clonotype2455	UNK_S	1	TRAV8-3*01	TRAJ47*01			TRBV4-2*01	TRBJ2-1*01	CAVGAREYGNKLVF	tgtgctgtgggtgctagggaatatggaaacaagctggtcttt			CASSQPGADNEQFF	tgtgccagcagccaacccggggcagacaatgagcagttcttc	1	0	1	1	1
clonotype2456	UNK_S	1	TRAV38-1*01	TRAJ17*01	TRAV29/DV5*01	TRAJ48*01	TRBV4-2*01	TRBJ2-1*01	CALKAAGNKLTF	tgtgctctcaaagctgcaggcaacaagctaactttt	CAAPGSGNFGNEKLTF	tgtgcagcaccggggtcgggaaactttggaaatgagaaattaaccttt	CASSQGGTSGEQFF	tgtgccagcagccaaggcgggactagcggagagcagttcttc	2	1	2	2	1
clonotype2457	UNK_S	1	TRAV13-1*01	TRAJ56*01			TRBV9*01	TRBJ2-2*01	CAASNYTGANSKLTF	tgtgcagcaagtaactatactggagccaatagtaagctgacattt			CASSIQTRAGELFF	tgtgccagcagcatacagactagagccggggagctgtttttt	1	0	1	1	1
clonotype2458	UNK_S	1	TRAV8-1*01	TRAJ18*01			TRBV9*01	TRBJ1-1*01	CAVTRGSTLGRLYF	tgtgccgtgaccagaggctcaaccctggggaggctatacttt			CASSPRGGNTEAFF	tgtgccagcagccccagagggggcaacactgaagctttcttt	1	0	1	1	1
clonotype2459	UNK_S	1	TRAV12-3*01	TRAJ31*01			TRBV9*01	TRBJ1-4*01	CAMSRNNNARLMF	tgtgcaatgagccggaataacaatgccagactcatgttt			CASSVAGGNEKLFF	tgtgccagcagcgtagcaggaggtaatgaaaaactgtttttt	1	0	1	1	1
clonotype246	UNK_S	1	TRAV8-4*01	TRAJ34*01			TRBV20-1*01	TRBJ1-5*01	CAVSLYNTDKLIF	tgtgctgtgagtctttataacaccgacaagctcatcttt			CSVLGENQPQHF	tgcagtgtattaggtgagaatcagccccagcatttt	1	0	1	1	1
clonotype2461	UNK_S	1	TRAV3*01	TRAJ9*01			TRBV9*01	TRBJ2-7*01	CAVRDNTGGFKTIF	tgtgctgtgagagacaatactggaggcttcaaaactatcttt			CASSVEDRAAEQYF	tgtgccagcagcgtcgaagacagggccgccgagcagtacttc	1	0	1	1	1
clonotype2462	UNK_S	1	TRAV12-2*01	TRAJ18*01			TRBV11-3*01	TRBJ1-1*01	CAVDRGSTLGRLYF	tgtgccgtcgacagaggctcaaccctggggaggctatacttt			CASSPRGRAEAFF	tgtgccagcagcccccggggtagggctgaagctttcttt	1	0	1	1	1
clonotype2463	UNK_S	1	TRAV13-2*01	TRAJ54*01			TRBV11-3*01	TRBJ1-1*01	CAENRGQGAQKLVF	tgtgcagagaataggggccagggagcccagaagctggtattt			CASSYGGDTEAFF	tgtgccagcagttacggtggggacactgaagctttcttt	1	0	1	1	1
clonotype2465	UNK_S	1	TRAV8-4*01	TRAJ13*01			TRBV15*01	TRBJ1-1*01	CAVIRRSSYQKVTF	tgtgctgtgatccgaagaagtagttaccagaaagttaccttt			CATSREGGNTEAFF	tgtgccaccagcagagaaggagggaacactgaagctttcttt	2	0	2	1	1
clonotype2466	UNK_S	1	TRAV5*01	TRAJ10*01			TRBV15*01	TRBJ1-6*01	CAESFTGGGNKLTF	tgtgcagagagcttcacgggaggaggaaacaaactcaccttt			CATSRRESSSPLHF	tgtgccaccagcaggagggaaagtagttcacccctccacttt	1	0	1	1	1
clonotype2467	UNK_S	1	TRAV5*01	TRAJ18*01	TRAV8-3*01	TRAJ36*01	TRBV14*01	TRBJ2-7*01	CAESKERGSTLGRLYF	tgtgcagagagtaaagaaagaggctcaaccctggggaggctatacttt	CAVVKETGANNLFF	tgtgctgtagtcaaggaaactggggcaaacaacctcttcttt	CASSQVRVHEQYF	tgtgccagcagccaagtcagggtccacgagcagtacttc	2	1	2	2	1
clonotype2468	UNK_S	1	TRAV9-2*01	TRAJ4*01			TRBV14*01	TRBJ2-3*01	CALSTFSGGYNKLIF	tgtgctctgagtaccttttctggtggctacaataagctgattttt			CASSDRPTDTQYF	tgtgccagcagcgacagacccacagatacgcagtatttt	1	0	1	1	1
clonotype2469	UNK_S	1	TRAV3*01	TRAJ15*01			TRBV14*01	TRBJ1-1*01	CAAAANQAGTALIF	tgtgctgccgcggccaaccaggcaggaactgctctgatcttt			CASSLGGAQRAFF	tgtgccagcagcttgggtggcgcacagagagctttcttt	1	0	1	1	1
clonotype247	UNK_S	1	TRAV12-2*01	TRAJ54*01			TRBV20-1*01	TRBJ1-4*01	CAVRGEGAQKLVF	tgtgccgtgagaggggagggagcccagaagctggtattt			CSVSNGGEKLFF	tgcagtgttagcaacggtggtgaaaaactgtttttt	1	0	1	1	1
clonotype2470	UNK_S	1	TRAV38-2/DV8*01	TRAJ49*01			TRBV19*01	TRBJ1-5*01	CAYRSYPGNQFYF	tgtgcttataggagctaccccggtaaccagttctatttt			CASNSGTKIPSQHF	tgtgccagtaattccgggacaaagatcccgtcccagcatttt	1	0	1	1	1
clonotype2471	UNK_S	1	TRAV8-3*01	TRAJ33*01			TRBV19*01	TRBJ2-1*01	CAVGAIPGSNYQLIW	tgtgctgtgggtgccataccgggtagcaactatcagttaatctgg			CASTGTSSYNEQFF	tgtgccagtaccgggactagctcctacaatgagcagttcttc	1	0	1	1	1
clonotype2472	UNK_S	1	TRAV8-6*01	TRAJ13*01			TRBV19*01	TRBJ2-5*01	CAVRRGSGGYQKVTF	tgtgctgtgagacgtgggtctgggggttaccagaaagttaccttt			CASSRQGAQETQYF	tgtgccagtagtagacagggggctcaagagacccagtacttc	1	0	1	1	1
clonotype2473	UNK_S	1	TRAV3*01	TRAJ33*01			TRBV19*01	TRBJ1-1*01	CAVRDVGDSNYQLIW	tgtgctgtgagagacgtgggggacagcaactatcagttaatctgg			CASSIRGPQTEAFF	tgtgccagtagtatcaggggtccccaaactgaagctttcttt	1	0	1	1	1
clonotype2474	UNK_S	1	TRAV38-2/DV8*01	TRAJ15*01			TRBV19*01	TRBJ2-5*01	CAYLNQAGTALIF	tgtgcttacctcaaccaggcaggaactgctctgatcttt			CASSIPGGQETQYF	tgtgccagtagtatcccgggcgggcaagagacccagtacttc	1	0	1	1	1
clonotype2475	UNK_S	1	TRAV8-4*01	TRAJ6*01			TRBV19*01	TRBJ2-3*01	CAVSEKSGGSYIPTF	tgtgctgtgagtgagaagtcaggaggaagctacatacctacattt			CASSISDSTDTQYF	tgtgccagtagtattagtgatagcacagatacgcagtatttt	1	0	1	1	1
clonotype2476	UNK_S	1	TRAV13-2*01	TRAJ12*01			TRBV19*01	TRBJ2-3*01	CAENIFGDSSYKLIF	tgtgcagagaatatattcggggatagcagctataaattgatcttc			CASSLDGTRDTQYF	tgtgccagtagtttagacgggactcgggatacgcagtatttt	1	0	1	1	1
clonotype2477	UNK_S	1	TRAV8-1*01	TRAJ6*01			TRBV19*01	TRBJ2-2*01	CAVNARTGGSYIPTF	tgtgccgtgaatgcgcggacaggaggaagctacatacctacattt			CASRPETNTGELFF	tgtgccagtcgaccagaaacaaacaccggggagctgtttttt	1	0	1	1	1
clonotype2478	UNK_S	1	TRAV8-4*01	TRAJ57*01			TRBV6-6*01	TRBJ1-1*01	CAVSEKRGGSEKLVF	tgtgctgtgagtgagaagaggggcggatctgaaaagctggtcttt			CASSAPGGVTEAFF	tgtgccagcagcgcccctgggggggtcactgaagctttcttt	1	0	1	1	1
clonotype2479	UNK_S	1	TRAV10*01	TRAJ43*01			TRBV6-6*01	TRBJ2-2*01	CVVSARRNNNDMRF	tgtgtggtgagcgcgaggagaaataacaatgacatgcgcttt			CASSGNGRAGELFF	tgtgccagcagcgggaatggacgcgccggggagctgtttttt	1	0	1	1	1
clonotype2480	UNK_S	1	TRAV10*01	TRAJ23*01			TRBV6-6*01	TRBJ2-7*01	CVVSAGNQGGKLIF	tgtgtggtgagcgcggggaaccagggaggaaagcttatcttc			CASSKTGQAYEQYV	tgtgccagcagtaaaacgggacaggcctacgagcagtacgtc	1	0	1	1	1
clonotype2481	UNK_S	1	TRAV13-1*01	TRAJ24*01			TRBV6-5*01	TRBJ2-7*01	CAASIGTTDSWGKLQF	tgtgcagcaagtatcggaacaactgacagctgggggaaattgcagttt			CASSYGVASYEQYF	tgtgccagcagttacggggtagcctcctacgagcagtacttc	1	0	1	1	1
clonotype2482	UNK_S	1	TRAV8-6*01	TRAJ23*01			TRBV6-5*01	TRBJ2-1*01	CAVIAIYNQGGKLIF	tgtgctgtgattgcgatttataaccagggaggaaagcttatcttc			CASSLRALSNEQFF	tgtgccagcagtttgcgtgctttatccaatgagcagttcttc	1	0	1	1	1
clonotype2483	UNK_S	1	TRAV36/DV7*01	TRAJ54*01			TRBV6-1*01	TRBJ2-7*01	CAVEAYLQGAQKLVF	tgtgctgtggaggcttaccttcagggagcccagaagctggtattt			CASSRWEAPGEQYF	tgtgccagcagtaggtgggaggcaccgggggagcagtacttc	1	0	1	1	1
clonotype2484	UNK_S	1	TRAV8-4*01	TRAJ45*01			TRBV6-2*01	TRBJ2-7*01	CAVSDRGGGADGLTF	tgtgctgtgagtgatcggggaggaggtgctgacggactcaccttt			CASTWTLEGYEQYF	tgtgccagcacatggactctagagggctacgagcagtacttc	1	0	1	1	1
clonotype2485	UNK_S	1	TRAV2*01	TRAJ3*01			TRBV6-2*01	TRBJ1-5*01	CAVEDGVGSSASKIIF	tgtgctgtggaggatggggtcggtagcagtgcttccaagataatcttt			CASNRQGSNQPQHF	tgtgccagcaaccgacagggctccaatcagccccagcatttt	1	0	1	1	1
clonotype2486	UNK_S	1	TRAV8-3*01	TRAJ24*01	TRAV8-3*01	TRAJ39*01	TRBV6-2*01	TRBJ1-4*01	CAVGLIMTTDSWGKLQF	tgtgctgtgggtctcataatgacaactgacagctgggggaaattgcagttt	CAVGDGLNAGNMLTF	tgtgctgtgggtgacggtcttaatgcaggcaacatgctcaccttt	CASSYAGGSEKLFF	tgtgccagcagttacgcggggggatccgaaaaactgtttttt	2	1	2	2	1
clonotype2488	UNK_S	1	TRAV38-1*01	TRAJ43*01			TRBV30*01	TRBJ2-3*01	CAFMPHLAGDMRF	tgtgctttcatgccccacttggcaggagacatgcgcttt			CAWSVSVGGSTDTQYF	tgtgcctggagtgtatcagttggaggttccacagatacgcagtatttt	1	0	1	1	1
clonotype2489	UNK_S	1	TRAV21*01	TRAJ28*01			TRBV30*01	TRBJ2-1*01	CAVALYSGAGSYQLTF	tgtgctgtcgccttatactctggggctgggagttaccaactcactttc			CAWTGTKQGVYNEQFF	tgtgcctggacaggaaccaaacagggggtttacaatgagcagttcttc	1	0	1	1	1
clonotype249	UNK_S	1	TRAV19*01	TRAJ43*01			TRBV30*01	TRBJ1-2*01	CALISNNNDMRF	tgtgctctgattagcaataacaatgacatgcgcttt			CAWSGPFYGYTF	tgtgcctggagtggaccgttctatggctacaccttc	1	0	1	1	1
clonotype2490	UNK_S	1	TRAV20*01	TRAJ5*01			TRBV30*01	TRBJ2-1*01	CAGTSYMDTGRRALTF	tgtgctgggacgtcctacatggacacgggcaggagagcacttactttt			CAWSVRDRGHGNEQFF	tgtgcctggagtgtacgggacagggggcatggcaatgagcagttcttc	1	0	1	1	1
clonotype2491	UNK_S	1	TRAV14/DV4*01	TRAJ6*01			TRBV20-1*01	TRBJ2-3*01	CAMAPGGSYIPTF	tgtgcaatggcaccaggaggaagctacatacctacattt			CSASRGLAGVTDTQYF	tgcagtgctagccgtggactagcgggagtcacagatacgcagtatttt	1	0	1	1	1
clonotype2492	UNK_S	1	TRAV12-3*01	TRAJ31*01			TRBV20-1*01	TRBJ2-3*01	CAMSPSYNNARLMF	tgtgcaatgagcccttcttataacaatgccagactcatgttt			CSAREKAGGFTDTQYF	tgcagtgctagagagaaagcgggagggttcacagatacgcagtatttt	1	0	1	1	1
clonotype2493	UNK_S	1	TRAV14/DV4*01	TRAJ36*01			TRBV20-1*01	TRBJ2-1*01	CAMREAPGSRLFF	tgtgcaatgagagaggccccagggtcccggctcttcttt			CSARDLAGVRGNEQFF	tgcagtgctagagatctagcgggagtgcggggcaatgagcagttcttc	3	0	3	1	1
clonotype2494	UNK_S	1	TRAV3*01	TRAJ35*01			TRBV20-1*01	TRBJ2-2*01	CAVRDIGSFGNVLHC	tgtgctgtgagagacatcggaagctttgggaatgtgctgcattgc			CSASTRGDPGTGELFF	tgcagtgctagcacccgaggggacccggggaccggggagctgtttttt	1	0	1	1	1
clonotype2495	UNK_S	1	TRAV14/DV4*01	TRAJ16*01	TRAV12-2*01	TRAJ48*01	TRBV18*01	TRBJ1-1*01	CAMREFRFSDGQKLLF	tgtgcaatgagagagttcaggttttcagatggccagaagctgctcttt	CAVNNPNFGNEKLTF	tgtgccgtgaacaatcctaactttggaaatgagaaattaaccttt	CASSPLSQGEAFF	tgtgccagctcacctttatcccagggggaagctttcttt	2	1	2	2	1
clonotype2496	UNK_S	1	TRAV26-1*01	TRAJ52*01			TRBV18*01	TRBJ1-6*01	CIVRVAPPNAGGTSYGKLTF	tgcatcgtcagagtcgcccctcctaatgctggtggtactagctatggaaagctgacattt			CASSGTANSPLHF	tgtgccagctcagggacggctaattcacccctccacttt	1	0	1	1	1
clonotype2497	UNK_S	1	TRAV3*01	TRAJ4*01			TRBV18*01	TRBJ2-3*01	CAVRALGGGYNKLIF	tgtgctgtgagagcccttgggggtggctacaataagctgattttt			CASSPPPGDTQYF	tgtgccagctcacccccccccggggatacgcagtatttt	1	0	1	1	1
clonotype2498	UNK_S	1	TRAV24*01	TRAJ38*01			TRBV18*01	TRBJ2-3*01	CAFNAGNNRKLIW	tgtgcctttaatgctggcaacaaccgtaagctgatttgg			CASSAGTADTQYF	tgtgccagctcagccggaacagcagatacgcagtatttt	1	0	1	1	1
clonotype25	UNK_S	3	TRAV1-2*01	TRAJ23*01			TRBV7-9*01	TRBJ1-1*01	CAVSNPGGKLIF	tgtgctgtgagcaacccagggggaaagcttatcttc			CASSFLGEMTEAFF	tgtgccagcagctttctgggggaaatgaccgaagctttcttt	3	0	3	1	1
clonotype250	UNK_S	1	TRAV13-2*01	TRAJ17*01			TRBV29-1*01	TRBJ2-1*01	CAEGFEAAGNKLTF	tgtgcagaggggttcgaagctgcaggcaacaagctaactttt			CTALRRGDQQFF	tgcaccgctctacgaaggggggaccagcagttcttc	1	0	1	1	1
clonotype2500	UNK_S	1	TRAV8-3*01	TRAJ17*01			TRBV2*01	TRBJ2-3*01	CAVGALPAAGNKLTF	tgtgctgtgggtgcattacctgctgcaggcaacaagctaactttt			CASTTGSTDTQYF	tgtgccagcacgacaggaagcacagatacgcagtatttt	1	0	1	1	1
clonotype2501	UNK_S	1	TRAV24*01	TRAJ39*01			TRBV2*01	TRBJ1-1*01	CAFYNNAGNMLTF	tgtgccttctataataatgcaggcaacatgctcaccttt			CASSRQGNTEAFF	tgtgccagcagccgacaggggaacactgaagctttcttt	1	0	1	1	1
clonotype2502	UNK_S	1	TRAV9-2*01	TRAJ18*01			TRBV2*01	TRBJ2-7*01	CALSRGRGSTLGRLYF	tgtgctctgagtcgaggcagaggctcaaccctggggaggctatacttt			CASRGGGLGEQYV	tgtgccagcagggggggagggctaggggagcagtacgtc	1	0	1	1	1
clonotype2503	UNK_S	1	TRAV12-1*01	TRAJ10*01			TRBV2*01	TRBJ1-1*01	CVVNGGVTGGGNKLTF	tgtgtggtgaacgggggggtcacgggaggaggaaacaaactcaccttt			CASSMDGYTEAFF	tgtgccagcagtatggacggatacactgaagctttcttt	1	0	1	1	1
clonotype2504	UNK_S	1	TRAV8-4*01	TRAJ39*01	TRAV19*01	TRAJ20*01	TRBV2*01	TRBJ1-2*01	CAVSDHGNAGNMLTF	tgtgctgtgagtgatcacggcaatgcaggcaacatgctcaccttt	CALSEANDYKLSF	tgtgctctgagtgaggcgaacgactacaagctcagcttt	CASRRDREYGYTF	tgtgccagccgccgggacagggaatatggctacaccttc	2	1	2	2	1
clonotype2505	UNK_S	1	TRAV3*01	TRAJ48*01			TRBV2*01	TRBJ2-7*01	CAVRFTNFGNEKLTF	tgtgctgtgagatttactaactttggaaatgagaaattaaccttt			CASLGEGLWEQYF	tgtgccagcctgggggagggcctatgggagcagtacttc	1	0	1	1	1
clonotype2506	UNK_S	1	TRAV8-4*01	TRAJ52*01			TRBV2*01	TRBJ2-1*01	CAVNGRDVSYGKLTF	tgtgctgtgaacggtcgggacgtcagctatggaaagctgacattt			CASSREGRFEQFF	tgtgccagctcgcgggagggcagatttgagcagttcttc	1	0	1	1	1
clonotype2507	UNK_S	1	TRAV21*01	TRAJ4*01			TRBV12-5*01	TRBJ1-2*01	CAVSVMFSGGYNKLIF	tgtgctgtgagcgtaatgttttctggtggctacaataagctgattttt			CASGPSPKDSYTF	tgtgctagtggtccttcccccaaggacagctacaccttc	1	0	1	1	1
clonotype2508	UNK_S	1	TRAV23/DV6*01	TRAJ10*01	TRAV9-2*01	TRAJ45*01	TRBV24-1*01	TRBJ2-1*01	CAASSRGGGNKLTF	tgtgcagcaagctcgaggggaggaggaaacaaactcaccttt	CAFPRYSGGGADGLTF	tgtgctttccccaggtattcaggaggaggtgctgacggactcaccttt	CATRSGDGYNEQFF	tgtgccaccaggtcaggggatgggtacaatgagcagttcttc	2	1	2	2	1
clonotype2509	UNK_S	1	TRAV21*01	TRAJ22*01			TRBV24-1*01	TRBJ1-5*01	CAVRIISSGSARQLTF	tgtgctgtgaggataatttcttctggttctgcaaggcaactgaccttt			CATSDLSGNQPQHF	tgtgccaccagtgatttgtcaggcaatcagccccagcatttt	1	0	1	1	1
clonotype251	UNK_S	1	TRAV13-2*01	TRAJ22*01			TRBV29-1*01	TRBJ2-3*01	CAESYSGSARQLTF	tgtgcagagtcctattctggttctgcaaggcaactgaccttt			CSVELAAGTQYF	tgcagcgttgaactagcggccggtacgcagtatttt	1	0	1	1	1
clonotype2510	UNK_S	1	TRAV9-2*01	TRAJ38*01			TRBV28*01	TRBJ2-4*01	CALSDRNAGNNRKLIW	tgtgctctgagtgaccgtaatgctggcaacaaccgtaagctgatttgg			CASTSSGAKNIQYF	tgtgccagcacctcatcaggggccaaaaacattcagtacttc	1	0	1	1	1
clonotype2511	UNK_S	1	TRAV34*01	TRAJ52*01			TRBV28*01	TRBJ1-6*01	CGADNAGGTSYGKLTF	tgtggagcagacaatgctggtggtactagctatggaaagctgacattt			CASGRDSYNSPLHF	tgtgccagcgggagggacagctataattcacccctccacttt	1	0	1	1	1
clonotype2512	UNK_S	1	TRAV13-2*01	TRAJ12*01			TRBV5-8*01	TRBJ2-1*01	CAESAIRDSSYKLIF	tgtgcagagagcgctataagggatagcagctataaattgatcttc			CASSPGRDYNEQFF	tgtgccagcagccccgggcgggattacaatgagcagttcttc	1	0	1	1	1
clonotype2513	UNK_S	1	TRAV8-3*01	TRAJ39*01			TRBV10-3*01	TRBJ1-4*01	CAVGPYNNAGNMLTF	tgtgctgtgggcccttataataatgcaggcaacatgctcaccttt			CAISPDEATEKLFF	tgtgccatcagcccggatgaggctactgaaaaactgtttttt	1	0	1	1	1
clonotype2514	UNK_S	1	TRAV10*01	TRAJ10*01			TRBV10-3*01	TRBJ1-1*01	CVVSSAGGGNKLTF	tgtgtggtgagcagtgcgggaggaggaaacaaactcaccttt			CAISGTGRETEAFF	tgtgccatcagtgggacagggagggaaactgaagctttcttt	1	0	1	1	1
clonotype2515	UNK_S	1	TRAV12-2*01	TRAJ29*01			TRBV7-9*01	TRBJ2-7*01	CAVITLSSGNTPLVF	tgtgccgtgatcactctctcttcaggaaacacacctcttgtcttt			CASSIPGAGEQYV	tgtgccagcagcatcccgggagcgggggagcagtacgtc	1	0	1	1	1
clonotype2516	UNK_S	1	TRAV8-3*01	TRAJ15*01			TRBV7-3*01	TRBJ2-1*01	CAVGALNQAGTALIF	tgtgctgtgggggctcttaaccaggcaggaactgctctgatcttt			CASSPSHNNEQFF	tgtgccagcagcccgagccataacaatgagcagttcttc	1	0	1	1	1
clonotype2517	UNK_S	1	TRAV21*01	TRAJ53*01			TRBV7-3*01	TRBJ1-2*01	CAVRPNSGGSNYKLTF	tgtgctgtgaggccgaatagtggaggtagcaactataaactgacattt			CASSLIGGYGYTF	tgtgccagcagcttaatagggggctatggctacaccttc	1	0	1	1	1
clonotype2518	UNK_S	1	TRAV38-2/DV8*01	TRAJ58*01			TRBV7-2*01	TRBJ1-5*01	CAYGETSGSRLTF	tgtgcttatggagaaaccagtggctctaggttgaccttt			CASSRDINQPQHF	tgtgccagcagccgcgacataaatcagccccagcatttt	1	0	1	1	1
clonotype2519	UNK_S	1	TRAV8-4*01	TRAJ9*01			TRBV10-2*01	TRBJ2-7*01	CAVSDRETGGFKTIF	tgtgctgtgagtgacagagagactggaggcttcaaaactatcttt			CASNGDMGPYEQYF	tgcgccagcaatggggacatgggaccctacgagcagtacttc	1	0	1	1	1
clonotype252	UNK_S	1	TRAV8-3*01	TRAJ30*01			TRBV20-1*01	TRBJ2-1*01	CAVVVMNRDDKIIF	tgtgctgtggtcgttatgaacagagatgacaagatcatcttt			CSAKGPYNEQFF	tgcagtgccaagggaccctacaatgagcagttcttc	1	0	1	1	1
clonotype2520	UNK_S	1	TRAV3*01	TRAJ23*01			TRBV7-6*01	TRBJ1-4*01	CAVREAGNQGGKLIF	tgtgctgtgagagaggctgggaaccagggaggaaagcttatcttc			CASNRLGSEKLFF	tgtgccagcaatcgactgggaagtgaaaaactgtttttt	1	0	1	1	1
clonotype2521	UNK_S	1	TRAV14/DV4*01	TRAJ30*01			TRBV7-6*01	TRBJ2-1*01	CAMREEGDDKIIF	tgtgcaatgagagaggaaggggatgacaagatcatcttt			CASSFGGRNEQFF	tgtgccagcagcttcggggggcggaatgagcagttcttc	1	0	1	1	1
clonotype2522	UNK_S	1	TRAV10*01	TRAJ13*01			TRBV10-1*01	TRBJ2-2*01	CVVIPSGGYQKVTF	tgtgtggtgattccttctgggggttaccagaaagttaccttt			CASSPLWGSGELFF	tgcgccagcagcccattatgggggagcggggagctgtttttt	1	0	1	1	1
clonotype2523	UNK_S	1	TRAV38-1*01	TRAJ56*01			TRBV27*01	TRBJ2-4*01	CAFMTGANSKLTF	tgtgctttcatgactggagccaatagtaagctgacattt			CASSPISGGDIQYF	tgtgccagcagtccaatttccgggggtgacattcagtacttc	1	0	1	1	1
clonotype2524	UNK_S	1	TRAV8-6*01	TRAJ3*01			TRBV27*01	TRBJ2-7*01	CAVSTGYSSASKIIF	tgtgctgtgagtacggggtacagcagtgcttccaagataatcttt			CASSLDGSRSEQYF	tgtgccagcagtttagacgggagccggagcgagcagtacttc	1	0	1	1	1
clonotype2525	UNK_S	1	TRAV38-2/DV8*01	TRAJ43*01			TRBV27*01	TRBJ2-7*01	CAYRSAWNNDMRF	tgtgcttataggagcgcgtggaacaatgacatgcgcttt			CASSLVSGNYEQYF	tgtgccagcagtttagtgtcagggaactacgagcagtacttc	1	0	1	1	1
clonotype2526	UNK_S	1	TRAV21*01	TRAJ52*01			TRBV27*01	TRBJ2-7*01	CAAPNAGGTSYGKLTF	tgtgctgctccaaatgctggtggtactagctatggaaagctgacattt			CASSLSGAIYEQYF	tgtgccagcagtttatctggtgctatttacgagcagtacttc	1	0	1	1	1
clonotype2527	UNK_S	1	TRAV13-2*01	TRAJ27*01			TRBV27*01	TRBJ2-7*01	CAENGLHTNAGKSTF	tgtgcagagaatgggctccacaccaatgcaggcaaatcaaccttt			CASSLLGQGSEQYF	tgtgccagcagtttattgggacagggaagcgagcagtacttc	1	0	1	1	1
clonotype2528	UNK_S	1	TRAV12-2*01	TRAJ47*01			TRBV27*01	TRBJ1-2*01	CAVNTGREYGNKLVF	tgtgccgtgaacacgggaagggaatatggaaacaagctggtcttt			CASSFLSGAGGYTF	tgtgccagcagtttcttatcaggggcgggcggctacaccttc	1	0	1	1	1
clonotype2529	UNK_S	1	TRAV2*01	TRAJ27*01			TRBV6-6*01	TRBJ1-5*01	CAVEDRGDTNAGKSTF	tgtgctgtggaggatcggggagacaccaatgcaggcaaatcaaccttt			CASSYRGQGGDQPQHF	tgtgccagcagttatagggggcagggaggggatcagccccagcatttt	1	0	1	1	1
clonotype253	UNK_S	1	TRAV9-2*01	TRAJ3*01			TRBV20-1*01	TRBJ2-7*01	CALSSGGSSASKIIF	tgtgctctgtcctcagggggaagcagtgcttccaagataatcttt			CSASGSSYEQYF	tgcagtgctagcgggagctcctacgagcagtacttc	1	0	1	1	1
clonotype2531	UNK_S	1	TRAV12-3*01	TRAJ44*01			TRBV5-6*01	TRBJ1-1*01	CAMSKTGTASKLTF	tgtgcaatgagcaagaccggcactgccagtaaactcaccttt			CASSPETANTEAFF	tgtgccagcagccctgagacggcgaacactgaagctttcttt	1	0	1	1	1
clonotype2532	UNK_S	1	TRAV10*01	TRAJ8*01			TRBV5-6*01	TRBJ2-1*01	CVVTPNTGFQKLVF	tgtgtggtgaccccgaacacaggctttcagaaacttgtattt			CASSVDRGPNEQFF	tgtgccagcagcgtcgacaggggcccgaatgagcagttcttc	1	0	1	1	1
clonotype2534	UNK_S	1	TRAV8-3*01	TRAJ17*01			TRBV5-4*01	TRBJ1-2*01	CAVGPEGAAGNKLTF	tgtgctgtggggcccgagggagctgcaggcaacaagctaactttt			CASPGGRDLYGYTF	tgtgccagccccgggggcagggatttgtatggctacaccttc	1	0	1	1	1
clonotype2535	UNK_S	1	TRAV12-3*01	TRAJ10*01			TRBV5-4*01	TRBJ2-2*01	CAMSRPGGGNKLTF	tgtgcaatgagccgtccgggaggaggaaacaaactcaccttt			CASSLDGATGELFF	tgtgccagcagcttggacggggccaccggggagctgtttttt	1	0	1	1	1
clonotype2536	UNK_S	1	TRAV21*01	TRAJ53*01			TRBV5-1*01	TRBJ2-7*01	CAVSKGSGGSNYKLTF	tgtgctgtgagcaagggtagtggaggtagcaactataaactgacattt			CASSKWTSGLEQYF	tgcgccagcagcaagtggactagcggactcgagcagtacttc	1	0	1	1	1
clonotype2537	UNK_S	1	TRAV12-2*01	TRAJ53*01			TRBV5-1*01	TRBJ2-3*01	CAVLNSGGSNYKLTF	tgtgccgtcctgaatagtggaggtagcaactataaactgacattt			CASSRVSSTDTQYF	tgcgccagcagccgcgtttctagcacagatacgcagtatttt	1	0	1	1	1
clonotype2539	UNK_S	1	TRAV8-4*01	TRAJ17*01			TRBV5-1*01	TRBJ2-1*01	CAVSGVKAAGNKLTF	tgtgctgtgagtggtgtcaaagctgcaggcaacaagctaactttt			CASSLRAGGDEQFF	tgcgccagcagcttgcgcgcgggaggggatgagcagttcttc	1	0	1	1	1
clonotype254	UNK_S	1	TRAV12-3*01	TRAJ20*01			TRBV20-1*01	TRBJ2-1*01	CAMTSSNDYKLSF	tgtgcaatgaccagttctaacgactacaagctcagcttt			CSAGMGIGEQFF	tgcagtgctgggatgggcatcggtgagcagttcttc	1	0	1	1	1
clonotype2541	UNK_S	1	TRAV12-3*01	TRAJ15*01			TRBV3-1*01	TRBJ2-7*01	CAMTENQAGTALIF	tgtgcaatgaccgagaaccaggcaggaactgctctgatcttt			CASSQLAGAHEQYF	tgtgccagcagccagctagcgggagcccacgagcagtacttc	1	0	1	1	1
clonotype2542	UNK_S	1	TRAV8-6*01	TRAJ37*01			TRBV3-1*01	TRBJ1-1*01	CAVSDGSSNTGKLIF	tgtgctgtgagtgatggctctagcaacacaggcaaactaatcttt			CASSPLRKNTEAFF	tgtgccagcagccccctaagaaagaacactgaagctttcttt	1	0	1	1	1
clonotype2543	UNK_S	1	TRAV9-2*01	TRAJ58*01			TRBV3-1*01	TRBJ2-7*01	CALSDPQETSGSRLTF	tgtgctctgagtgacccccaagaaaccagtggctctaggttgaccttt			CASSRTSGAYEQYF	tgtgccagcagccgaactagcggggcctacgagcagtacttc	1	0	1	1	1
clonotype2544	UNK_S	1	TRAV13-2*01	TRAJ10*01			TRBV3-1*01	TRBJ1-4*01	CAEKELTGGGNKLTF	tgtgcagagaaggaactcacgggaggaggaaacaaactcaccttt			CASSRGQPNEKLFF	tgtgccagcagccgaggacagcctaacgagaaactgtttttt	1	0	1	1	1
clonotype2545	UNK_S	1	TRAV3*01	TRAJ33*01			TRBV4-1*01	TRBJ2-1*01	CAVRETADSNYQLIW	tgtgctgtgagagaaaccgcggatagcaactatcagttaatctgg			CASSQGAPGNEQFF	tgcgccagcagccaaggggcccccggcaatgagcagttcttc	1	0	1	1	1
clonotype2547	UNK_S	1	TRAV14/DV4*01	TRAJ7*01	TRAV19*01	TRAJ6*01	TRBV4-2*01	TRBJ2-1*01	CAMWIYGNNRLAF	tgtgcaatgtggatttatgggaacaacagactcgctttt	CALSEAGGSYIPTF	tgtgctctgagtgaagcaggaggaagctacatacctacattt	CASSQGVSYNEQFF	tgtgccagcagccagggagtatcctacaatgagcagttcttc	2	1	2	2	1
clonotype2548	UNK_S	1	TRAV8-3*01	TRAJ32*01			TRBV4-3*01	TRBJ1-5*01	CAVGPYGGATNKLIF	tgtgctgtgggaccttatggtggtgctacaaacaagctcatcttt			CASSQDRGIDSQHF	tgcgccagcagccaagatcgggggatagactcccagcatttt	1	0	1	1	1
clonotype2549	UNK_S	1	TRAV8-6*01	TRAJ13*01			TRBV9*01	TRBJ1-1*01	CAVMPRSGGYQKVTF	tgtgctgtcatgccccgttctgggggttaccagaaagttaccttt			CASSTSGGSTEAFF	tgtgccagcagcacctccggtgggagcactgaagctttcttt	1	0	1	1	1
clonotype2550	UNK_S	1	TRAV14/DV4*01	TRAJ13*01	TRAV8-3*01	TRAJ50*01	TRBV9*01	TRBJ1-3*01	CAMRDSGGYQKVTF	tgtgcaatgagagattctgggggttaccagaaagttaccttt	CAVGLMKTSYDKVIF	tgtgctgtggggctcatgaaaacctcctacgacaaggtgatattt	CASSPGQAGNTIYF	tgtgccagcagcccgggacaggctggaaacaccatatatttt	2	1	2	2	1
clonotype2551	UNK_S	1	TRAV14/DV4*01	TRAJ33*01			TRBV9*01	TRBJ2-3*01	CAMREGSNYQLIW	tgtgcaatgagagagggtagcaactatcagttaatctgg			CASSVSGFTDTQYF	tgtgccagcagcgtaagtggattcacagatacgcagtatttt	1	0	1	1	1
clonotype2552	UNK_S	1	TRAV14/DV4*01	TRAJ35*01			TRBV9*01	TRBJ1-2*01	CAMREGFGNVLHC	tgtgcaatgagagaaggctttgggaatgtgctgcattgc			CASSVTEANYGYTF	tgtgccagcagcgttacagaagctaactatggctacaccttc	1	0	1	1	1
clonotype2553	UNK_S	1	TRAV16*01	TRAJ52*01			TRBV9*01	TRBJ1-2*01	CALLPFINAGGTSYGKLTF	tgtgctcttcttccgtttataaatgctggtggtactagctatggaaagctgacattt			CASSPQIESHGYTF	tgtgccagcagtccccagattgaatctcatggctacaccttc	1	0	1	1	1
clonotype2554	UNK_S	1	TRAV8-3*01	TRAJ24*01			TRBV19*01	TRBJ2-5*01	CAVGGMTTDSWGKLQF	tgtgctgtgggtgggatgacaactgacagctgggggaaattgcagttt			CASSTLAAQETQYF	tgtgccagtagtacactagcggcacaagagacccagtacttc	1	0	1	1	1
clonotype2555	UNK_S	1	TRAV13-2*01	TRAJ42*01			TRBV19*01	TRBJ2-7*01	CAENLNYGGSQGNLIF	tgtgcagagaacctgaattatggaggaagccaaggaaatctcatcttt			CASRTVAGVSEQYF	tgtgccagtaggaccgtagcgggagtaagcgagcagtacttc	1	0	1	1	1
clonotype2556	UNK_S	1	TRAV8-3*01	TRAJ38*01			TRBV19*01	TRBJ1-5*01	CAVGQFGAGNNRKLIW	tgtgctgtgggccagtttggtgctggcaacaaccgtaagctgatttgg			CASSIKNSNQPQHF	tgtgccagtagtatcaaaaatagcaatcagccccagcatttt	1	0	1	1	1
clonotype2557	UNK_S	1	TRAV21*01	TRAJ22*01			TRBV19*01	TRBJ2-2*01	CAVRPLISSGSARQLTF	tgtgctgtgagaccgctaatttcttctggttctgcaaggcaactgaccttt			CASSISENTGELFF	tgtgccagtagtatctccgaaaacaccggggagctgtttttt	1	0	1	1	1
clonotype2558	UNK_S	1	TRAV38-1*01	TRAJ54*01			TRBV6-6*01	TRBJ2-5*01	CAFMTLQGAQKLVF	tgtgctttcatgacccttcagggagcccagaagctggtattt			CASSSRTDWETQYF	tgtgccagcagctctcggacggactgggagacccagtacttc	1	0	1	1	1
clonotype2559	UNK_S	1	TRAV9-2*01	TRAJ52*01			TRBV6-5*01	TRBJ1-2*01	CALSDDAGGTSYGKLTF	tgtgctctgagtgatgatgctggtggtactagctatggaaagctgacattt			CASSHLKGSYGYTF	tgtgccagcagtcacctcaaagggagctatggctacaccttc	1	0	1	1	1
clonotype256	UNK_S	1	TRAV10*01	TRAJ33*01			TRBV30*01	TRBJ2-1*01	CVVSAADSNYQLIW	tgtgtggtgagcgcggcggatagcaactatcagttaatctgg			CAWRRIGGEQFF	tgtgcctggaggaggataggcggtgagcagttcttc	1	0	1	1	1
clonotype2560	UNK_S	1	TRAV38-2/DV8*01	TRAJ49*01			TRBV6-5*01	TRBJ1-2*01	CAYRRGLGGNQFYF	tgtgcttataggagaggccttggtggtaaccagttctatttt			CASSYGGPNYGYTF	tgtgccagcagttacggggggccgaactatggctacaccttc	1	0	1	1	1
clonotype2561	UNK_S	1	TRAV8-4*01	TRAJ42*01			TRBV6-5*01	TRBJ2-7*01	CAVSQNYGGSQGNLIF	tgtgctgtgagtcagaattatggaggaagccaaggaaatctcatcttt			CASSSTLKPYEQYF	tgtgccagcagttcgactctgaaaccttacgagcagtacttc	1	0	1	1	1
clonotype2562	UNK_S	1	TRAV3*01	TRAJ28*01			TRBV6-1*01	TRBJ1-6*01	CAVRDGSGAGSYQLTF	tgtgctgtgagagacggctctggggctgggagttaccaactcactttc			CASSDWGAGSPLHF	tgtgccagcagtgattggggcgccggatcacccctccacttt	1	0	1	1	1
clonotype2563	UNK_S	1	TRAV14/DV4*01	TRAJ29*01			TRBV20-1*01	TRBJ2-5*01	CAMREGTRNTPLVF	tgtgcaatgagagagggtactagaaacacacctcttgtcttt			CSARASPLALQETQYF	tgcagtgctagagcctcccccctagcgcttcaagagacccagtacttc	1	0	1	1	1
clonotype2564	UNK_S	1	TRAV29/DV5*01	TRAJ31*01			TRBV18*01	TRBJ2-7*01	CAASGGRLMF	tgtgcagcaagcggaggcagactcatgttt			CASSPGATREQYF	tgtgccagctccccgggggccacgcgcgagcagtacttc	1	0	1	1	1
clonotype2565	UNK_S	1	TRAV8-3*01	TRAJ54*01			TRBV2*01	TRBJ1-1*01	CAVAILIIQGAQKLVF	tgtgctgtggctatcctcataattcagggagcccagaagctggtattt			CASSAQARAEAFF	tgtgccagcagtgcccaggcgagggctgaagctttcttt	1	0	1	1	1
clonotype2566	UNK_S	1	TRAV38-1*01	TRAJ23*01			TRBV2*01	TRBJ1-2*01	CAFMSGNQGGKLIF	tgtgctttcatgagtggtaaccagggaggaaagcttatcttc			CASRADNGWGYTF	tgtgccagccgggcagacaatggctggggctacaccttc	1	0	1	1	1
clonotype2568	UNK_S	1	TRAV8-3*01	TRAJ45*01			TRBV28*01	TRBJ1-2*01	CAVGAYSGGGADGLTF	tgtgctgtgggggcgtattcaggaggaggtgctgacggactcaccttt			CASTRTGIVRGYTF	tgtgccagcaccaggacagggatcgtgagaggctacaccttc	1	0	1	1	1
clonotype2569	UNK_S	1	TRAV19*01	TRAJ30*01			TRBV28*01	TRBJ2-7*01	CALSEARRDDKIIF	tgtgctctgagtgaggcgaggagagatgacaagatcatcttt			CASRGQVFSYEQYF	tgtgccagcaggggacaggtcttctcctacgagcagtacttc	1	0	1	1	1
clonotype257	UNK_S	1	TRAV23/DV6*01	TRAJ5*01	TRAV8-4*01	TRAJ6*01	TRBV29-1*01	TRBJ1-2*01	CAASTGTGRRALTF	tgtgcagcaagcaccggcacgggcaggagagcacttactttt	CAVTSASGGSYIPTF	tgtgctgtgacctccgcatcaggaggaagctacatacctacattt	CSVVSLNYGYTF	tgcagcgtagtatccttaaactatggctacaccttc	2	1	2	2	1
clonotype2570	UNK_S	1	TRAV38-2/DV8*01	TRAJ57*01			TRBV28*01	TRBJ1-1*01	CAYSPQGGSEKLVF	tgtgcttatagtccccagggcggatctgaaaagctggtcttt			CASSPTGGWAEAFF	tgtgccagcagtccaacagggggatgggctgaagctttcttt	1	0	1	1	1
clonotype2571	UNK_S	1	TRAV19*01	TRAJ53*01			TRBV28*01	TRBJ1-1*01	CALNSGGSNYKLTF	tgtgctctgaatagtggaggtagcaactataaactgacattt			CASSYLPLNTEAFF	tgtgccagcagttaccttcccctgaacactgaagctttcttt	1	0	1	1	1
clonotype2573	UNK_S	1	TRAV38-1*01	TRAJ48*01			TRBV5-8*01	TRBJ1-5*01	CAFIPNFGNEKLTF	tgtgctttcattcctaactttggaaatgagaaattaaccttt			CASSPRNSNQPQHF	tgtgccagcagcccgaggaatagcaatcagccccagcatttt	1	0	1	1	1
clonotype2574	UNK_S	1	TRAV8-4*01	TRAJ10*01			TRBV10-3*01	TRBJ1-2*01	CAVSPILTGGGNKLTF	tgtgctgtgagccctatactcacgggaggaggaaacaaactcaccttt			CAISGIREIYGYTF	tgtgccatcagtggaatcagggagatctatggctacaccttc	1	0	1	1	1
clonotype2575	UNK_S	1	TRAV38-2/DV8*01	TRAJ54*01			TRBV10-3*01	TRBJ2-1*01	CAYRSIQGAQKLVF	tgtgcttataggtccattcagggagcccagaagctggtattt			CASSSGRDFNEQFF	tgtgcctcctctagcgggagggattttaatgagcagttcttc	1	0	1	1	1
clonotype2577	UNK_S	1	TRAV38-2/DV8*01	TRAJ43*01			TRBV7-9*01	TRBJ2-5*01	CAYRSFSWGNDMRF	tgtgcttataggagcttttcttggggtaatgacatgcgcttt			CASSSDLQETQYF	tgtgccagcagctcggacttacaagagacccagtacttc	1	0	1	1	1
clonotype2578	UNK_S	1	TRAV38-2/DV8*01	TRAJ40*01			TRBV7-9*01	TRBJ1-1*01	CAYARPSGTYKYIF	tgtgcttatgcgcggccctcaggaacctacaaatacatcttt			CASSFEGGTEAFF	tgtgccagcagctttgaggggggcactgaagctttcttt	1	0	1	1	1
clonotype2579	UNK_S	1	TRAV14/DV4*01	TRAJ48*01			TRBV7-3*01	TRBJ1-2*01	CAMREDFGNEKLTF	tgtgcaatgagagaggactttggaaatgagaaattaaccttt			CASSYGGLNGYTF	tgtgccagcagctatggggggctcaatggctacaccttc	1	0	1	1	1
clonotype2581	UNK_S	1	TRAV13-1*01	TRAJ3*01			TRBV7-3*01	TRBJ2-5*01	CAASLTFPYSSASKIIF	tgtgcagcttccctaacgttcccctacagcagtgcttccaagataatcttt			CASSYTVQETQYF	tgtgccagcagttataccgtacaagagacccagtacttc	1	0	1	1	1
clonotype2582	UNK_S	1	TRAV3*01	TRAJ22*01			TRBV11-2*01	TRBJ2-1*01	CAVRLPTSGSARQLTF	tgtgctgtgagacttcctacttctggttctgcaaggcaactgaccttt			CASSSPKMEGQFF	tgtgccagcagttccccgaagatggaagggcagttcttc	1	0	1	1	1
clonotype2583	UNK_S	1	TRAV38-1*01	TRAJ48*01			TRBV7-2*01	TRBJ2-5*01	CAFMTVFGNEKLTF	tgtgctttcatgaccgtttttggaaatgagaaattaaccttt			CASSRDSQETQYF	tgtgccagcagccgcgacagccaagagacccagtacttc	1	0	1	1	1
clonotype2585	UNK_S	1	TRAV10*01	TRAJ33*01			TRBV10-1*01	TRBJ2-1*01	CVVRVYMDSNYQLIW	tgtgtggtgagggtttacatggatagcaactatcagttaatctgg			CASSEQRESNEQFF	tgcgccagcagtgaacagcgggagtcgaatgagcagttcttc	1	0	1	1	1
clonotype2586	UNK_S	1	TRAV12-3*01	TRAJ24*01			TRBV10-1*01	TRBJ2-7*01	CAMRRGTDSWGKLQF	tgtgcaatgaggcggggaactgacagctgggggaaattgcagttt			CASSESGTTYEQYF	tgcgccagcagtgagtctgggacaacgtacgagcagtacttc	1	0	1	1	1
clonotype2587	UNK_S	1	TRAV29/DV5*01	TRAJ43*01			TRBV27*01	TRBJ1-5*01	CAATGGDMRF	tgtgcagccacagggggtgacatgcgcttt			CASTPAGDNQPQHF	tgtgccagcacccctgcgggggacaatcagccccagcatttt	1	0	1	1	1
clonotype2588	UNK_S	1	TRAV8-6*01	TRAJ4*01			TRBV27*01	TRBJ2-7*01	CAVSGSFSGGYNKLIF	tgtgctgtgagtgggtcgttttctggtggctacaataagctgattttt			CASRPGQVPYEQYF	tgtgccagcagaccgggacaggttccctacgagcagtacttc	1	0	1	1	1
clonotype2589	UNK_S	1	TRAV3*01	TRAJ9*01			TRBV27*01	TRBJ2-7*01	CAVRDARNTGGFKTIF	tgtgctgtgagagacgctcgaaatactggaggcttcaaaactatcttt			CASSLTSGSYEQYF	tgtgccagcagtttaactagcgggagctacgagcagtacttc	1	0	1	1	1
clonotype259	UNK_S	1	TRAV13-1*01	TRAJ37*01			TRBV20-1*01	TRBJ2-7*01	CAARGGGSSNTGKLIF	tgtgcagcaaggggaggaggctctagcaacacaggcaaactaatcttt			CSARGDGYEQYV	tgcagtgctaggggagacgggtacgagcagtacgtc	1	0	1	1	1
clonotype2590	UNK_S	1	TRAV8-4*01	TRAJ13*01			TRBV27*01	TRBJ2-1*01	CAVSGLSSGGYQKVTF	tgtgctgtgagtggtttgagttctgggggttaccagaaagttaccttt			CASSLWGAGNEQFF	tgtgccagcagtttatggggcgcggggaatgagcagttcttc	1	0	1	1	1
clonotype2591	UNK_S	1	TRAV2*01	TRAJ10*01			TRBV27*01	TRBJ2-3*01	CAVERPILTGGGNKLTF	tgtgctgtggagcgacctatactcacgggaggaggaaacaaactcaccttt			CASSLGPAGDTQYF	tgtgccagcagtttgggaccagcgggggatacgcagtatttt	1	0	1	1	1
clonotype2592	UNK_S	1	TRAV8-4*01	TRAJ42*01			TRBV27*01	TRBJ2-1*01	CAVNADYGGSQGNLIF	tgtgctgtgaatgcggattatggaggaagccaaggaaatctcatcttt			CASSFSRLSHEQFF	tgtgccagcagtttttctagattaagccatgagcagttcttc	1	0	1	1	1
clonotype2593	UNK_S	1	TRAV19*01	TRAJ26*01			TRBV5-6*01	TRBJ2-7*01	CALSEGNYGQNFVF	tgtgctctgagtgaagggaactatggtcagaattttgtcttt			CASSLAGFTYEQYF	tgtgccagcagcttggcaggttttacctacgagcagtacttc	1	0	1	1	1
clonotype2594	UNK_S	1	TRAV10*01	TRAJ5*01			TRBV5-6*01	TRBJ1-1*01	CVVSDTDTGRRALTF	tgtgtggtgagcgatacggacacgggcaggagagcacttactttt			CASSLVPSGTEAFF	tgtgccagcagcttggtcccgtcggggactgaagctttcttt	1	0	1	1	1
clonotype2595	UNK_S	1	TRAV19*01	TRAJ49*01			TRBV5-5*01	TRBJ2-5*01	CALSEAMTGNQFYF	tgtgctctgagtgaggcaatgaccggtaaccagttctatttt			CASSLAGTQETQYF	tgtgccagcagcttggcggggactcaagagacccagtacttc	1	0	1	1	1
clonotype2596	UNK_S	1	TRAV13-2*01	TRAJ45*01			TRBV5-4*01	TRBJ1-1*01	CAEVPNSGGGADGLTF	tgtgcagaggtccccaattcaggaggaggtgctgacggactcaccttt			CASSPRVSGTEAFF	tgtgccagcagcccacgggtctccggcactgaagctttcttt	1	0	1	1	1
clonotype2597	UNK_S	1	TRAV19*01	TRAJ9*01			TRBV5-1*01	TRBJ2-1*01	CALSENTGGFKTIF	tgtgctctgagtgaaaatactggaggcttcaaaactatcttt			CASTWDRGRNEQFF	tgcgccagcacttgggacaggggtaggaatgagcagttcttc	1	0	1	1	1
clonotype2598	UNK_S	1	TRAV13-1*01	TRAJ45*01			TRBV5-1*01	TRBJ1-3*01	CAASSMYSGGGADGLTF	tgtgcagcaagttccatgtattcaggaggaggtgctgacggactcaccttt			CASSMKDHGNTIYF	tgcgccagcagcatgaaggatcatggaaacaccatatatttt	1	0	1	1	1
clonotype2599	UNK_S	1	TRAV38-2/DV8*01	TRAJ49*01			TRBV5-1*01	TRBJ2-3*01	CAYRRSNTGNQFYF	tgtgcttataggaggtcgaacaccggtaaccagttctatttt			CASSLGLAGDTQYF	tgcgccagcagcttgggactagcaggagatacgcagtatttt	1	0	1	1	1
clonotype26	UNK_S	3	TRAV10*01	TRAJ4*01			TRBV5-1*01	TRBJ2-1*01	CVVSDFGGYNKLIF	tgtgtggtgagcgactttggtggctacaataagctgattttt			CASSLGSDSHNEQFF	tgcgccagcagcttagggtcggactctcacaatgagcagttcttc	3	0	3	1	1
clonotype260	UNK_S	1	TRAV12-2*01	TRAJ52*01			TRBV20-1*01	TRBJ1-5*01	CATKRGGTSYGKLTF	tgtgccacaaagaggggtggtactagctatggaaagctgacattt			CSAERVGQPQHF	tgcagtgctgagagggttggccagccccagcatttt	1	0	1	1	1
clonotype2600	UNK_S	1	TRAV12-2*01	TRAJ12*01			TRBV5-1*01	TRBJ2-7*01	CAVNKPPRDSSYKLIF	tgtgccgtgaacaagcccccaagggatagcagctataaattgatcttc			CASSFWREGHEQYF	tgcgccagcagcttttggcgggagggccacgagcagtacttc	1	0	1	1	1
clonotype2601	UNK_S	1	TRAV8-3*01	TRAJ5*01			TRBV3-1*01	TRBJ2-1*01	CAVGAAGDTGRRALTF	tgtgctgtgggtgcggcaggggacacgggcaggagagcacttactttt			CASNRGSTYNEQFF	tgtgccagcaaccggggtagcacctacaatgagcagttcttc	1	0	1	1	1
clonotype2602	UNK_S	1	TRAV12-3*01	TRAJ52*01			TRBV4-1*01	TRBJ2-1*01	CAMSAGGTSYGKLTF	tgtgcaatgagcgctggtggtactagctatggaaagctgacattt			CASSQVSQYNEQFF	tgcgccagcagccaagtgtcacagtacaatgagcagttcttc	1	0	1	1	1
clonotype2603	UNK_S	1	TRAV12-2*01	TRAJ37*01			TRBV4-2*01	TRBJ2-5*01	CAVMLDGSSNTGKLIF	tgtgccgtgatgttagatggctctagcaacacaggcaaactaatcttt			CASSQDLAGGTQYF	tgtgccagcagccaagacttagcgggggggacccagtacttc	1	0	1	1	1
clonotype2604	UNK_S	1	TRAV14/DV4*01	TRAJ15*01			TRBV9*01	TRBJ2-1*01	CAMREGQAGTALIF	tgtgcaatgagagagggccaggcaggaactgctctgatcttt			CASTGTSGRYEQFF	tgtgccagcaccgggactagcgggaggtatgagcagttcttc	1	0	1	1	1
clonotype2605	UNK_S	1	TRAV38-1*01	TRAJ45*01	TRAV14/DV4*01	TRAJ48*01	TRBV9*01	TRBJ2-7*01	CAFHSGGGADGLTF	tgtgctttccattcaggaggaggtgctgacggactcaccttt	CAMREEISNFGNEKLTF	tgtgcaatgagagaggagatatctaactttggaaatgagaaattaaccttt	CASSATSGAYEQYF	tgtgccagcagcgcaactagcggggcctacgagcagtacttc	2	1	2	2	1
clonotype2606	UNK_S	1	TRAV3*01	TRAJ17*01			TRBV11-3*01	TRBJ2-2*01	CAVRDITGAAGNKLTF	tgtgctgtgagagacattaccggagctgcaggcaacaagctaactttt			CASSKTNTGELFF	tgtgccagcagcaaaactaacaccggggagctgtttttt	1	0	1	1	1
clonotype2607	UNK_S	1	TRAV3*01	TRAJ32*01			TRBV11-3*01	TRBJ2-5*01	CAVRDPYGGATNKLIF	tgtgctgtgagagacccttatggtggtgctacaaacaagctcatcttt			CASSLFEEETQYF	tgtgccagcagcttattcgaggaagagacccagtacttc	1	0	1	1	1
clonotype2608	UNK_S	1	TRAV38-1*01	TRAJ27*01			TRBV15*01	TRBJ2-1*01	CAFMANTNAGKSTF	tgtgctttcatggccaacaccaatgcaggcaaatcaaccttt			CATSQRLAGETGFF	tgtgccaccagccagcggctagcgggtgaaacggggttcttc	1	0	1	1	1
clonotype2609	UNK_S	1	TRAV3*01	TRAJ13*01			TRBV14*01	TRBJ2-2*01	CAVRAPGAGGYQKVTF	tgtgctgtgagagcccccggggccgggggttaccagaaagttaccttt			CASSQGGTGELFF	tgtgccagcagccaagggggcaccggggagctgtttttt	1	0	1	1	1
clonotype261	UNK_S	1	TRAV8-3*01	TRAJ4*01			TRBV20-1*01	TRBJ2-4*01	CAVGAQSGGYNKLIF	tgtgctgtgggtgcgcaatctggtggctacaataagctgattttt			CSAPRGENIQYF	tgcagtgccccaaggggggaaaacattcagtacttc	1	0	1	1	1
clonotype2610	UNK_S	1	TRAV38-2/DV8*01	TRAJ22*01			TRBV14*01	TRBJ2-7*01	CAYRSAFSARQLTF	tgtgcttataggagcgcattttctgcaaggcaactgaccttt			CASSPDRVNEQYF	tgtgccagcagcccggacagggtaaacgagcagtacttc	1	0	1	1	1
clonotype2611	UNK_S	1	TRAV14/DV4*01	TRAJ53*01	TRAV38-1*01	TRAJ37*01	TRBV19*01	TRBJ2-1*01	CAMRGPLVGSNYKLTF	tgtgcaatgagaggccccctcgtgggtagcaactataaactgacattt	CAKSGGSSNTGKLIF	tgtgctaaatccgggggctctagcaacacaggcaaactaatcttt	CASSPSGLYNEQFF	tgtgccagtagcccgtccggactatacaatgagcagttcttc	2	1	2	2	1
clonotype2612	UNK_S	1	TRAV12-3*01	TRAJ52*01	TRAV38-1*01	TRAJ45*01	TRBV19*01	TRBJ1-1*01	CAMSAAGGTSYGKLTF	tgtgcaatgagcgctgctggtggtactagctatggaaagctgacattt	CAFMEMYSGGGADGLTF	tgtgctttcatggagatgtattcaggaggaggtgctgacggactcaccttt	CASRNKAGPAEAFF	tgtgccagtaggaataaggcggggcccgctgaagctttcttt	2	1	2	2	1
clonotype2613	UNK_S	1	TRAV14/DV4*01	TRAJ36*01			TRBV19*01	TRBJ2-1*01	CAMREGSSGANNLFF	tgtgcaatgagagagggaagtagtggggcaaacaacctcttcttt			CASSIRRVYNEQFF	tgtgccagtagtatccgcagggtctacaatgagcagttcttc	1	0	1	1	1
clonotype2614	UNK_S	1	TRAV3*01	TRAJ28*01			TRBV19*01	TRBJ2-7*01	CAVSGAYSGAGSYQLTF	tgtgctgtgagtggcgcatactctggggctgggagttaccaactcactttc			CASSMGVSSYEQYF	tgtgccagtagtatgggggttagctcctacgagcagtacttc	1	0	1	1	1
clonotype2615	UNK_S	1	TRAV29/DV5*01	TRAJ20*01			TRBV6-5*01	TRBJ1-4*01	CAAKNDYKLSF	tgtgcagcaaagaacgactacaagctcagcttt			CASSSTGLGEKLFF	tgtgccagcagttctacagggttaggtgaaaaactgtttttt	1	0	1	1	1
clonotype2616	UNK_S	1	TRAV19*01	TRAJ6*01			TRBV6-2*01	TRBJ2-3*01	CALRALSGGSYIPTF	tgtgctctgagggccctatcaggaggaagctacatacctacattt			CASRRTSVPDTQYF	tgtgccagcagaaggactagcgtcccagatacgcagtatttt	1	0	1	1	1
clonotype2618	UNK_S	1	TRAV38-2/DV8*01	TRAJ56*01			TRBV20-1*01	TRBJ2-3*01	CAYRSPTGANSKLTF	tgtgcttataggagccccactggagccaatagtaagctgacattt			CSARLIGTSGRNTQYF	tgcagtgctcgccttatcgggactagcgggagaaacacgcagtatttt	1	0	1	1	1
clonotype2619	UNK_S	1	TRAV29/DV5*01	TRAJ16*01			TRBV12-4*01	TRBJ1-1*01	CAARRGQKLLF	tgtgcagcaagaaggggccagaagctgctcttt			CASRPGGRTEAFF	tgtgccagcaggccagggggcaggactgaagctttcttt	1	0	1	1	1
clonotype262	UNK_S	1	TRAV5*01	TRAJ13*01			TRBV20-1*01	TRBJ2-1*01	CAESPNSGGYQKVTF	tgtgcagagagcccgaattctgggggttaccagaaagttaccttt			CSARDRGGGLFF	tgcagtgctagagatagggggggaggtctgttcttc	1	0	1	1	1
clonotype2622	UNK_S	1	TRAV19*01	TRAJ49*01			TRBV12-3*01	TRBJ2-1*01	CALSENVDTGNQFYF	tgtgctctgagtgagaatgtggacaccggtaaccagttctatttt			CASSLFPGNEQFF	tgtgccagcagtttattcccggggaatgagcagttcttc	1	0	1	1	1
clonotype2623	UNK_S	1	TRAV8-2*01	TRAJ13*01			TRBV28*01	TRBJ2-3*01	CVVSEGWNSGGYQKVTF	tgtgttgtgagtgaggggtggaattctgggggttaccagaaagttaccttt			CASTNRRGTDTQYF	tgtgccagcaccaataggaggggaacagatacgcagtatttt	1	0	1	1	1
clonotype2625	UNK_S	1	TRAV10*01	TRAJ37*01			TRBV28*01	TRBJ1-1*01	CVVSVGGSSNTGKLIF	tgtgtggtgagcgtaggaggctctagcaacacaggcaaactaatcttt			CASIYRGLNTEAFF	tgtgccagcatctacagggggctgaacactgaagctttcttt	1	0	1	1	1
clonotype2626	UNK_S	1	TRAV36/DV7*01	TRAJ16*01			TRBV5-8*01	TRBJ2-7*01	CAVEGLTPFSDGQKLLF	tgtgctgtggagggacttacccccttttcagatggccagaagctgctcttt			CASSFRRYSYEQYF	tgtgccagcagctttcgacggtactcctacgagcagtacttc	1	0	1	1	1
clonotype2627	UNK_S	1	TRAV8-6*01	TRAJ53*01			TRBV7-9*01	TRBJ1-1*01	CAVSDQNSGGSNYKLTF	tgtgctgtgagtgatcagaatagtggaggtagcaactataaactgacattt			CASSRRKNTEAFF	tgtgccagcagccgacgcaagaacactgaagctttcttt	1	0	1	1	1
clonotype2629	UNK_S	1	TRAV29/DV5*01	TRAJ49*01			TRBV11-2*01	TRBJ2-1*01	CAAKTGNQFYF	tgtgcagcaaaaaccggtaaccagttctatttt			CASSLAGNNEQFF	tgtgccagcagcttagcgggtaacaatgagcagttcttc	1	0	1	1	1
clonotype263	UNK_S	1	TRAV38-2/DV8*01	TRAJ47*01			TRBV20-1*01	TRBJ1-1*01	CAYIMEYGNKLVF	tgtgcttatatcatggaatatggaaacaagctggtcttt			CSASRVRAHFSF	tgcagtgctagccgagtcagagcccatttctccttt	1	0	1	1	1
clonotype2630	UNK_S	1	TRAV19*01	TRAJ23*01			TRBV11-2*01	TRBJ2-7*01	CALGGLYNQGGKLIF	tgtgctctggggggcctttataaccagggaggaaagcttatcttc			CASSLVQVGEQYV	tgtgccagcagcttagtgcaggtgggcgagcagtacgtc	1	0	1	1	1
clonotype2631	UNK_S	1	TRAV38-1*01	TRAJ53*01			TRBV7-2*01	TRBJ1-2*01	CASPNSGGSNYKLTF	tgtgcttccccgaatagtggaggtagcaactataaactgacattt			CASSSTVLNGYTF	tgtgccagcagctccacagtcctgaatggctacaccttc	1	0	1	1	1
clonotype2632	UNK_S	1	TRAV29/DV5*01	TRAJ29*01			TRBV27*01	TRBJ1-2*01	CALSGNTPLVF	tgtgccctttcaggaaacacacctcttgtcttt			CASSNTPANYGYTF	tgtgccagcagtaatacaccagccaactatggctacaccttc	1	0	1	1	1
clonotype2633	UNK_S	1	TRAV19*01	TRAJ17*01			TRBV27*01	TRBJ1-1*01	CALRGLKAAGNKLTF	tgtgctctgagggggctcaaagctgcaggcaacaagctaactttt			CASSLVSANTEAFF	tgtgccagcagtctagtctcggcgaacactgaagctttcttt	1	0	1	1	1
clonotype2634	UNK_S	1	TRAV23/DV6*01	TRAJ58*01	TRAV24*01	TRAJ13*01	TRBV27*01	TRBJ1-1*01	CAAKTWSSGSRLTF	tgtgcagcaaaaacgtggtccagtggctctaggttgaccttt	CALHSYSGGYQKVTF	tgtgccttacactcttattctgggggttaccagaaagttaccttt	CASSSTGGYTEAFF	tgtgccagcagttcgacagggggctacactgaagctttcttt	2	1	2	2	1
clonotype2635	UNK_S	1	TRAV14/DV4*01	TRAJ7*01			TRBV27*01	TRBJ1-2*01	CAMREGWDGNNRLAF	tgtgcaatgagagagggctgggatgggaacaacagactcgctttt			CASSLSTGLYGYTF	tgtgccagcagtttatcgacagggctctatggctacaccttc	1	0	1	1	1
clonotype2636	UNK_S	1	TRAV19*01	TRAJ37*01			TRBV27*01	TRBJ1-2*01	CALKSGSSNTGKLIF	tgtgctctgaaatccggctctagcaacacaggcaaactaatcttt			CASSLSGQFYGYTF	tgtgccagcagtttatcgggacagttctatggctacaccttc	1	0	1	1	1
clonotype2637	UNK_S	1	TRAV19*01	TRAJ37*01			TRBV27*01	TRBJ2-7*01	CALKHGSSNTGKLIF	tgtgctctgaagcatggctctagcaacacaggcaaactaatcttt			CASSLSFEGYEQYF	tgtgccagcagtttatcgttcgagggatacgagcagtacttc	1	0	1	1	1
clonotype2638	UNK_S	1	TRAV8-3*01	TRAJ52*01			TRBV5-6*01	TRBJ1-4*01	CAVGAGAGGTSYGKLTF	tgtgctgtgggtgccggtgctggtggtactagctatggaaagctgacattt			CASSFGGSHEKLFF	tgtgccagcagcttcggggggtctcacgaaaaactgtttttt	1	0	1	1	1
clonotype2639	UNK_S	1	TRAV19*01	TRAJ30*01			TRBV5-6*01	TRBJ2-7*01	CALSEAEDGGDKIIF	tgtgctctgagtgaggcagaggacgggggtgacaagatcatcttt			CASSLGRGTNEQYF	tgtgccagcagcttggggcgggggacgaacgagcagtacttc	1	0	1	1	1
clonotype264	UNK_S	1	TRAV13-2*01	TRAJ50*01			TRBV30*01	TRBJ2-1*01	CAENRYMKTSYDKVIF	tgtgcagagaataggtacatgaaaacctcctacgacaaggtgatattt			CAWSKEGNEQFF	tgtgcctggagtaaggaggggaatgagcagttcttc	1	0	1	1	1
clonotype2640	UNK_S	1	TRAV8-4*01	TRAJ52*01	TRAV19*01	TRAJ40*01	TRBV5-6*01	TRBJ1-1*01	CAVSEGAGGTSYGKLTF	tgtgctgtgagtgagggagctggtggtactagctatggaaagctgacattt	CALSEAEDGSGTYKYIF	tgtgctctgagtgaggcggaggacggctcaggaacctacaaatacatcttt	CASSLVTGVTEAFF	tgtgccagcagcttggtgacaggggtcactgaagctttcttt	2	1	2	2	1
clonotype2641	UNK_S	1	TRAV29/DV5*01	TRAJ31*01			TRBV5-4*01	TRBJ2-7*01	CAASALARLMF	tgtgcagcaagcgcgcttgccagactcatgttt			CASSLGQGAFEQYF	tgtgccagcagcttgggacagggggcgtttgagcagtacttc	1	0	1	1	1
clonotype2642	UNK_S	1	TRAV8-4*01	TRAJ13*01			TRBV5-5*01	TRBJ1-3*01	CAVSDRPNSGGYQKVTF	tgtgctgtgagtgaccggccgaattctgggggttaccagaaagttaccttt			CASSPDSVRNTIYF	tgtgccagcagcccggactctgttagaaacaccatatatttt	1	0	1	1	1
clonotype2643	UNK_S	1	TRAV12-3*01	TRAJ22*01			TRBV5-4*01	TRBJ1-1*01	CAMSPLSSGSARQLTF	tgtgcaatgagtcctctttcttctggttctgcaaggcaactgaccttt			CASSLDWSNTEAFF	tgtgccagcagcttggactggagcaacactgaagctttcttt	1	0	1	1	1
clonotype2644	UNK_S	1	TRAV8-4*01	TRAJ45*01			TRBV5-1*01	TRBJ1-3*01	CAVSESGAGGGADGLTF	tgtgctgtgagtgaaagtggagcaggaggaggtgctgacggactcaccttt			CASRGQSSGNTIYF	tgcgccagcagaggccagagctctggaaacaccatatatttt	1	0	1	1	1
clonotype2645	UNK_S	1	TRAV17*01	TRAJ52*01			TRBV5-1*01	TRBJ2-1*01	CATDATNAGGTSYGKLTF	tgtgctacggacgctactaatgctggtggtactagctatggaaagctgacattt			CASSYRAGDLWQFF	tgcgccagcagctacagagcgggagatttgtggcagttcttc	1	0	1	1	1
clonotype2647	UNK_S	1	TRAV3*01	TRAJ3*01			TRBV5-1*01	TRBJ2-7*01	CAVRVPAGYSSASKIIF	tgtgctgtgagagttcccgcggggtacagcagtgcttccaagataatcttt			CASSFRDRDYEQYF	tgcgccagcagcttccgggacagggactacgagcagtacttc	1	0	1	1	1
clonotype2648	UNK_S	1	TRAV19*01	TRAJ53*01			TRBV5-1*01	TRBJ2-5*01	CALIQPRSSNYKLTF	tgtgctctgattcaacctcggagtagcaactataaactgacattt			CASSLAGQQETQYF	tgcgccagcagcttggctggacaacaagagacccagtacttc	1	0	1	1	1
clonotype2649	UNK_S	1	TRAV3*01	TRAJ4*01			TRBV9*01	TRBJ1-1*01	CAVRDNGDSGGYNKLIF	tgtgctgtgagagacaacggtgattctggtggctacaataagctgattttt			CASSVLIENTEAFF	tgtgccagcagcgtacttattgagaacactgaagctttcttt	1	0	1	1	1
clonotype2650	UNK_S	1	TRAV14/DV4*01	TRAJ57*01			TRBV11-3*01	TRBJ2-1*01	CAMRGFQGGSEKLVF	tgtgcaatgagaggatttcagggcggatctgaaaagctggtcttt			CASSLGSRGEQFF	tgtgccagcagcttaggaagtcggggggagcagttcttc	1	0	1	1	1
clonotype2651	UNK_S	1	TRAV19*01	TRAJ28*01			TRBV14*01	TRBJ1-5*01	CALSVPGAGSYQLTF	tgtgctctgagtgtgcctggggctgggagttaccaactcactttc			CASSQAWNQPQHF	tgtgccagcagccaagcgtggaatcagccccagcatttt	1	0	1	1	1
clonotype2652	UNK_S	1	TRAV19*01	TRAJ45*01			TRBV19*01	TRBJ2-2*01	CALTRYSGGGADGLTF	tgtgctctgacccggtattcaggaggaggtgctgacggactcaccttt			CASLGQGSTGELFF	tgtgccagcttgggacagggcagcaccggggagctgtttttt	1	0	1	1	1
clonotype2653	UNK_S	1	TRAV12-3*01	TRAJ10*01			TRBV6-6*01	TRBJ2-7*01	CAMSPRPFTGGGNKLTF	tgtgcaatgagccctagacctttcacgggaggaggaaacaaactcaccttt			CASSSPTGLYEQYF	tgtgccagcagttcccctacaggtctctacgagcagtacttc	1	0	1	1	1
clonotype2654	UNK_S	1	TRAV38-1*01	TRAJ10*01			TRBV6-1*01	TRBJ2-7*01	CAFMKLFTGGGNKLTF	tgtgctttcatgaagcttttcacgggaggaggaaacaaactcaccttt			CASRTWRSAYEQYF	tgtgccagcaggacttggaggagcgcctacgagcagtacttc	1	0	1	1	1
clonotype2655	UNK_S	1	TRAV8-4*01	TRAJ45*01			TRBV6-1*01	TRBJ2-7*01	CAVSDRGRRGGGADGLTF	tgtgctgtgagtgatcgaggacgtcggggaggaggtgctgacggactcaccttt			CASSEILQVGEQYF	tgtgccagcagtgaaattctgcaggtaggggagcagtacttc	1	0	1	1	1
clonotype2656	UNK_S	1	TRAV14/DV4*01	TRAJ17*01			TRBV6-2*01	TRBJ2-3*01	CAMREGFWAAGNKLTF	tgtgcaatgagagagggcttctgggctgcaggcaacaagctaactttt			CASQTTSGTDTQYF	tgtgccagccaaacgactagcggcacagatacgcagtatttt	1	0	1	1	1
clonotype2657	UNK_S	1	TRAV8-2*01	TRAJ28*01			TRBV20-1*01	TRBJ2-1*01	CVVPKAPYSGAGSYQLTF	tgtgttgtgccgaaggccccatactctggggctgggagttaccaactcactttc			CSARGQGLIAFNEQFF	tgcagtgctagaggacagggtcttatcgcgtttaatgagcagttcttc	1	0	1	1	1
clonotype2658	UNK_S	1	TRAV19*01	TRAJ32*01			TRBV12-3*01	TRBJ2-3*01	CALTPRGGGATNKLIF	tgtgctctgaccccgaggggtggtggtgctacaaacaagctcatcttt			CASSLVSTDTQYF	tgtgccagcagtttggtcagcacagatacgcagtatttt	1	0	1	1	1
clonotype2659	UNK_S	1	TRAV29/DV5*01	TRAJ43*01			TRBV24-1*01	TRBJ2-1*01	CAASVWNNDMRF	tgtgcagcaagcgtgtggaacaatgacatgcgcttt			CATSIAGSYNEQFF	tgtgccaccagtatagcgggatcctacaatgagcagttcttc	1	0	1	1	1
clonotype266	UNK_S	1	TRAV9-2*01	TRAJ52*01			TRBV30*01	TRBJ2-7*01	CALSGGLGGTSYGKLTF	tgtgctctgagtggaggactcggtggtactagctatggaaagctgacattt			CALRQGSYEQYF	tgtgccttacgacagggctcctacgagcagtacttc	1	0	1	1	1
clonotype2660	UNK_S	1	TRAV29/DV5*01	TRAJ49*01			TRBV28*01	TRBJ1-5*01	CAASKTGNQFYF	tgtgcagcaagcaagaccggtaaccagttctatttt			CASRRDYSNQPQHF	tgtgccagcagaagggactatagcaatcagccccagcatttt	1	0	1	1	1
clonotype2661	UNK_S	1	TRAV19*01	TRAJ9*01			TRBV28*01	TRBJ1-5*01	CALSEAFGTGGFKTIF	tgtgctctgagtgaggccttcggtactggaggcttcaaaactatcttt			CASSWRSGREPQHF	tgtgccagcagttggcgcagtgggcgggagccccagcatttt	1	0	1	1	1
clonotype2662	UNK_S	1	TRAV8-3*01	TRAJ52*01			TRBV7-3*01	TRBJ1-1*01	CAVGRGNAGGTSYGKLTF	tgtgctgtggggagggggaatgctggtggtactagctatggaaagctgacattt			CASSTSRVAEAFF	tgtgccagcagcacctccagggtcgctgaagctttcttt	1	0	1	1	1
clonotype2663	UNK_S	1	TRAV12-3*01	TRAJ52*01			TRBV7-3*01	TRBJ2-1*01	CAMSVDAGGTSYGKLTF	tgtgcaatgagcgtagatgctggtggtactagctatggaaagctgacattt			CASSHGLYNEQFF	tgtgccagcagtcatggactttacaatgagcagttcttc	1	0	1	1	1
clonotype2664	UNK_S	1	TRAV19*01	TRAJ58*01			TRBV7-8*01	TRBJ1-5*01	CALVLRMETSGSRLTF	tgtgctctggtcttaagaatggaaaccagtggctctaggttgaccttt			CASSLVGDQPQHF	tgtgccagcagcttagtcggggatcagccccagcatttt	1	0	1	1	1
clonotype2665	UNK_S	1	TRAV14/DV4*01	TRAJ5*01			TRBV10-1*01	TRBJ2-7*01	CAMSLPEDTGRRALTF	tgtgcaatgagcctccccgaggacacgggcaggagagcacttactttt			CASSEKGLGYEQYF	tgcgccagcagtgaaaaggggctggggtacgagcagtacttc	1	0	1	1	1
clonotype2666	UNK_S	1	TRAV12-3*01	TRAJ48*01			TRBV27*01	TRBJ1-2*01	CAMSTFISNFGNEKLTF	tgtgcaatgagcacttttatatctaactttggaaatgagaaattaaccttt			CASSSDRGNYGYTF	tgtgccagcagttcggacagggggaactatggctacaccttc	1	0	1	1	1
clonotype2667	UNK_S	1	TRAV12-2*01	TRAJ44*01			TRBV27*01	TRBJ1-2*01	CAVNPSPLETGTASKLTF	tgtgccgtgaacccgagccctctggaaaccggcactgccagtaaactcaccttt			CASSLAGNNYGYTF	tgtgccagcagtttggcagggaataactatggctacaccttc	1	0	1	1	1
clonotype2668	UNK_S	1	TRAV29/DV5*01	TRAJ5*01			TRBV27*01	TRBJ1-1*01	CAASAGRRALTF	tgtgcagcaagcgcgggcaggagagcacttactttt			CASSFGSWNTEAFF	tgtgccagcagttttggtagctggaacactgaagctttcttt	1	0	1	1	1
clonotype2669	UNK_S	1	TRAV38-2/DV8*01	TRAJ42*01			TRBV27*01	TRBJ2-2*01	CAYKWGYGGSQGNLIF	tgtgcttataaatgggggtatggaggaagccaaggaaatctcatcttt			CASGSGDNTGELFF	tgtgccagcgggtccggggataacaccggggagctgtttttt	1	0	1	1	1
clonotype267	UNK_S	1	TRAV38-2/DV8*01	TRAJ53*01	TRAV38-1*01	TRAJ44*01	TRBV29-1*01	TRBJ2-7*01	CAYKSGGSNYKLTF	tgtgcttataaaagtggaggtagcaactataaactgacattt	CAFIVHTGTASKLTF	tgtgctttcatcgtccataccggcactgccagtaaactcaccttt	CSVEGQLHEQYF	tgcagcgttgaaggacagcttcacgagcagtacttc	2	1	2	2	1
clonotype2670	UNK_S	1	TRAV8-6*01	TRAJ52*01			TRBV5-4*01	TRBJ2-7*01	CAVSGVNAGGTSYGKLTF	tgtgctgtgagcggggttaatgctggtggtactagctatggaaagctgacattt			CASRARGASYEQYF	tgtgccagcagagctcggggagcctcctacgagcagtacttc	1	0	1	1	1
clonotype2671	UNK_S	1	TRAV8-3*01	TRAJ52*01			TRBV5-1*01	TRBJ2-3*01	CAVGPTNAGGTSYGKLTF	tgtgctgtgggtcccactaatgctggtggtactagctatggaaagctgacattt			CASSPGPNTDTQYF	tgcgccagcagcccgggacctaacacagatacgcagtatttt	1	0	1	1	1
clonotype2672	UNK_S	1	TRAV12-3*01	TRAJ52*01			TRBV5-1*01	TRBJ1-5*01	CAMSARAGGTSYGKLTF	tgtgcaatgagcgcgagggctggtggtactagctatggaaagctgacattt			CASSLEGGNQPQHF	tgcgccagcagcttggaagggggcaatcagccccagcatttt	1	0	1	1	1
clonotype2673	UNK_S	1	TRAV38-2/DV8*01	TRAJ22*01			TRBV12-4*01	TRBJ1-1*01	CAYRRRSSGSARQLTF	tgtgcttataggagaagatcttctggttctgcaaggcaactgaccttt			CASSLIEGTEAFF	tgtgccagcagtttaatagagggcactgaagctttcttt	1	0	1	1	1
clonotype2674	UNK_S	1	TRAV29/DV5*01	TRAJ49*01			TRBV9*01	TRBJ2-4*01	CAASAFGNQFYF	tgtgcagcaagcgcgttcggtaaccagttctatttt			CASSTRESKNIQYF	tgtgccagcagcacccgcgaatccaaaaacattcagtacttc	1	0	1	1	1
clonotype2675	UNK_S	1	TRAV38-1*01	TRAJ43*01			TRBV9*01	TRBJ1-6*01	CAFILPLPYNNNDMRF	tgtgctttcatcctccccctcccgtacaataacaatgacatgcgcttt			CASSLGVGNSPLHF	tgtgccagcagcctaggggtggggaattcacccctccacttt	1	0	1	1	1
clonotype2676	UNK_S	1	TRAV14/DV4*01	TRAJ6*01			TRBV9*01	TRBJ1-6*01	CAMREPSSGGSYIPTF	tgtgcaatgagagagccctcatcaggaggaagctacatacctacattt			CASSASGSGSPLHF	tgtgccagcagcgcctcagggtccggttcacccctccacttt	1	0	1	1	1
clonotype2677	UNK_S	1	TRAV14/DV4*01	TRAJ6*01			TRBV9*01	TRBJ2-1*01	CAMRGHASGGSYIPTF	tgtgcaatgagaggtcatgcatcaggaggaagctacatacctacattt			CASSVGGGVNEQFF	tgtgccagcagcgtaggggggggggtcaatgagcagttcttc	1	0	1	1	1
clonotype2678	UNK_S	1	TRAV38-1*01	TRAJ54*01			TRBV9*01	TRBJ1-2*01	CAFMKQEIQGAQKLVF	tgtgctttcatgaagcaggaaattcagggagcccagaagctggtattt			CASSVSTGLGGYTF	tgtgccagcagcgtatcgacagggctaggcggctacaccttc	1	0	1	1	1
clonotype2679	UNK_S	1	TRAV29/DV5*01	TRAJ33*01			TRBV12-3*01	TRBJ1-6*01	CAASAQSNYQLIW	tgtgcagcaagcgcgcaaagcaactatcagttaatctgg			CASGGQINSPLHF	tgtgccagcgggggacaaattaattcacccctccacttt	1	0	1	1	1
clonotype2680	UNK_S	1	TRAV29/DV5*01	TRAJ49*01			TRBV2*01	TRBJ2-2*01	CAARPNTGNQFYF	tgtgcagcaaggccgaacaccggtaaccagttctatttt			CASSRENTGELFF	tgtgccagctcccgggagaacaccggggagctgtttttt	1	0	1	1	1
clonotype2681	UNK_S	1	TRAV29/DV5*01	TRAJ57*01			TRBV7-9*01	TRBJ1-2*01	CAASEGGSEKLVF	tgtgcagcaagcgagggtggatctgaaaagctggtcttt			CASTSKVVYGYTF	tgtgccagcacgtcaaaggtagtctatggctacaccttc	1	0	1	1	1
clonotype2682	UNK_S	1	TRAV14/DV4*01	TRAJ5*01			TRBV27*01	TRBJ1-6*01	CAMREAPMDTGRRALTF	tgtgcaatgagagaggcccccatggacacgggcaggagagcacttactttt			CASSWNHSNSPLHF	tgtgccagcagttggaaccattccaattcacccctccacttt	1	0	1	1	1
clonotype2683	UNK_S	1	TRAV19*01	TRAJ22*01			TRBV27*01	TRBJ2-1*01	CALSEPFSSGSARQLTF	tgtgctctgagtgagccattttcttctggttctgcaaggcaactgaccttt			CASSFAGTYNEQFF	tgtgccagcagttttgcggggacctacaatgagcagttcttc	1	0	1	1	1
clonotype2684	UNK_S	1	TRAV29/DV5*01	TRAJ48*01			TRBV5-1*01	TRBJ2-5*01	CAASVFGNEKLTF	tgtgcagcaagcgtctttggaaatgagaaattaaccttt			CASSPTLGGLQRVF	tgcgccagcagccccacccttgggggactgcagagagtgttc	1	0	1	1	1
clonotype2685	UNK_S	1	TRAV29/DV5*01	TRAJ36*01			TRBV5-1*01	TRBJ2-5*01	CAARASGANNLFF	tgtgcagcaagggcgagtggggcaaacaacctcttcttt			CASSLVLAGETQYF	tgcgccagcagcttggtattagcaggagagacccagtacttc	1	0	1	1	1
clonotype2686	UNK_S	1	TRAV38-2/DV8*01	TRAJ48*01			TRBV5-1*01	TRBJ1-5*01	CAYRSTPTNFGNEKLTF	tgtgcttataggagtactcccactaactttggaaatgagaaattaaccttt			CASSFRTGDQPQHF	tgcgccagcagctttaggacaggggatcagccccagcatttt	1	0	1	1	1
clonotype2688	UNK_S	1	TRAV29/DV5*01	TRAJ40*01			TRBV9*01	TRBJ1-1*01	CAASDRGTYKYIF	tgtgcagcaagcgatagaggaacctacaaatacatcttt			CASTRGLLNTEAFF	tgtgccagcacccggggactgctgaacactgaagctttcttt	1	0	1	1	1
clonotype2689	UNK_S	1	TRAV29/DV5*01	TRAJ30*01			TRBV19*01	TRBJ1-2*01	CAASKRNRDDKIIF	tgtgcagcaagcaagaggaacagagatgacaagatcatcttt			CASSYLQGSYGYTF	tgtgccagtagttatttacagggatcctatggctacaccttc	1	0	1	1	1
clonotype2690	UNK_S	1	TRAV14/DV4*01	TRAJ52*01			TRBV6-5*01	TRBJ1-5*01	CAMREDNAGGTSYGKLTF	tgtgcaatgagagaggataatgctggtggtactagctatggaaagctgacattt			CASSYARGRQPQHF	tgtgccagcagttacgcccggggcaggcagccccagcatttt	1	0	1	1	1
clonotype2691	UNK_S	1	TRAV19*01	TRAJ44*01			TRBV29-1*01	TRBJ2-1*01	CALSEANGNTGTASKLTF	tgtgctctgagtgaggcaaacgggaataccggcactgccagtaaactcaccttt			CSVSLLVAVPYNEQFF	tgcagcgtttccctccttgtagccgtgccttacaatgagcagttcttc	1	0	1	1	1
clonotype2692	UNK_S	1	TRAV23/DV6*01	TRAJ40*01			TRBV20-1*01	TRBJ1-2*01	CAASMGTYKYIF	tgtgcagcaagcatgggaacctacaaatacatcttt			CSARDIGTENYYGYTF	tgcagtgctagagatatcgggacagagaattactatggctacaccttc	1	0	1	1	1
clonotype2693	UNK_S	1	TRAV29/DV5*01	TRAJ48*01			TRBV18*01	TRBJ1-5*01	CAASLNFGNEKLTF	tgtgcagcaagcttaaactttggaaatgagaaattaaccttt			CASSPSSNQPQHF	tgtgccagctcaccatcaagcaatcagccccagcatttt	1	0	1	1	1
clonotype2694	UNK_S	1	TRAV23/DV6*01	TRAJ29*01			TRBV2*01	TRBJ1-6*01	CAAFSGNTPLVF	tgtgcagctttctcaggaaacacacctcttgtcttt			CASSEEGVRPLHF	tgtgccagcagtgaagaaggggttagacccctccacttt	1	0	1	1	1
clonotype2695	UNK_S	1	TRAV29/DV5*01	TRAJ49*01			TRBV7-9*01	TRBJ1-2*01	CAASQTNTGNQFYF	tgtgcagcaagccagactaacaccggtaaccagttctatttt			CASSLTGVGGYTF	tgtgccagcagcttgacgggggttggaggctacaccttc	1	0	1	1	1
clonotype2696	UNK_S	1	TRAV29/DV5*01	TRAJ33*01			TRBV7-9*01	TRBJ2-7*01	CAAIGMDSNYQLIW	tgtgcagcaatcggcatggatagcaactatcagttaatctgg			CASSPPGSYEQYF	tgtgccagcagcccccccgggtcctacgagcagtacttc	1	0	1	1	1
clonotype2697	UNK_S	1	TRAV14/DV4*01	TRAJ52*01			TRBV11-2*01	TRBJ2-1*01	CAMREGRSGGTSYGKLTF	tgtgcaatgagagagggccggtctggtggtactagctatggaaagctgacattt			CASSPRGWNEQFF	tgtgccagcagcccccgtgggtggaatgagcagttcttc	1	0	1	1	1
clonotype2698	UNK_S	1	TRAV29/DV5*01	TRAJ30*01			TRBV7-8*01	TRBJ2-1*01	CAARLFGGDDKIIF	tgtgcagcaaggctctttgggggagatgacaagatcatcttt			CASSLVRGNEQFF	tgtgccagcagcttagtacgggggaatgagcagttcttc	1	0	1	1	1
clonotype2699	UNK_S	1	TRAV29/DV5*01	TRAJ57*01			TRBV27*01	TRBJ2-7*01	CAASGWGGSEKLVF	tgtgcagcaagcggatggggaggatctgaaaagctggtcttt			CASSSGASPYEQYF	tgtgccagcagttcaggggcatccccctacgagcagtacttc	1	0	1	1	1
clonotype2700	UNK_S	1	TRAV23/DV6*01	TRAJ39*01			TRBV27*01	TRBJ1-5*01	CAASHAGNMLTF	tgtgcagcatctcatgcaggcaacatgctcaccttt			CASSSPHSNQPQHF	tgtgccagcagttctccccatagcaatcagccccagcatttt	1	0	1	1	1
clonotype2701	UNK_S	1	TRAV19*01	TRAJ24*01			TRBV5-5*01	TRBJ2-3*01	CALSEAEVTTDSWGKLQF	tgtgctctgagtgaggcggaggtgacaactgacagctgggggaaattgcagttt			CASSLEREADTQYF	tgtgccagcagcttggagcgggaggcagatacgcagtatttt	1	0	1	1	1
clonotype2702	UNK_S	1	TRAV23/DV6*01	TRAJ6*01			TRBV5-1*01	TRBJ2-3*01	CAASGGSYIPTF	tgtgcagcctcaggaggaagctacatacctacattt			CASSVGQYTDTQYF	tgcgccagcagcgtgggacagtacacagatacgcagtatttt	1	0	1	1	1
clonotype2703	UNK_S	1	TRAV23/DV6*01	TRAJ33*01			TRBV5-1*01	TRBJ1-5*01	CAASRNNYQLIW	tgtgcagcaagcaggaacaactatcagttaatctgg			CASSLDAMNQPQHF	tgcgccagcagcttggacgcgatgaatcagccccagcatttt	1	0	1	1	1
clonotype2704	UNK_S	1	TRAV29/DV5*01	TRAJ11*01			TRBV9*01	TRBJ2-3*01	CAASARSGYSTLTF	tgtgcagcaagcgcgcgttcaggatacagcaccctcaccttt			CASSVDPGTDTQYF	tgtgccagcagcgtagatccgggcacagatacgcagtatttt	1	0	1	1	1
clonotype2705	UNK_S	1	TRAV29/DV5*01	TRAJ33*01			TRBV9*01	TRBJ1-1*01	CAASAMDSNYQLIW	tgtgcagcaagcgcaatggatagcaactatcagttaatctgg			CASSVGGMNTEAFF	tgtgccagcagcgtaggggggatgaacactgaagctttcttt	1	0	1	1	1
clonotype2706	UNK_S	1	TRAV23/DV6*01	TRAJ20*01			TRBV14*01	TRBJ2-2*01	CAAKWNDYKLSF	tgtgcagcaaagtggaacgactacaagctcagcttt			CASSQVLSGELFF	tgtgccagcagccaagtgttgtccggggagctgtttttt	1	0	1	1	1
clonotype2707	UNK_S	1	TRAV23/DV6*01	TRAJ20*01			TRBV19*01	TRBJ1-1*01	CAASRSNDYKLSF	tgtgcagcaagcagatctaacgactacaagctcagcttt			CASSPGTKNTEAFF	tgtgccagtagtcccgggacgaagaacactgaagctttcttt	1	0	1	1	1
clonotype2708	UNK_S	1	TRAV19*01	TRAJ52*01			TRBV6-5*01	TRBJ1-1*01	CALSEAPRAGGTSYGKLTF	tgtgctctgagtgaggcccctagggctggtggtactagctatggaaagctgacattt			CASSYSYLSPEAFF	tgtgccagcagttactcctacttgagccctgaagctttcttt	1	0	1	1	1
clonotype2709	UNK_S	1	TRAV23/DV6*01	TRAJ24*01			TRBV2*01	TRBJ1-5*01	CAASSGSWGKLQF	tgtgcagcaagctcgggtagctgggggaaattgcagttt			CARGAGVNQPQHF	tgtgccaggggggcaggggtcaatcagccccagcatttt	1	0	1	1	1
clonotype271	UNK_S	1	TRAV8-4*01	TRAJ53*01			TRBV29-1*01	TRBJ2-5*01	CAVSEWYSGGSNYKLTF	tgtgctgtgagtgaatggtatagtggaggtagcaactataaactgacattt			CSVARVLETQYF	tgcagcgttgcgcgggtactcgagacccagtacttc	1	0	1	1	1
clonotype2710	UNK_S	1	TRAV29/DV5*01	TRAJ40*01			TRBV28*01	TRBJ2-3*01	CAASGVTSGTYKYIF	tgtgcagcaagcggggttacctcaggaacctacaaatacatcttt			CASSLDRSTDTQYF	tgtgccagcagtttggaccgaagcacagatacgcagtatttt	1	0	1	1	1
clonotype2711	UNK_S	1	TRAV29/DV5*01	TRAJ50*01			TRBV5-8*01	TRBJ1-2*01	CAASAMKTSYDKVIF	tgtgcagcaagcgcaatgaaaacctcctacgacaaggtgatattt			CASSPDGLNYGYTF	tgtgccagcagccccgacggtcttaactatggctacaccttc	1	0	1	1	1
clonotype2712	UNK_S	1	TRAV29/DV5*01	TRAJ39*01			TRBV7-9*01	TRBJ1-3*01	CAASQPYNAGNMLTF	tgtgcagcaagccaaccctataatgcaggcaacatgctcaccttt			CASSFVVGNTIYF	tgtgccagcagctttgttgtgggaaacaccatatatttt	1	0	1	1	1
clonotype2713	UNK_S	1	TRAV29/DV5*01	TRAJ58*01			TRBV7-9*01	TRBJ2-7*01	CAASGGETSGSRLTF	tgtgcagcaagcgggggagaaaccagtggctctaggttgaccttt			CASSAWGPYEQYF	tgtgccagcagcgcgtgggggccctacgagcagtacttc	1	0	1	1	1
clonotype2714	UNK_S	1	TRAV29/DV5*01	TRAJ53*01			TRBV7-3*01	TRBJ1-1*01	CAASGVGGSNYKLTF	tgtgcagcaagcggggtgggaggtagcaactataaactgacattt			CASSLTKATEAFF	tgtgccagcagcttaactaaggctaccgaagctttcttt	1	0	1	1	1
clonotype2715	UNK_S	1	TRAV29/DV5*01	TRAJ37*01			TRBV7-3*01	TRBJ1-1*01	CAASASSSNTGKLIF	tgtgcagcaagcgcctcctctagcaacacaggcaaactaatcttt			CASSLRGGTEAFF	tgtgccagcagcttacggggaggaactgaagctttcttt	1	0	1	1	1
clonotype2716	UNK_S	1	TRAV29/DV5*01	TRAJ10*01			TRBV27*01	TRBJ2-7*01	CAALRRGGGGNKLTF	tgtgcagcccttaggcgggggggaggaggaaacaaactcaccttt			CASRPGGTPYEQYF	tgtgccagcagacccggggggaccccctacgagcagtacttc	1	0	1	1	1
clonotype2717	UNK_S	1	TRAV29/DV5*01	TRAJ22*01			TRBV27*01	TRBJ1-1*01	CAAPISSGSARQLTF	tgtgcagcacccatttcttctggttctgcaaggcaactgaccttt			CASSLSSLNTEAFF	tgtgccagcagtttatcgtcattgaacactgaagctttcttt	1	0	1	1	1
clonotype2718	UNK_S	1	TRAV29/DV5*01	TRAJ9*01			TRBV5-6*01	TRBJ2-1*01	CAASTLNTGGFKTIF	tgtgcagcaagcaccctaaatactggaggcttcaaaactatcttt			CASSLWEGLNEQFF	tgtgccagcagcttgtgggagggcctgaatgagcagttcttc	1	0	1	1	1
clonotype272	UNK_S	1	TRAV8-2*01	TRAJ53*01			TRBV20-1*01	TRBJ2-2*01	CVVSEINSGGSNYKLTF	tgtgttgtgagtgagataaatagtggaggtagcaactataaactgacattt			CSARGQAGELFF	tgcagtgcccgaggacaggccggggagctgtttttt	1	0	1	1	1
clonotype2720	UNK_S	1	TRAV23/DV6*01	TRAJ22*01			TRBV14*01	TRBJ1-1*01	CAGRPGSARQLTF	tgtgcaggacgtcctggttctgcaaggcaactgaccttt			CASSLDRTTEAFF	tgtgccagcagcctcgacaggaccactgaagctttcttt	1	0	1	1	1
clonotype2721	UNK_S	1	TRAV29/DV5*01	TRAJ54*01			TRBV6-5*01	TRBJ1-5*01	CAASDGATQGAQKLVF	tgtgcagcaagcgacggtgctactcagggagcccagaagctggtattt			CASSRDTSNQPQHF	tgtgccagcagtcgggacacaagcaatcagccccagcatttt	1	0	1	1	1
clonotype2722	UNK_S	1	TRAV23/DV6*01	TRAJ18*01			TRBV2*01	TRBJ1-1*01	CAASRGSTLGRLYF	tgtgcagcaagcagaggctcaaccctggggaggctatacttt			CANSGGPDTEAFF	tgtgccaactcagggggcccggacactgaagctttcttt	1	0	1	1	1
clonotype2723	UNK_S	1	TRAV29/DV5*01	TRAJ37*01			TRBV2*01	TRBJ2-7*01	CAASYDPSSNTGKLIF	tgtgcagcaagctatgacccttctagcaacacaggcaaactaatcttt			CASRVTWAYEQYF	tgtgccagcagggtgacgtgggcctacgagcagtacttc	1	0	1	1	1
clonotype2724	UNK_S	1	TRAV23/DV6*01	TRAJ44*01			TRBV10-3*01	TRBJ1-3*01	CAPVNTGTASKLTF	tgtgcacccgtaaataccggcactgccagtaaactcaccttt			CAIRSDRGGNTIYF	tgtgccatcagatcggacaggggtggaaacaccatatatttt	1	0	1	1	1
clonotype2725	UNK_S	1	TRAV29/DV5*01	TRAJ37*01			TRBV11-2*01	TRBJ1-1*01	CAASASRSSNTGKLIF	tgtgcagcaagcgcgtcccgctctagcaacacaggcaaactaatcttt			CASSFEVKGKAFF	tgtgccagcagctttgaggttaaggggaaagctttcttt	1	0	1	1	1
clonotype2726	UNK_S	1	TRAV23/DV6*01	TRAJ54*01			TRBV7-8*01	TRBJ2-2*01	CAASMRQGAQKLVF	tgtgcagcaagcatgcgtcagggagcccagaagctggtattt			CASSLAGVGELFF	tgtgccagcagcttagctggggtcggggagctgtttttt	1	0	1	1	1
clonotype2727	UNK_S	1	TRAV23/DV6*01	TRAJ44*01			TRBV5-5*01	TRBJ2-2*01	CAAGTTGTASKLTF	tgtgcagccgggaccaccggcactgccagtaaactcaccttt			CASSLGQYTGELFF	tgtgccagcagcttaggacagtacaccggggagctgtttttt	1	0	1	1	1
clonotype2728	UNK_S	1	TRAV19*01	TRAJ52*01			TRBV5-1*01	TRBJ2-1*01	CALKPSVIDAGGTSYGKLTF	tgtgctctgaagccttccgttattgatgctggtggtactagctatggaaagctgacattt			CASSGSSDFNEQFF	tgcgccagctccggcagctcggacttcaatgagcagttcttc	1	0	1	1	1
clonotype2729	UNK_S	1	TRAV29/DV5*01	TRAJ42*01			TRBV9*01	TRBJ2-1*01	CAASKHYGGSQGNLIF	tgtgcagcaagcaagcattatggaggaagccaaggaaatctcatcttt			CASSVASGYNEQFF	tgtgccagcagcgtagctagcggctacaatgagcagttcttc	1	0	1	1	1
clonotype273	UNK_S	1	TRAV12-3*01	TRAJ54*01			TRBV5-8*01	TRBJ2-3*01	CAMSRRGIQGAQKLVF	tgtgcaatgagccgaagaggaattcagggagcccagaagctggtattt			CASNSGAQYF	tgtgccagcaactccggcgcgcagtatttt	1	0	1	1	1
clonotype2730	UNK_S	1	TRAV23/DV6*01	TRAJ58*01			TRBV15*01	TRBJ2-3*01	CAASGETSGSRLTF	tgtgcagcaagcggagagaccagtggctctaggttgaccttt			CATSRPWGKDTQYF	tgtgccaccagcaggccctggggtaaagatacgcagtatttt	1	0	1	1	1
clonotype2731	UNK_S	1	TRAV29/DV5*01	TRAJ45*01			TRBV14*01	TRBJ1-2*01	CAASEYSGGGADGLTF	tgtgcagcaagcgagtattcaggaggaggtgctgacggactcaccttt			CASSREGSYGYTF	tgtgccagcagtcgcgagggtagctatggctacaccttc	1	0	1	1	1
clonotype2733	UNK_S	1	TRAV29/DV5*01	TRAJ42*01			TRBV2*01	TRBJ1-4*01	CAASGKNYGGSQGNLIF	tgtgcagcaagcgggaagaattatggaggaagccaaggaaatctcatcttt			CASRWQGYGKLFF	tgtgccagccggtggcagggctacggcaaactgtttttt	1	0	1	1	1
clonotype2734	UNK_S	1	TRAV29/DV5*01	TRAJ52*01			TRBV28*01	TRBJ2-4*01	CAASGWAGGTSYGKLTF	tgtgcagcaagcggttgggctggtggtactagctatggaaagctgacattt			CASLEWKAKNIQYF	tgtgccagcctggagtggaaggccaaaaacattcagtacttc	1	0	1	1	1
clonotype2735	UNK_S	1	TRAV29/DV5*01	TRAJ45*01			TRBV27*01	TRBJ2-5*01	CAASTQYSGGGADGLTF	tgtgcagcaagtactcagtattcaggaggaggtgctgacggactcaccttt			CASSLGLAGETQYF	tgtgccagcagtttggggctagcgggagagacccagtacttc	1	0	1	1	1
clonotype2736	UNK_S	1	TRAV23/DV6*01	TRAJ22*01			TRBV5-5*01	TRBJ1-2*01	CAASTLSGSARQLTF	tgtgcagcaagcaccctttctggttctgcaaggcaactgaccttt			CASSSGTANYGYTF	tgtgccagcagctccgggacggctaactatggctacaccttc	1	0	1	1	1
clonotype2738	UNK_S	1	TRAV23/DV6*01	TRAJ37*01			TRBV6-1*01	TRBJ2-4*01	CAASRYGSSNTGKLIF	tgtgcagcaagcagatatggctctagcaacacaggcaaactaatcttt			CASRPTGSKNIQYF	tgtgccagccgcccaacagggtccaaaaacattcagtacttc	1	0	1	1	1
clonotype2739	UNK_S	1	TRAV29/DV5*01	TRAJ28*01			TRBV9*01	TRBJ2-1*01	CAASEGSYSGAGSYQLTF	tgtgcagcaagcgaagggagttactctggggctgggagttaccaactcactttc			CASSVPGGDNEQFF	tgtgccagcagcgtgcccgggggggacaatgagcagttcttc	1	0	1	1	1
clonotype274	UNK_S	1	TRAV19*01	TRAJ57*01			TRBV29-1*01	TRBJ1-1*01	CALNRAAQGGSEKLVF	tgtgctctgaatagggcagcacagggcggatctgaaaagctggtcttt			CSARGLYTEAFF	tgcagcgccaggggattgtacactgaagctttcttt	1	0	1	1	1
clonotype2740	UNK_S	1	TRAV23/DV6*01	TRAJ21*01			TRBV10-2*01	TRBJ1-4*01	CAASSWGEIKYNFNKFYF	tgtgcagcaagctcgtggggggaaattaaatacaacttcaacaaattttacttt			CASSEFRAGEKLFF	tgcgccagcagtgaattccgggccggggaaaaactgtttttt	1	0	1	1	1
clonotype2741	UNK_S	1	TRAV6*01	TRAJ31*01			TRBV29-1*01	TRBJ2-1*01	CALIVSARLMF	tgtgctcttatcgtgagtgccagactcatgttt			CSVEDVGQGTHNEQFF	tgcagcgttgaagatgtagggcaggggacccacaatgagcagttcttc	1	0	1	1	1
clonotype2742	UNK_S	1	TRAV6*01	TRAJ16*01			TRBV7-9*01	TRBJ1-1*01	CALLDGQKLLF	tgtgctctcttagatggccagaagctgctcttt			CASSLAGGTEAFF	tgtgccagcagcttagcagggggaactgaagctttcttt	1	0	1	1	1
clonotype2743	UNK_S	1	TRAV6*01	TRAJ26*01			TRBV19*01	TRBJ1-4*01	CALRNYGQNFVF	tgtgctctccgtaactatggtcagaattttgtcttt			CATKGNPTNEKLFF	tgtgccacgaaggggaatccaactaatgaaaaactgtttttt	1	0	1	1	1
clonotype2744	UNK_S	1	TRAV6*01	TRAJ42*01			TRBV6-5*01	TRBJ1-1*01	CAPSRSQGNLIF	tgtgccccctcaagaagccaaggaaatctcatcttt			CASSYLTGDTEAFF	tgtgccagcagttacctcacaggggatactgaagctttcttt	1	0	1	1	1
clonotype2745	UNK_S	1	TRAV6*01	TRAJ9*01			TRBV6-1*01	TRBJ1-1*01	CALEGGGFKTIF	tgtgctctagagggtggaggcttcaaaactatcttt			CASSEEGFLGEAFF	tgtgccagcagtgaagaagggtttctcggtgaagctttcttt	1	0	1	1	1
clonotype2746	UNK_S	1	TRAV6*01	TRAJ49*01			TRBV12-4*01	TRBJ2-5*01	CALANTGNQFYF	tgtgctctagcgaacaccggtaaccagttctatttt			CASNTGGGQTQYF	tgtgccagcaacaccgggggagggcagacccagtacttc	1	0	1	1	1
clonotype2747	UNK_S	1	TRAV6*01	TRAJ13*01			TRBV20-1*01	TRBJ2-7*01	CALLSGGYQKVTF	tgtgctctcctttctgggggttaccagaaagttaccttt			CSARDRTSGGIYEQYF	tgcagtgctagagaccggactagcggggggatctacgagcagtacttc	1	0	1	1	1
clonotype2748	UNK_S	1	TRAV6*01	TRAJ20*01			TRBV10-3*01	TRBJ1-2*01	CALDPAGNDYKLSF	tgtgctctagatcccgcggggaacgactacaagctcagcttt			CAISPGQEEAGYTF	tgtgccatcagtccgggacaggaggaggccggctacaccttc	1	0	1	1	1
clonotype2749	UNK_S	1	TRAV6*01	TRAJ6*01			TRBV14*01	TRBJ1-2*01	CALDTLGGGSYIPTF	tgtgctctagacacccttggaggaggaagctacatacctacattt			CASSQDMAGGYTF	tgtgccagcagccaagatatggccgggggctacaccttc	1	0	1	1	1
clonotype275	UNK_S	1	TRAV8-4*01	TRAJ52*01			TRBV20-1*01	TRBJ1-4*01	CAVSEPAAGGTSYGKLTF	tgtgctgtgagtgaacctgcagctggtggtactagctatggaaagctgacattt			CSAAGINEKLFF	tgcagtgccgcagggattaatgaaaaactgtttttt	1	0	1	1	1
clonotype276	UNK_S	1	TRAV38-1*01	TRAJ54*01			TRBV20-1*01	TRBJ1-2*01	CAFLPGLNQGAQKLVF	tgtgctttcctcccagggttaaatcagggagcccagaagctggtattt			CSASGTWAGYTF	tgcagtgctagtggaacttgggctggctacaccttc	1	0	1	1	1
clonotype277	UNK_S	1	TRAV14/DV4*01	TRAJ45*01			TRBV20-1*01	TRBJ1-2*01	CAMRGDSGGGADGLTF	tgtgcaatgagaggggattcaggaggaggtgctgacggactcaccttt			CSVSTWFGGYTF	tgcagtgtttcgacctggttcgggggctacaccttc	1	0	1	1	1
clonotype280	UNK_S	1	TRAV23/DV6*01	TRAJ54*01			TRBV29-1*01	TRBJ1-2*01	CAASIGQGAQKLVF	tgtgcagcaagcataggacagggagcccagaagctggtattt			CSAKGGNYGYTF	tgcagcgccaagggagggaactatggctacaccttc	1	0	1	1	1
clonotype281	UNK_S	1	TRAV23/DV6*01	TRAJ10*01			TRBV20-1*01	TRBJ1-5*01	CAASVTFTGGGNKLTF	tgtgcagcaagcgtcaccttcacgggaggaggaaacaaactcaccttt			CSASKGNQPQHF	tgcagtgctagtaagggtaatcagccccagcatttt	1	0	1	1	1
clonotype2838	UNK_S	1	TRAV8-2*01	TRAJ4*01	TRAV1-2*01	TRAJ20*01	TRBV7-9*01	TRBJ2-2*01	CVVTGDGGYNKLIF	tgtgttgtgaccggggatggtggctacaataagctgattttt	CAPPGSF	tgtgctcccccaggcagcttt	CASSFRGFPGELFF	tgtgccagcagcttccgggggtttcccggggagctgtttttt	2	1	2	2	1
clonotype2839	UNK_S	1	TRAV4*01	TRAJ43*01	TRAV27*01	TRAJ42*01	TRBV27*01	TRBJ2-5*01	CLDNDMRF	tgcctggacaatgacatgcgcttt	CAGDLLPRNYGGSQGNLIF	tgtgcaggagatttactccccaggaattatggaggaagccaaggaaatctcatcttt	CASSLEGAESRPQYF	tgtgccagcagtttagaaggggcggaaagtaggccccagtacttc	2	1	2	2	1
clonotype2840	UNK_S	1	TRAV40*01	TRAJ33*01			TRBV28*01	TRBJ2-7*01	CLLGDSNYQLIW	tgtcttctaggggatagcaactatcagttaatctgg			CASSPSGRETYEQYV	tgtgccagcagtccctcagggcgcgaaacctacgagcagtacgtc	1	0	1	1	1
clonotype2841	UNK_S	1	TRAV40*01	TRAJ33*01			TRBV7-9*01	TRBJ2-3*01	CLLADSNYQLIW	tgtcttctggcggatagcaactatcagttaatctgg			CASSLGPYTDTQYF	tgtgccagcagcttgggcccgtacacagatacgcagtatttt	1	0	1	1	1
clonotype2842	UNK_S	1	TRAV26-1*01	TRAJ47*01	TRAV22*01	TRAJ45*01	TRBV24-1*01	TRBJ1-4*01	CIVRANKLVF	tgcatcgtcagggctaacaagctggtcttt	CAVVKYSGGGADGLTF	tgtgctgtggttaagtattcaggaggaggtgctgacggactcaccttt	CATSDLKTGVEKLFF	tgtgccaccagtgatttaaagacaggggttgaaaaactgtttttt	2	1	2	2	1
clonotype2843	UNK_S	1	TRAV26-1*01	TRAJ30*01			TRBV28*01	TRBJ2-3*01	CIVRDDKIIF	tgcatcgtcagagatgacaagatcatcttt			CASSKPGLRTDTQYF	tgtgccagcagtaaaccgggactccgcacagatacgcagtatttt	1	0	1	1	1
clonotype2844	UNK_S	1	TRAV26-2*01	TRAJ37*01	TRAV25*01	TRAJ48*01	TRBV28*01	TRBJ1-3*01	CPCNTGKLIF	tgcccttgcaacacaggcaaactaatcttt	CAGPGFGNEKLTF	tgtgcagggccagggtttggaaatgagaaattaaccttt	CASSLLSTRSNTIYF	tgtgccagcagtttactgtctacacggagtaacaccatatatttt	2	1	2	2	1
clonotype2845	UNK_S	1	TRAV9-2*01	TRAJ9*01	TRAV40*01	TRAJ34*01	TRBV5-6*01	TRBJ2-5*01	CALTMNTGGFKTIF	tgtgctctgactatgaatactggaggcttcaaaactatcttt	CLLGHINTDKLIF	tgtcttctggggcacattaacaccgacaagctcatcttt	CASSGGQGWGETQYF	tgtgccagcagcggaggacaggggtggggagagacccagtacttc	2	1	2	2	1
clonotype2846	UNK_S	1	TRAV1-2*01	TRAJ17*01	TRAV1-2*01	TRAJ33*01	TRBV5-4*01	TRBJ1-1*01	CVASPGAAGNKLTF	tgtgtcgcgtccccaggggctgcaggcaacaagctaactttt	CAVGGYQLIW	tgtgctgtggggggctatcagttaatctgg	CASSISRGGHTEAFF	tgtgccagcagcatctcccggggcgggcacactgaagctttcttt	2	1	2	2	1
clonotype2847	UNK_S	1	TRAV4*01	TRAJ23*01			TRBV4-1*01	TRBJ2-5*01	CPLEGGKLIF	tgccccttggaggggggaaagcttatcttc			CASSQTGQGSETQYF	tgcgccagcagccaaacgggacaggggtcggagacccagtacttc	1	0	1	1	1
clonotype2848	UNK_S	1	TRAV26-2*01	TRAJ43*01			TRBV4-2*01	TRBJ1-1*01	CILRDNDMRF	tgcatcctgagagacaatgacatgcgcttt			CASSQEGGPNTEAFF	tgtgccagcagccaagaaggggggccgaacactgaagctttcttt	1	0	1	1	1
clonotype2849	UNK_S	1	TRAV26-2*01	TRAJ33*01			TRBV6-2*01	TRBJ2-7*01	CILRSNYQLIW	tgcatcctgaggagcaactatcagttaatctgg			CASSSGLASSYEQYV	tgtgccagcagttccggactagcgtcctcctacgagcagtacgtc	1	0	1	1	1
clonotype2850	UNK_S	1	TRAV23/DV6*01	TRAJ5*01	TRAV1-2*01	TRAJ16*01	TRBV12-4*01	TRBJ1-4*01	CAASIGGDTGRRALTF	tgtgcagcaagcataggaggggacacgggcaggagagcacttactttt	CAVRDGQKLLF	tgtgctgtgagggatggccagaagctgctcttt	CASSLGLANEKLFF	tgtgccagcagtttgggattggctaatgaaaaactgtttttt	2	1	2	2	1
clonotype2851	UNK_S	1	TRAV1-2*01	TRAJ20*01			TRBV2*01	TRBJ2-2*01	CAFRNDYKLSF	tgtgcttttcgtaacgactacaagctcagcttt			CASRGDRGTGELFF	tgtgccagcaggggggacaggggcaccggggagctgtttttt	1	0	1	1	1
clonotype2852	UNK_S	1	TRAV1-2*01	TRAJ6*01			TRBV12-5*01	TRBJ2-5*01	CAVRGSYIPTF	tgtgctgtgaggggaagctacatacctacattt			CASGLVDKGETQYF	tgtgctagtggtttggtggacaaaggggagacccagtacttc	1	0	1	1	1
clonotype2853	UNK_S	1	TRAV26-2*01	TRAJ43*01			TRBV10-3*01	TRBJ1-4*01	CSLYNNNDMRF	tgcagcctgtacaataacaatgacatgcgcttt			CAISPGGRKDEKLFF	tgtgccatcagtccgggggggcgtaaggacgaaaaactgtttttt	1	0	1	1	1
clonotype2854	UNK_S	1	TRAV1-2*01	TRAJ24*01			TRBV27*01	TRBJ2-7*01	CAGDSWGKLQF	tgtgctggtgacagctgggggaaattgcagttt			CASRRGTGSSYEQYF	tgtgccagcaggcgagggacagggagtagctacgagcagtacttc	1	0	1	1	1
clonotype2855	UNK_S	1	TRAV8-1*01	TRAJ34*01	TRAV1-2*01	TRAJ20*01	TRBV27*01	TRBJ2-3*01	CAAYNTDKLIF	tgtgccgcttataacaccgacaagctcatcttt	CASTHDYKLSF	tgtgcttccacccacgactacaagctcagcttt	CASSLGAASTDTQYF	tgtgccagcagtttaggagctgctagcacagatacgcagtatttt	2	1	2	2	1
clonotype2856	UNK_S	1	TRAV4*01	TRAJ31*01			TRBV5-4*01	TRBJ2-3*01	CLVGNNARLMF	tgcctcgtgggcaacaatgccagactcatgttt			CASSSDRGSTDTQYF	tgtgccagcagctccgataggggaagcacagatacgcagtatttt	1	0	1	1	1
clonotype2857	UNK_S	1	TRAV16*01	TRAJ24*01	TRAV26-1*01	TRAJ40*01	TRBV5-1*01	TRBJ2-7*01	CALPDSWGKLQF	tgtgctctccctgacagctgggggaaattgcagttt	CIVKGTYKYIF	tgcatcgtcaagggaacctacaaatacatcttt	CASSSRDRGLYEQYF	tgcgccagcagctcccgggacaggggcctctacgagcagtacttc	2	1	2	2	1
clonotype2858	UNK_S	1	TRAV1-2*01	TRAJ20*01			TRBV11-3*01	TRBJ2-2*01	CAVRVDYKLSF	tgtgctgtgagagtcgactacaagctcagcttt			CASSLDGDTGELFF	tgtgccagcagcttagatggggacaccggggagctgtttttt	1	0	1	1	1
clonotype2861	UNK_S	1	TRAV10*01	TRAJ44*01	TRAV1-2*01	TRAJ29*01	TRBV19*01	TRBJ2-1*01	CVVSPPAAGTASKLTF	tgtgtggtgagccccccggcggccggcactgccagtaaactcaccttt	CAVLSGNTPLVF	tgtgctgtcctttcaggaaacacacctcttgtcttt	CASSFISGSGGEQFF	tgtgccagtagtttcattagcgggagcgggggtgagcagttcttc	2	1	2	2	1
clonotype2862	UNK_S	1	TRAV8-6*01	TRAJ12*01	TRAV4*01	TRAJ20*01	TRBV6-2*01	TRBJ2-5*01	CAVRVMDSSYKLIF	tgtgctgtgagggtgatggatagcagctataaattgatcttc	CLVGGGDYKLSF	tgcctcgtgggtgggggcgactacaagctcagcttt	CASSTTGAGKETQYF	tgtgccagcagtacgacaggggctgggaaagagacccagtacttc	2	1	2	2	1
clonotype2864	UNK_S	1	TRAV39*01	TRAJ54*01			TRBV20-1*01	TRBJ2-4*01	CAAGAQKLVF	tgtgccgcaggagcccagaagctggtattt			CSARDRGLAGGWDIQYF	tgcagtgctagagataggggactagcgggaggctgggacattcagtacttc	1	0	1	1	1
clonotype2865	UNK_S	1	TRAV27*01	TRAJ20*01			TRBV12-3*01	TRBJ2-2*01	CAGEDYKLSF	tgtgcaggagaagactacaagctcagcttt			CASSFGTGDGELFF	tgtgccagcagtttcggtacaggggacggggagctgtttttt	1	0	1	1	1
clonotype2866	UNK_S	1	TRAV26-2*01	TRAJ34*01			TRBV28*01	TRBJ1-1*01	CILGYNTDKLIF	tgcatcctgggttataacaccgacaagctcatcttt			CASSDINRVGTEAFF	tgtgccagcagcgatataaacagggtggggactgaagctttcttt	1	0	1	1	1
clonotype2868	UNK_S	1	TRAV35*01	TRAJ31*01			TRBV7-8*01	TRBJ2-3*01	CAGNNARLMF	tgtgctgggaacaatgccagactcatgttt			CASSLHRVGDTQYF	tgtgccagcagcttacacagggtgggggatacgcagtatttt	1	0	1	1	1
clonotype2870	UNK_S	1	TRAV4*01	TRAJ43*01			TRBV10-2*01	TRBJ2-3*01	CLVGEGNNDMRF	tgcctcgtgggtgagggaaacaatgacatgcgcttt			CASSQLAGVPDTQYF	tgcgccagcagccaactagcgggagtcccagatacgcagtatttt	1	0	1	1	1
clonotype2871	UNK_S	1	TRAV26-2*01	TRAJ21*01			TRBV27*01	TRBJ2-7*01	CIPIYNFNKFYF	tgcatccccatatacaacttcaacaaattttacttt			CASSYLPLGSYEQYF	tgtgccagcagttatcttccccttggctcctacgagcagtacttc	1	0	1	1	1
clonotype2873	UNK_S	1	TRAV26-2*01	TRAJ30*01			TRBV5-6*01	TRBJ1-5*01	CILRDKDDKIIF	tgcatcctgagagacaaagatgacaagatcatcttt			CASSLGPFEGQPQHF	tgtgccagcagcttgggacccttcgagggacagccccagcatttt	1	0	1	1	1
clonotype2875	UNK_S	1	TRAV4*01	TRAJ40*01			TRBV3-1*01	TRBJ2-3*01	CLVGSGTYKYIF	tgcctcgtggggtcaggaacctacaaatacatcttt			CASSQGRSGTDTQYF	tgtgccagcagccaggggcggtcgggcacagatacgcagtatttt	1	0	1	1	1
clonotype2876	UNK_S	1	TRAV1-1*01	TRAJ9*01			TRBV4-1*01	TRBJ2-3*01	CAANTGGFKTIF	tgcgctgctaatactggaggcttcaaaactatcttt			CASSQDPGSTDTQYF	tgcgccagcagccaagacccaggcagcacagatacgcagtatttt	1	0	1	1	1
clonotype2877	UNK_S	1	TRAV1-2*01	TRAJ34*01			TRBV4-1*01	TRBJ1-3*01	CAVRSYTDKLIF	tgtgctgtgagatcctacaccgacaagctcatcttt			CASSQGGSSGNTIYF	tgcgccagcagccaaggggggagctctggaaacaccatatatttt	1	0	1	1	1
clonotype2878	UNK_S	1	TRAV26-2*01	TRAJ48*01			TRBV4-1*01	TRBJ2-1*01	CTLGFGNEKLTF	tgcaccctgggctttggaaatgagaaattaaccttt			CASSHSGSSYNEQFF	tgcgccagcagccatagcggaagctcctacaatgagcagttcttc	1	0	1	1	1
clonotype2879	UNK_S	1	TRAV40*01	TRAJ44*01	TRAV29/DV5*01	TRAJ52*01	TRBV4-2*01	TRBJ1-2*01	CLLGPNTGTASKLTF	tgtcttctggggccgaataccggcactgccagtaaactcaccttt	CAASEVQAGGTSYGKLTF	tgtgcagcaagcgaggtgcaggctggtggtactagctatggaaagctgacattt	CASSQDYSLVYGYTF	tgtgccagcagccaagactacagtttggtctatggctacaccttc	2	1	2	2	1
clonotype2880	UNK_S	1	TRAV1-2*01	TRAJ13*01			TRBV9*01	TRBJ2-7*01	CAVGGGYQKVTF	tgtgctgtgggggggggttaccagaaagttaccttt			CASSSSGTGSYEQYF	tgtgccagcagctcgtccgggacagggtcctacgagcagtacttc	1	0	1	1	1
clonotype2881	UNK_S	1	TRAV26-2*01	TRAJ42*01			TRBV25-1*01	TRBJ2-3*01	CIPDGGSQGNLIF	tgcatcccggatggaggaagccaaggaaatctcatcttt			CASSASGRPPYTQYF	tgtgccagcagtgctagcgggaggcccccgtatacgcagtatttt	1	0	1	1	1
clonotype2883	UNK_S	1	TRAV22*01	TRAJ49*01			TRBV11-1*01	TRBJ2-7*01	CAVDTGNQFYF	tgtgctgtggacaccggtaaccagttctatttt			CASSSFRGSYEQYF	tgtgccagcagctctttcaggggttcctacgagcagtacttc	1	0	1	1	1
clonotype2884	UNK_S	1	TRAV22*01	TRAJ43*01			TRBV6-6*01	TRBJ2-2*01	CAVENNNDMRF	tgtgctgtggaaaataacaatgacatgcgcttt			CASSYMGWNTGELFF	tgtgccagcagttacatgggttggaacaccggggagctgtttttt	1	0	1	1	1
clonotype2885	UNK_S	1	TRAV26-2*01	TRAJ32*01			TRBV6-5*01	TRBJ2-7*01	CILGGGATNKLIF	tgcatcctggggggtggtgctacaaacaagctcatcttt			CASRTAGQAVHEQYF	tgtgccagcagaacagcgggacaggctgtccacgagcagtacttc	1	0	1	1	1
clonotype2886	UNK_S	1	TRAV26-1*01	TRAJ49*01			TRBV6-5*01	TRBJ2-2*01	CIVKGFTGNQFYF	tgcatcgtcaaggggttcaccggtaaccagttctatttt			CASSHRLSNTGELFF	tgtgccagcagccacaggttatcgaacaccggggagctgtttttt	1	0	1	1	1
clonotype2887	UNK_S	1	TRAV38-2/DV8*01	TRAJ43*01	TRAV16*01	TRAJ49*01	TRBV6-1*01	TRBJ2-1*01	CAYLPGPNNDMRF	tgtgcttatctacccgggcccaacaatgacatgcgcttt	CALVSPGNQFYF	tgtgctctagtaagccccggtaaccagttctatttt	CASSLTSGRAREQFF	tgtgccagcagtctgactagcgggagggccagagagcagttcttc	2	1	2	2	1
clonotype2888	UNK_S	1	TRAV1-2*01	TRAJ29*01			TRBV6-1*01	TRBJ2-7*01	CALENSGNTPLVF	tgtgctctcgaaaattcaggaaacacacctcttgtcttt			CASSEVQGEAYEQYV	tgtgccagcagtgaagttcagggagaagcctacgagcagtacgtc	1	0	1	1	1
clonotype2889	UNK_S	1	TRAV1-2*01	TRAJ20*01			TRBV30*01	TRBJ1-3*01	CAVRAFNDYKLSF	tgtgctgtgagagcctttaacgactacaagctcagcttt			CAWSVQMRDLSGNTIYF	tgtgcctggagtgtacaaatgcgggacctctctggaaacaccatatatttt	1	0	1	1	1
clonotype2890	UNK_S	1	TRAV26-2*01	TRAJ54*01			TRBV20-1*01	TRBJ1-1*01	CILRDSGAQKLVF	tgcatcctgagagacagcggagcccagaagctggtattt			CSNFPLMAPGPHTEAFF	tgcagcaatttcccgcttatggccccaggtccgcacactgaagctttcttt	1	0	1	1	1
clonotype2891	UNK_S	1	TRAV27*01	TRAJ11*01			TRBV20-1*01	TRBJ2-1*01	CAGGGYSTLTF	tgtgcaggaggaggatacagcaccctcaccttt			CSANSPGLALSYNEQFF	tgcagtgcaaacagtccgggactagcgctctcgtacaatgagcagttcttc	1	0	1	1	1
clonotype2892	UNK_S	1	TRAV26-2*01	TRAJ22*01			TRBV20-1*01	TRBJ1-5*01	CILFSGSARQLTF	tgcatcctgttttctggttctgcaaggcaactgaccttt			CSARDHSGQSDRQPQHF	tgcagtgctagagatcactccgggcaatcggataggcagccccagcatttt	1	0	1	1	1
clonotype2894	UNK_S	1	TRAV26-1*01	TRAJ57*01			TRBV12-5*01	TRBJ2-2*01	CIVRPGGSEKLVF	tgcatcgtcagaccgggcggatctgaaaagctggtcttt			CATSPGTGPGELFF	tgtgctacttctcccgggacagggcccggggagctgtttttt	1	0	1	1	1
clonotype2895	UNK_S	1	TRAV1-2*01	TRAJ11*01			TRBV24-1*01	TRBJ2-1*01	CAVRGSGYSTLTF	tgtgctgtgaggggatcaggatacagcaccctcaccttt			CATSYTGVQDNEQFF	tgtgccaccagttacacgggagtacaagacaatgagcagttcttc	1	0	1	1	1
clonotype2896	UNK_S	1	TRAV41*01	TRAJ53*01	TRAV26-1*01	TRAJ23*01	TRBV28*01	TRBJ1-5*01	CAGGYKLTF	tgtgctggtggttataaactgacattt	CIAIFRGYDQGGKLIF	tgcatcgccatattcagggggtatgaccagggaggaaagcttatcttc	CASSPQGLLNQPQHF	tgtgccagcagcccccagggacttctcaatcagccccagcatttt	2	1	2	2	1
clonotype2897	UNK_S	1	TRAV26-2*01	TRAJ29*01			TRBV28*01	TRBJ1-5*01	CILTNSGNTPLVF	tgcatcctgacgaattcaggaaacacacctcttgtcttt			CASSPHGGGNQPQHF	tgtgccagcagtccccatggcgggggcaatcagccccagcatttt	1	0	1	1	1
clonotype2898	UNK_S	1	TRAV26-2*01	TRAJ39*01			TRBV10-3*01	TRBJ2-7*01	CILGNNAGNMLTF	tgcatcctggggaataatgcaggcaacatgctcaccttt			CAISLAGRGSYEQYF	tgtgccatcagtctagcggggcggggctcctacgagcagtacttc	1	0	1	1	1
clonotype2899	UNK_S	1	TRAV1-2*01	TRAJ12*01			TRBV7-9*01	TRBJ1-6*01	CAVRMDSSYKLIF	tgtgctgtgaggatggatagcagctataaattgatcttc			CASSGGDNNSPLHF	tgtgccagcagcggtggagataataattcacccctccacttt	1	0	1	1	1
clonotype29	UNK_S	3	TRAV4*01	TRAJ4*01	TRAV13-2*01	TRAJ35*01	TRBV12-3*01	TRBJ2-4*01	CLVGDPLSPGGYNKLIF	tgcctcgtgggtgaccccctttcgcctggtggctacaataagctgattttt	CAEPAPFGNVLHC	tgtgcagagccggccccctttgggaatgtgctgcattgc	CASTLSPDRGNIQYF	tgtgccagcaccctctccccagacaggggaaacattcagtacttc	4	3	6	2	1
clonotype2900	UNK_S	1	TRAV1-1*01	TRAJ37*01			TRBV7-9*01	TRBJ2-3*01	CAVYTSNTGKLIF	tgcgctgtgtatactagcaacacaggcaaactaatcttt			CAIMTSGHTDTQYF	tgtgccataatgactagcgggcacacagatacgcagtatttt	1	0	1	1	1
clonotype2901	UNK_S	1	TRAV9-2*01	TRAJ42*01	TRAV4*01	TRAJ31*01	TRBV7-3*01	TRBJ1-1*01	CALWAGGGSQGNLIF	tgtgctctgtgggcagggggaggaagccaaggaaatctcatcttt	CLVGDIRNARLMF	tgcctcgtgggtgacatccgcaatgccagactcatgttt	CASSLRGESTEAFF	tgtgccagcagcttaaggggggagagcactgaagctttcttt	2	1	2	2	1
clonotype2902	UNK_S	1	TRAV1-2*01	TRAJ4*01			TRBV11-2*01	TRBJ2-7*01	CAAFSGGYNKLIF	tgtgctgctttttctggtggctacaataagctgattttt			CASSSGQASYEQYF	tgtgccagcagctcaggacaggcgtcctacgagcagtacttc	1	0	1	1	1
clonotype2903	UNK_S	1	TRAV26-2*01	TRAJ34*01			TRBV7-8*01	TRBJ1-5*01	CILRDLNTDKLIF	tgcatcctgagagacctaaacaccgacaagctcatcttt			CASSLEIFNQPQHF	tgtgccagcagcttagagattttcaatcagccccagcatttt	1	0	1	1	1
clonotype2904	UNK_S	1	TRAV27*01	TRAJ20*01			TRBV27*01	TRBJ1-4*01	CASPWDYKLSF	tgtgcatcaccttgggattacaagctcagcttt			CASSLRTDPNEKLFF	tgtgccagcagtcttcggacagatccaaatgaaaaactgtttttt	1	0	1	1	1
clonotype2905	UNK_S	1	TRAV1-2*01	TRAJ6*01			TRBV5-4*01	TRBJ2-1*01	CAVRDGGSYIPTF	tgtgctgtgagagatgggggaagctacatacctacattt			CASSLRSGTNNEQFF	tgtgccagcagcctacgtagcgggaccaacaatgagcagttcttc	1	0	1	1	1
clonotype2906	UNK_S	1	TRAV26-1*01	TRAJ43*01			TRBV5-4*01	TRBJ1-6*01	CIVRVESNNDMRF	tgcatcgtcagagtcgagagtaacaatgacatgcgcttt			CASSSSGIYNSPLHF	tgtgccagcagctcgtcagggatttataattcacccctccacttt	1	0	1	1	1
clonotype2907	UNK_S	1	TRAV26-2*01	TRAJ43*01			TRBV5-4*01	TRBJ2-5*01	CILSLSLWNDMRF	tgcatcctgagtttaagtttatggaatgacatgcgcttt			CASSLLDLGTETQYF	tgtgccagcagcttgcttgatttgggcacagagacccagtacttc	1	0	1	1	1
clonotype2908	UNK_S	1	TRAV12-2*01	TRAJ8*01	TRAV4*01	TRAJ26*01	TRBV5-4*01	TRBJ1-1*01	CAVNRGNTGFQKLVF	tgtgccgtgaacagagggaacacaggctttcagaaacttgtattt	CLVGDPGGQNFVF	tgcctcgtgggtgacccgggagggcagaattttgtcttt	CASSLGVMLNTEAFF	tgtgccagcagcttgggggtgatgctgaacactgaagctttcttt	2	1	2	2	1
clonotype2910	UNK_S	1	TRAV1-2*01	TRAJ5*01			TRBV5-1*01	TRBJ1-1*01	CARVDTGRRALTF	tgtgctagggtggacacgggcaggagagcacttactttt			CASTAPGLPNTEAFF	tgcgccagcaccgcccctggactcccgaacactgaagctttcttt	1	0	1	1	1
clonotype2911	UNK_S	1	TRAV26-2*01	TRAJ41*01			TRBV5-1*01	TRBJ2-3*01	CILNSNSGYALNF	tgcatcctgaactcaaattccgggtatgcactcaacttc			CASSFRQIHTDTQYF	tgcgccagcagctttagacagattcacacagatacgcagtatttt	1	0	1	1	1
clonotype2912	UNK_S	1	TRAV16*01	TRAJ26*01			TRBV3-1*01	TRBJ2-7*01	CALGSLGQNFVF	tgtgctctggggtcccttggtcagaattttgtcttt			CASSQGGALVDEQYF	tgtgccagcagccaagggggggccctagtagacgagcagtacttc	1	0	1	1	1
clonotype2913	UNK_S	1	TRAV35*01	TRAJ49*01			TRBV3-1*01	TRBJ2-7*01	CAGITGNQFYF	tgtgctggtatcaccggtaaccagttctatttt			CASSQWGGQSYEQYF	tgtgccagcagccaatggggcgggcaatcctacgagcagtacttc	1	0	1	1	1
clonotype2914	UNK_S	1	TRAV1-2*01	TRAJ31*01			TRBV4-1*01	TRBJ2-1*01	CAVRDSNNARLMF	tgtgctgtgagagatagtaacaatgccagactcatgttt			CASSQEGGVYNEQFF	tgcgccagcagccaagagggcggagtctacaatgagcagttcttc	1	0	1	1	1
clonotype2915	UNK_S	1	TRAV26-1*01	TRAJ50*01			TRBV4-3*01	TRBJ2-2*01	CIVKKTSYDKVIF	tgcatcgtcaagaaaacctcctacgacaaggtgatattt			CASSQLPDRSGELFF	tgcgccagcagccaactgcccgacaggagcggggagctgtttttt	1	0	1	1	1
clonotype2916	UNK_S	1	TRAV10*01	TRAJ6*01	TRAV1-1*01	TRAJ31*01	TRBV25-1*01	TRBJ2-1*01	CVVSPGLGGGSYIPTF	tgtgtggtgagcccgggcctcgggggaggaagctacatacctacattt	CAVRDRNNNARLMF	tgcgctgtgagagataggaataacaatgccagactcatgttt	CASSVLRTAYNEQFF	tgtgccagcagtgtgttaaggacagcttacaatgagcagttcttc	2	1	2	2	1
clonotype2917	UNK_S	1	TRAV4*01	TRAJ13*01			TRBV6-4*01	TRBJ2-1*01	CLVGEGGGYQKVTF	tgcctcgtgggtgaaggtgggggttaccagaaagttaccttt			CASSGRVGRDNEQFF	tgtgccagcagtggtagagtcgggagggacaatgagcagttcttc	1	0	1	1	1
clonotype2918	UNK_S	1	TRAV4*01	TRAJ4*01	TRAV1-1*01	TRAJ31*01	TRBV19*01	TRBJ2-3*01	CLARDVSGGYNKLIF	tgcctcgcgcgcgacgtttctggtggctacaataagctgattttt	CAVRDSANNARLMF	tgcgctgtgagagattcagctaacaatgccagactcatgttt	CATCGGTSGTDTQYF	tgtgccacctgcggggggactagcgggacagatacgcagtatttt	2	1	2	2	1
clonotype2919	UNK_S	1	TRAV27*01	TRAJ37*01	TRAV21*01	TRAJ53*01	TRBV19*01	TRBJ2-1*01	CAVTSNTGKLIF	tgtgcagttactagcaacacaggcaaactaatcttt	CAVSNSGGSNYKLTF	tgtgctgtgtcgaatagtggaggtagcaactataaactgacattt	CASSRGAVMGGEQFF	tgtgccagtagtaggggagcggtaatgggtggtgagcagttcttc	2	1	2	2	1
clonotype2920	UNK_S	1	TRAV27*01	TRAJ23*01			TRBV19*01	TRBJ2-7*01	CAGGRQGGKLIF	tgtgcaggaggccgccagggaggaaagcttatcttc			CASSIGTGGVYEQYF	tgtgccagtagtatagggacagggggcgtctacgagcagtacttc	1	0	1	1	1
clonotype2921	UNK_S	1	TRAV8-2*01	TRAJ10*01	TRAV1-1*01	TRAJ12*01	TRBV19*01	TRBJ2-4*01	CVVSTGGGNKLTF	tgtgttgtgtcaacgggaggaggaaacaaactcaccttt	CAVREGDSSYKLIF	tgcgctgtgagagagggggatagcagctataaattgatcttc	CASSMNDFGKNIQYF	tgtgccagtagtatgaatgactttggcaaaaacattcagtacttc	2	1	2	2	1
clonotype2923	UNK_S	1	TRAV26-2*01	TRAJ41*01			TRBV6-5*01	TRBJ2-2*01	CILRDSNSGYALNF	tgcatcctgagagactcaaattccgggtatgcactcaacttc			CASTTLSAGTGELFF	tgtgccagcaccactctctcggcgggaaccggggagctgtttttt	1	0	1	1	1
clonotype2924	UNK_S	1	TRAV9-2*01	TRAJ23*01	TRAV23/DV6*01	TRAJ18*01	TRBV6-1*01	TRBJ2-2*01	CARRGGKLIF	tgtgcccggcggggaggaaagcttatcttc	CAARSIGRGSTLGRLYF	tgtgcagcaagaagcatcggcagaggctcaaccctggggaggctatacttt	CASRVYQGLPGELFF	tgtgccagcagggtataccagggattgcccggggagctgtttttt	2	1	2	2	1
clonotype2925	UNK_S	1	TRAV26-2*01	TRAJ37*01			TRBV6-1*01	TRBJ2-1*01	CILSSPSNTGKLIF	tgcatcctgagttcgcctagcaacacaggcaaactaatcttt			CASSEGGRSYNEQFF	tgtgccagcagtgagggagggcgctcctacaatgagcagttcttc	1	0	1	1	1
clonotype2926	UNK_S	1	TRAV27*01	TRAJ20*01			TRBV6-1*01	TRBJ1-2*01	CAGASVDYKLSF	tgtgcaggagcttcggtcgactacaagctcagcttt			CASSAGGGFSYGYTF	tgtgccagcagtgccgggggcggctttagctatggctacaccttc	1	0	1	1	1
clonotype2927	UNK_S	1	TRAV4*01	TRAJ41*01			TRBV6-2*01	TRBJ2-1*01	CLVAPENSGYALNF	tgcctcgtggccccagagaattccgggtatgcactcaacttc			CASSYSTSGSDEQFF	tgtgccagcagttactcgactagcgggagtgatgagcagttcttc	1	0	1	1	1
clonotype2928	UNK_S	1	TRAV39*01	TRAJ43*01			TRBV6-2*01	TRBJ2-6*01	CAVDILSNDMRF	tgtgccgtggacattctgagcaatgacatgcgcttt			CASSFWEAGANVLTF	tgtgccagcagtttttgggaggctggggccaacgtcctgactttc	1	0	1	1	1
clonotype2929	UNK_S	1	TRAV1-1*01	TRAJ28*01			TRBV6-2*01	TRBJ1-1*01	CAAYSGAGSYQLTF	tgcgctgcttactctggggctgggagttaccaactcactttc			CASRGGRHMNTEAFF	tgtgccagcagggggggacggcacatgaacactgaagctttcttt	1	0	1	1	1
clonotype2930	UNK_S	1	TRAV4*01	TRAJ8*01			TRBV6-2*01	TRBJ1-2*01	CLVAPNTGFQKLVF	tgcctcgtggcccccaacacaggctttcagaaacttgtattt			CASSYSTGSGYGYTF	tgtgccagcagttactcgacagggtctggctatggctacaccttc	1	0	1	1	1
clonotype2932	UNK_S	1	TRAV22*01	TRAJ54*01			TRBV18*01	TRBJ2-7*01	CAEIQGAQKLVF	tgtgctgaaattcagggagcccagaagctggtattt			CASSQDRVRYEQYF	tgtgccagctcacaggacagggtgaggtacgagcagtacttc	1	0	1	1	1
clonotype2933	UNK_S	1	TRAV26-1*01	TRAJ53*01	TRAV35*01	TRAJ54*01	TRBV18*01	TRBJ2-1*01	CIVRVPARSGGSNYKLTF	tgcatcgtcagagtcccggctcggagtggaggtagcaactataaactgacattt	CAGMQGAQKLVF	tgtgctgggatgcagggagcccagaagctggtattt	CASSAGLADNEQFF	tgtgccagctccgccggactagccgacaatgagcagttcttc	2	1	2	2	1
clonotype2934	UNK_S	1	TRAV26-1*01	TRAJ11*01	TRAV19*01	TRAJ23*01	TRBV12-3*01	TRBJ2-5*01	CIVKKGAGYSTLTF	tgcatcgtcaaaaagggcgcaggatacagcaccctcaccttt	CALPFYNQGGKLIF	tgtgctctgcctttttataaccagggaggaaagcttatcttc	CASRSGTYQETQYF	tgtgccagcaggagtgggacttaccaagagacccagtacttc	2	1	2	2	1
clonotype2935	UNK_S	1	TRAV25*01	TRAJ49*01			TRBV12-3*01	TRBJ1-4*01	CAGRLTGNQFYF	tgtgcaggccgccttaccggtaaccagttctatttt			CASRRLGVNEKLFF	tgtgccagcaggcgcctgggggtaaatgaaaaactgtttttt	1	0	1	1	1
clonotype2936	UNK_S	1	TRAV22*01	TRAJ6*01	TRAV2*01	TRAJ42*01	TRBV12-3*01	TRBJ2-7*01	CAVNEGSYIPTF	tgtgctgtgaacgaaggaagctacatacctacattt	CAVGYDYGGSQGNLIF	tgtgctgtgggttatgattatggaggaagccaaggaaatctcatcttt	CASSLSAGGGEQYV	tgtgccagcagtttgtccgccgggggaggggagcagtacgtc	2	1	2	2	1
clonotype2937	UNK_S	1	TRAV1-2*01	TRAJ8*01			TRBV2*01	TRBJ2-2*01	CASVVNTGFQKLVF	tgtgcttcggtagtgaacacaggctttcagaaacttgtattt			CASSEVQNTGELFF	tgtgccagcagtgaagtacagaacaccggggagctgtttttt	1	0	1	1	1
clonotype2939	UNK_S	1	TRAV8-3*01	TRAJ40*01	TRAV25*01	TRAJ43*01	TRBV2*01	TRBJ2-1*01	CAVAPAGTYKYIF	tgtgctgtggccccggcaggaacctacaaatacatcttt	CAGWGNNNDMRF	tgtgcagggtggggcaataacaatgacatgcgcttt	CASSSDRVGNEQFF	tgtgccagcagttcggacagggtggggaatgagcagttcttc	2	1	2	2	1
clonotype2941	UNK_S	1	TRAV4*01	TRAJ29*01			TRBV2*01	TRBJ2-3*01	CLVGDRSGNTPLVF	tgcctcgtgggtgatcgatcaggaaacacacctcttgtcttt			CAGESGRAPDTQYF	tgtgccggggagagcgggagggccccagatacgcagtatttt	1	0	1	1	1
clonotype2942	UNK_S	1	TRAV35*01	TRAJ21*01			TRBV24-1*01	TRBJ2-1*01	CAGGYNFNKFYF	tgtgctgggggatacaacttcaacaaattttacttt			CATSDSGTRSDEQFF	tgtgccaccagtgactccgggacccgatcggatgagcagttcttc	1	0	1	1	1
clonotype2943	UNK_S	1	TRAV26-2*01	TRAJ41*01			TRBV28*01	TRBJ1-4*01	CILRDSNSGYALNF	tgcatcctgagagactcaaattccgggtatgcactcaacttc			CASRAAGLDNEKLFF	tgtgccagcagggcggcgggtctcgataatgaaaaactgtttttt	1	0	1	1	1
clonotype2944	UNK_S	1	TRAV21*01	TRAJ21*01			TRBV28*01	TRBJ2-6*01	CASNFNKFYF	tgtgcttccaacttcaacaaattttacttt			CASSHLPSGANVLTF	tgtgccagcagtcaccttccatctggggccaacgtcctgactttc	1	0	1	1	1
clonotype2945	UNK_S	1	TRAV26-1*01	TRAJ32*01			TRBV28*01	TRBJ1-4*01	CIVRVGGATNKLIF	tgcatcgtcagagtcggtggtgctacaaacaagctcatcttt			CASSGPTGLQEKLFF	tgtgccagcagtggcccgacagggctgcaggaaaaactgtttttt	1	0	1	1	1
clonotype2946	UNK_S	1	TRAV26-2*01	TRAJ33*01			TRBV28*01	TRBJ2-7*01	CILRDSDSNYQLIW	tgcatcctgagagactccgatagcaactatcagttaatctgg			CASSLRGGGRDEQYF	tgtgccagcagtttaaggggagggggcagggacgagcagtacttc	1	0	1	1	1
clonotype2947	UNK_S	1	TRAV4*01	TRAJ8*01			TRBV7-9*01	TRBJ2-3*01	CLVEGNTGFQKLVF	tgcctcgtggaggggaacacaggctttcagaaacttgtattt			CASLGLADTDTQYF	tgtgccagcctgggactagctgacacagatacgcagtatttt	1	0	1	1	1
clonotype2948	UNK_S	1	TRAV1-1*01	TRAJ21*01			TRBV7-9*01	TRBJ2-7*01	CAVREGDNFNKFYF	tgcgctgtgagagagggggacaacttcaacaaattttacttt			CASSLEAGEDEQYF	tgtgccagcagcttagaggcaggggaggacgagcagtacttc	1	0	1	1	1
clonotype2949	UNK_S	1	TRAV25*01	TRAJ47*01			TRBV7-9*01	TRBJ1-1*01	CAGMEYGNKLVF	tgtgcaggtatggaatatggaaacaagctggtcttt			CASSLGQGRTEAFF	tgtgccagcagcttgggacaggggagaactgaagctttcttt	1	0	1	1	1
clonotype2950	UNK_S	1	TRAV21*01	TRAJ16*01			TRBV7-3*01	TRBJ1-1*01	CAVNGQKLLF	tgtgctgtaaatggccagaagctgctcttt			CASSSGTGNTEAFF	tgtgccagcagctcagggacagggaacactgaagctttcttt	1	0	1	1	1
clonotype2951	UNK_S	1	TRAV26-2*01	TRAJ23*01			TRBV11-2*01	TRBJ2-1*01	CILRLNNQGGKLIF	tgcatcctgagattgaataaccagggaggaaagcttatcttc			CASSHRGSYNEQFF	tgtgccagcagccaccggggttcctacaatgagcagttcttc	1	0	1	1	1
clonotype2952	UNK_S	1	TRAV13-1*01	TRAJ45*01	TRAV22*01	TRAJ27*01	TRBV11-2*01	TRBJ2-2*01	CPTGGGADGLTF	tgccctacggggggaggtgctgacggactcaccttt	CAVLNNAGKSTF	tgtgctgtccttaacaatgcaggcaaatcaaccttt	CASSSPMMGGELFF	tgtgccagcagctcaccgatgatgggcggggagctgtttttt	2	1	2	2	1
clonotype2953	UNK_S	1	TRAV16*01	TRAJ24*01	TRAV41*01	TRAJ17*01	TRBV7-8*01	TRBJ2-7*01	CALMADSWGKLQF	tgtgctctaatggccgacagctgggggaaattgcagttt	CAACLMIKAAGNKLTF	tgtgctgcctgtcttatgatcaaagctgcaggcaacaagctaactttt	CASSRDIGFSAQYV	tgtgccagcagcagagacatagggttttcggcgcagtacgtc	2	1	2	2	1
clonotype2956	UNK_S	1	TRAV26-1*01	TRAJ13*01			TRBV7-2*01	TRBJ1-1*01	CIVRVAEGYQKVTF	tgcatcgtcagagtcgcggagggttaccagaaagttaccttt			CASSVGRGNTEAFF	tgtgccagcagcgtgggacggggaaacactgaagctttcttt	1	0	1	1	1
clonotype2957	UNK_S	1	TRAV13-1*01	TRAJ43*01			TRBV7-2*01	TRBJ2-2*01	CAASIGDMRF	tgtgcagcaagtatcggtgacatgcgcttt			CASSVGRWDGELFF	tgtgccagcagcgtgggcaggtgggacggggagctgtttttt	1	0	1	1	1
clonotype2958	UNK_S	1	TRAV4*01	TRAJ12*01			TRBV10-2*01	TRBJ1-5*01	CLVGPMDSSYKLIF	tgcctcgtgggtcccatggatagcagctataaattgatcttc			CASSGREGSNQPQHF	tgcgccagcagtggtagggagggtagcaatcagccccagcatttt	1	0	1	1	1
clonotype2959	UNK_S	1	TRAV25*01	TRAJ23*01			TRBV27*01	TRBJ2-1*01	CNPNNQGGKLIF	tgtaatcctaataaccagggaggaaagcttatcttc			CASSWGQSSYNEQFF	tgtgccagcagttggggacagagctcctacaatgagcagttcttc	1	0	1	1	1
clonotype296	UNK_S	1	TRAV26-2*01	TRAJ43*01			TRBV20-1*01	TRBJ2-1*01	CIQGYGMRF	tgcatccaggggtacggcatgcgcttt			CSAETVPYNEQFF	tgcagtgccgagacggttccctacaatgagcagttcttc	1	0	1	1	1
clonotype2960	UNK_S	1	TRAV26-2*01	TRAJ40*01			TRBV27*01	TRBJ2-7*01	CILRRSSGTYKYIF	tgcatcctgaggaggtcctcaggaacctacaaatacatcttt			CASSWGQGASYEQYF	tgtgccagcagttggggacagggggcttcctacgagcagtacttc	1	0	1	1	1
clonotype2961	UNK_S	1	TRAV17*01	TRAJ3*01	TRAV4*01	TRAJ4*01	TRBV27*01	TRBJ2-4*01	CATEVETARSSASKIIF	tgtgctacggaagtagaaacggcccgcagcagtgcttccaagataatcttt	CLVAPLSGYNKLIF	tgcctcgtggctcccttaagtggctacaataagctgattttt	CASSLGGQGRNIQYF	tgtgccagcagtttaggcggacagggaagaaacattcagtacttc	2	1	2	2	1
clonotype2962	UNK_S	1	TRAV3*01	TRAJ35*01	TRAV1-2*01	TRAJ32*01	TRBV27*01	TRBJ2-5*01	CAVRDGIGFGNVLHC	tgtgctgtgagagacggtataggctttgggaatgtgctgcattgc	CAVSALGATNKLIF	tgtgctgtgagtgctttaggtgctacaaacaagctcatcttt	CASSLFGTDQETQYF	tgtgccagcagtttattcgggacggaccaagagacccagtacttc	2	1	2	2	1
clonotype2963	UNK_S	1	TRAV20*01	TRAJ16*01	TRAV38-1*01	TRAJ32*01	TRBV27*01	TRBJ2-4*01	CAVDGQKLLF	tgtgctgtggatggccagaagctgctcttt	CAFMKLFPGGATNKLIF	tgtgctttcatgaagcttttccccggtggtgctacaaacaagctcatcttt	CASSFGFGGSDIQYF	tgtgccagcagttttgggttcggggggtcggacattcagtacttc	2	1	2	2	1
clonotype2964	UNK_S	1	TRAV25*01	TRAJ48*01			TRBV5-6*01	TRBJ1-2*01	CAGIFGNEKLTF	tgtgcagggatctttggaaatgagaaattaaccttt			CASSLGAPKAYGYTF	tgtgccagcagcttgggagcaccaaaagcctatggctacaccttc	1	0	1	1	1
clonotype2965	UNK_S	1	TRAV1-2*01	TRAJ15*01			TRBV5-6*01	TRBJ1-5*01	CATPLNQAGTALIF	tgtgccacaccgttgaaccaggcaggaactgctctgatcttt			CASSTPREGNQPQHF	tgtgccagcagcaccccgagggagggcaatcagccccagcatttt	1	0	1	1	1
clonotype2966	UNK_S	1	TRAV16*01	TRAJ17*01	TRAV9-2*01	TRAJ15*01	TRBV5-6*01	TRBJ2-7*01	CALPKAAGNKLTF	tgtgctctccccaaagctgcaggcaacaagctaactttt	CALLPRKAGTALIF	tgtgctctcctacctcggaaggcaggaactgctctgatcttt	CASSFRDRGSYEQYV	tgtgccagcagcttccgggacaggggatcctacgagcagtacgtc	2	1	2	2	1
clonotype2967	UNK_S	1	TRAV27*01	TRAJ49*01	TRAV8-4*01	TRAJ48*01	TRBV5-4*01	TRBJ1-2*01	CAGANTGNQFYF	tgtgcaggagcgaacaccggtaaccagttctatttt	CAVMNFGNEKLTF	tgtgctgttatgaactttggaaatgagaaattaaccttt	CASSPDRGALYGYTF	tgtgccagcagcccagacaggggagccttgtatggctacaccttc	2	1	2	2	1
clonotype2968	UNK_S	1	TRAV39*01	TRAJ40*01			TRBV5-1*01	TRBJ1-4*01	CAVQLGTYKYIF	tgtgccgtgcaactgggaacctacaaatacatcttt			CASSPFGQGGEKLFF	tgcgccagcagcccattcggacaggggggtgaaaaactgtttttt	1	0	1	1	1
clonotype297	UNK_S	1	TRAV26-1*01	TRAJ11*01			TRBV20-1*01	TRBJ2-4*01	CMPGYSTLTF	tgcatgccaggatacagcaccctcaccttt			CSALSGRADIQYF	tgcagtgcccttagcgggagagcggacattcagtacttc	1	0	1	1	1
clonotype2970	UNK_S	1	TRAV27*01	TRAJ16*01			TRBV5-1*01	TRBJ1-2*01	CAGVRDGQKLLF	tgtgcaggagtgcgagatggccagaagctgctcttt			CASSLSTGGVRGYTF	tgcgccagcagcttgtcgacagggggcgtccggggctacaccttc	1	0	1	1	1
clonotype2972	UNK_S	1	TRAV14/DV4*01	TRAJ45*01	TRAV26-1*01	TRAJ41*01	TRBV12-4*01	TRBJ1-2*01	CAMREGRGYSGGGADGLTF	tgtgcaatgagagagggccgggggtattcaggaggaggtgctgacggactcaccttt	CIVRVGDSGYALNF	tgcatcgtcagagtcggggattccgggtatgcactcaacttc	CASSSQIGGYGYTF	tgtgccagcagctcccagatagggggctatggctacaccttc	2	1	2	2	1
clonotype2973	UNK_S	1	TRAV16*01	TRAJ3*01	TRAV17*01	TRAJ5*01	TRBV12-4*01	TRBJ2-5*01	CALKSVRASKIIF	tgtgctctaaagtcagttagagcttccaagataatcttt	CAPSNTGRRALTF	tgtgctcccagtaacacgggcaggagagcacttactttt	CASSLSGQGETQYF	tgtgccagcagtttatccggacagggcgagacccagtacttc	2	1	2	2	1
clonotype2974	UNK_S	1	TRAV41*01	TRAJ43*01			TRBV12-4*01	TRBJ2-1*01	CAVGSNDMRF	tgtgctgtcggaagcaatgacatgcgcttt			CAGSRGSSYNEQFF	tgtgccggctcccgggggagctcctacaatgagcagttcttc	1	0	1	1	1
clonotype2975	UNK_S	1	TRAV1-2*01	TRAJ39*01			TRBV3-1*01	TRBJ2-7*01	CAVRDDNAGNMLTF	tgtgctgtgagagatgacaatgcaggcaacatgctcaccttt			CASSQDSGSSYEQYF	tgtgccagcagccaagattccgggagctcctacgagcagtacttc	1	0	1	1	1
clonotype2976	UNK_S	1	TRAV4*01	TRAJ10*01			TRBV3-1*01	TRBJ2-2*01	CLVGATGGGNKLTF	tgcctcgtgggtgcaacgggaggaggaaacaaactcaccttt			CASSQGTGYAGELFF	tgtgccagcagccaagggacagggtacgccggggagctgtttttt	1	0	1	1	1
clonotype2977	UNK_S	1	TRAV39*01	TRAJ54*01			TRBV3-1*01	TRBJ2-5*01	CAVDLGAQKLVF	tgtgccgtggacttgggagcccagaagctggtattt			CASSPRFGTLSAQYF	tgtgccagcagcccacgtttcgggaccttgtcggcacagtacttc	1	0	1	1	1
clonotype2978	UNK_S	1	TRAV26-2*01	TRAJ41*01			TRBV3-1*01	TRBJ2-1*01	CILRALNSGYALNF	tgcatcctgagagcccttaattccgggtatgcactcaacttc			CASSPSGGSYNEQFF	tgtgccagcagcccgtcgggaggatcctacaatgagcagttcttc	1	0	1	1	1
clonotype2979	UNK_S	1	TRAV22*01	TRAJ5*01			TRBV4-1*01	TRBJ2-1*01	CAVDTGRRALTF	tgtgctgtcgacacgggcaggagagcacttactttt			CASSQDRAGVYEQFF	tgcgccagcagccaagatagagcgggagtctatgagcagttcttc	1	0	1	1	1
clonotype298	UNK_S	1	TRAV26-2*01	TRAJ37*01			TRBV6-2*01	TRBJ2-1*01	CILSSNTGKLIF	tgcatcctatctagcaacacaggcaaactaatcttt			CASRELDEQFF	tgtgccagcagagaactagatgagcagttcttc	1	0	1	1	1
clonotype2980	UNK_S	1	TRAV17*01	TRAJ24*01			TRBV4-1*01	TRBJ1-6*01	CACSWGKLQF	tgtgcatgttcctgggggaaattgcagttt			CASSQDWAGNSPLHF	tgcgccagcagccaagattgggcgggaaattcacccctccacttt	1	0	1	1	1
clonotype2981	UNK_S	1	TRAV27*01	TRAJ33*01			TRBV4-2*01	TRBJ2-3*01	CAGGGSNYQLIW	tgtgcaggaggagggagcaactatcagttaatctgg			CASSQDGVRGDTQYF	tgtgccagcagccaagatggagtcaggggggatacgcagtatttt	1	0	1	1	1
clonotype2982	UNK_S	1	TRAV1-2*01	TRAJ17*01			TRBV4-2*01	TRBJ2-7*01	CAVRDQAAGNKLTF	tgtgctgtgagagatcaggctgcaggcaacaagctaactttt			CASSQGGLAGREQYF	tgtgccagcagccaagggggactagcgggcagggagcagtacttc	1	0	1	1	1
clonotype2983	UNK_S	1	TRAV16*01	TRAJ3*01	TRAV8-6*01	TRAJ4*01	TRBV9*01	TRBJ2-3*01	CALWNSSASKIIF	tgtgctctatggaacagcagtgcttccaagataatcttt	CAVSFFSGGYNKLIF	tgtgctgtgagtttcttttctggtggctacaataagctgattttt	CASSLPGQGADTQYF	tgtgccagcagcctcccgggacagggcgcagatacgcagtatttt	2	1	2	2	1
clonotype2984	UNK_S	1	TRAV27*01	TRAJ26*01			TRBV9*01	TRBJ2-1*01	CAADNYGQNFVF	tgtgcggccgataactatggtcagaattttgtcttt			CASSVVPGGKSEQFF	tgtgccagcagcgtagtaccagggggcaagagtgagcagttcttc	1	0	1	1	1
clonotype2985	UNK_S	1	TRAV16*01	TRAJ20*01	TRAV13-1*01	TRAJ20*01	TRBV9*01	TRBJ2-3*01	CALIRSGDYKLSF	tgtgctctaattcggtcgggcgactacaagctcagcttt	CAASKDDYKLSF	tgtgcagcaagtaaagacgactacaagctcagcttt	CASSVGGAGSDTQYF	tgtgccagcagcgtcgggggggcgggttcggatacgcagtatttt	2	1	2	2	1
clonotype2986	UNK_S	1	TRAV26-2*01	TRAJ53*01	TRAV26-2*01	TRAJ32*01	TRBV15*01	TRBJ1-4*01	CILRDMGSNYKLTF	tgcatcctgagagacatgggtagcaactataaactgacattt	CILRDGPNGATNKLIF	tgcatcctgagagacggcccaaacggtgctacaaacaagctcatcttt	CATSRDPATNEKLFF	tgtgccaccagcagagacccggcaactaatgaaaaactgtttttt	2	1	2	2	1
clonotype2987	UNK_S	1	TRAV27*01	TRAJ26*01			TRBV6-4*01	TRBJ1-1*01	CAGPDNYGQNFVF	tgtgcaggaccagataactatggtcagaattttgtcttt			CASKSKQGLNTEAFF	tgtgccagcaagtcaaaacagggactgaacactgaagctttcttt	1	0	1	1	1
clonotype2988	UNK_S	1	TRAV25*01	TRAJ12*01			TRBV19*01	TRBJ2-5*01	CAGWMDSSYKLIF	tgtgcagggtggatggatagcagctataaattgatcttc			CASSPSEAAEETQYF	tgtgccagtagcccttctgaggcggcagaagagacccagtacttc	1	0	1	1	1
clonotype2989	UNK_S	1	TRAV35*01	TRAJ22*01			TRBV19*01	TRBJ2-1*01	CAGQWGSARQLTF	tgtgctgggcagtggggttctgcaaggcaactgaccttt			CASSIVQGGYNEQFF	tgtgccagtagtatagtccaggggggatacaatgagcagttcttc	1	0	1	1	1
clonotype299	UNK_S	1	TRAV1-2*01	TRAJ16*01			TRBV29-1*01	TRBJ2-1*01	CAVRDRGQKLLF	tgtgctgtgagagatcggggccagaagctgctcttt			CSVLGTVSNEQFF	tgcagcgtgttaggaacagtgagcaatgagcagttcttc	1	0	1	1	1
clonotype2990	UNK_S	1	TRAV26-1*01	TRAJ23*01			TRBV19*01	TRBJ2-1*01	CIVRTFYNQGGKLIF	tgcatcgttcgcaccttttataaccagggaggaaagcttatcttc			CASSRPGERYNEQFF	tgtgccagtagtcgtccgggggagagatacaatgagcagttcttc	1	0	1	1	1
clonotype2991	UNK_S	1	TRAV26-1*01	TRAJ40*01			TRBV19*01	TRBJ2-1*01	CIVRVESSGTYKYIF	tgcatcgtcagagtcgagtcatcaggaacctacaaatacatcttt			CASRPGIAGVWGQFF	tgtgccagtagacccgggatagcgggagtgtggggtcagttcttc	1	0	1	1	1
clonotype2992	UNK_S	1	TRAV39*01	TRAJ58*01			TRBV6-6*01	TRBJ2-7*01	CAGEETSGSRLTF	tgtgccggggaagaaaccagtggctctaggttgaccttt			CASRGSGAGAYEQYV	tgtgccagcagggggagcggagccggggcctacgagcagtacgtc	1	0	1	1	1
clonotype2993	UNK_S	1	TRAV38-2/DV8*01	TRAJ58*01	TRAV21*01	TRAJ47*01	TRBV6-5*01	TRBJ1-2*01	CAYRSAETSGSRLTF	tgtgcttataggagcgcagaaaccagtggctctaggttgaccttt	CAVKSGNKLVF	tgtgctgtgaaaagtggaaacaagctggtcttt	CASTGTGASNYGYTF	tgtgccagcaccgggacaggggcttccaactatggctacaccttc	2	1	2	2	1
clonotype2994	UNK_S	1	TRAV2*01	TRAJ30*01			TRBV6-5*01	TRBJ1-6*01	CAVDVDDKIIF	tgtgctgtggacgtagatgacaagatcatcttt			CASRTGQGANSPLHF	tgtgccagcagaacgggacagggggctaattcacccctccacttt	1	0	1	1	1
clonotype2995	UNK_S	1	TRAV9-2*01	TRAJ31*01			TRBV6-5*01	TRBJ2-2*01	CALSGNARLMF	tgtgctctgagtgggaatgccagactcatgttt			CASSRSGANTGELFF	tgtgccagcagccgtagcggggcgaacaccggggagctgtttttt	1	0	1	1	1
clonotype2996	UNK_S	1	TRAV8-3*01	TRAJ43*01			TRBV6-5*01	TRBJ2-5*01	CAVGANDMRF	tgtgctgtgggtgcgaatgacatgcgcttt			CASSYKGSAWETQYF	tgtgccagcagttacaagggatcggcttgggagacccagtacttc	1	0	1	1	1
clonotype2998	UNK_S	1	TRAV27*01	TRAJ15*01			TRBV6-1*01	TRBJ1-5*01	CAGPNQAGTALIF	tgtgcaggtcccaaccaggcaggaactgctctgatcttt			CASITGKYSNQPQHF	tgtgccagtattacaggaaaatatagcaatcagccccagcatttt	1	0	1	1	1
clonotype2999	UNK_S	1	TRAV20*01	TRAJ24*01			TRBV6-2*01	TRBJ1-5*01	CAVDSWGKLQF	tgtgctgttgacagctgggggaaattgcagttt			CASTPRGGSNQPQHF	tgtgccagcaccccgcggggagggagcaatcagccccagcatttt	1	0	1	1	1
clonotype3	UNK_S	12	TRAV8-3*01	TRAJ53*01			TRBV6-5*01	TRBJ2-7*01	CAVGNSGGSNYKLTF	tgtgctgtgggtaatagtggaggtagcaactataaactgacattt			CASRQRDSYEQYF	tgtgccagcagacagcgggattcctacgagcagtacttc	12	0	12	1	1
clonotype30	UNK_S	3	TRAV10*01	TRAJ20*01			TRBV27*01	TRBJ2-3*01	CVVSGNDYKLSF	tgtgtggtgagcgggaacgactacaagctcagcttt			CASSSWTSGLSDTQYF	tgtgccagcagttcctggactagcggtctctcagatacgcagtatttt	3	0	3	1	1
clonotype300	UNK_S	1	TRAV38-2/DV8*01	TRAJ52*01	TRAV26-1*01	TRAJ30*01	TRBV20-1*01	TRBJ2-3*01	CAFLGAGGTSYGKLTF	tgtgcttttctaggagctggtggtactagctatggaaagctgacattt	CIGLNRDDKIIF	tgcatcggattgaacagagatgacaagatcatcttt	CSARGSWSGTQYF	tgcagtgctagagggagctggtcaggtacgcagtatttt	2	1	2	2	1
clonotype3000	UNK_S	1	TRAV1-2*01	TRAJ6*01			TRBV6-2*01	TRBJ2-1*01	CAVRVKSGGSYIPTF	tgtgctgtgagagttaaatcaggaggaagctacatacctacattt			CASSARTGPYNEQFF	tgtgccagcagcgcaaggactggaccctacaatgagcagttcttc	1	0	1	1	1
clonotype3001	UNK_S	1	TRAV4*01	TRAJ29*01			TRBV6-2*01	TRBJ2-1*01	CLVGDTPSGNTPLVF	tgcctcgtgggtgacaccccttcaggaaacacacctcttgtcttt			CASRGYGSGYNEQFF	tgtgccagcagggggtatggtagcggttacaatgagcagttcttc	1	0	1	1	1
clonotype3002	UNK_S	1	TRAV26-1*01	TRAJ52*01			TRBV6-2*01	TRBJ2-7*01	CIVRAGGTSYGKLTF	tgcatcgtcagggctggtggtactagctatggaaagctgacattt			CASSPPSGSSYEQYV	tgtgccagcagtccccctagcgggagctcctacgagcagtacgtc	1	0	1	1	1
clonotype3003	UNK_S	1	TRAV26-2*01	TRAJ48*01			TRBV6-2*01	TRBJ2-2*01	CILRGSNFGNEKLTF	tgcatcctgagaggatctaactttggaaatgagaaattaaccttt			CASSYGGASGRELFF	tgtgccagcagttacgggggggcgtccgggcgagagctgtttttt	1	0	1	1	1
clonotype3004	UNK_S	1	TRAV35*01	TRAJ54*01			TRBV20-1*01	TRBJ2-3*01	CAGGLQGAQKLVF	tgtgctgggggacttcagggagcccagaagctggtattt			CSTYQPRLAGVADTQYF	tgcagtacctatcaaccccgactagcgggagtagcggatacgcagtatttt	1	0	1	1	1
clonotype3005	UNK_S	1	TRAV1-2*01	TRAJ17*01			TRBV20-1*01	TRBJ2-3*01	CAVRDTKAAGNKLTF	tgtgctgtgagagataccaaagctgcaggcaacaagctaactttt			CSARDTGQGGRTDTQYF	tgcagtgctagagataccggacagggagggcggacagatacgcagtatttt	1	0	1	1	1
clonotype3006	UNK_S	1	TRAV41*01	TRAJ49*01			TRBV20-1*01	TRBJ1-3*01	CAVVVGNQFYF	tgtgctgtcgtagtcggtaaccagttctatttt			CSARDPARDLSGNTIYF	tgcagtgctagagatccggccagggatctctctggaaacaccatatatttt	1	0	1	1	1
clonotype3007	UNK_S	1	TRAV35*01	TRAJ26*01			TRBV20-1*01	TRBJ1-5*01	CAGIDNYGQNFVF	tgtgctgggatcgataactatggtcagaattttgtcttt			CSARDGQGTYSNQPQHF	tgcagtgctagagatgggcaggggacctatagcaatcagccccagcatttt	1	0	1	1	1
clonotype3008	UNK_S	1	TRAV22*01	TRAJ15*01			TRBV20-1*01	TRBJ2-1*01	CAVVDQAGTALIF	tgtgctgtggtagaccaggcaggaactgctctgatcttt			CSARGRTSGSSYNEQFF	tgcagtgctagaggccggactagcggcagctcctacaatgagcagttcttc	1	0	1	1	1
clonotype3009	UNK_S	1	TRAV26-1*01	TRAJ28*01			TRBV18*01	TRBJ2-5*01	CIVRDSGAGSYQLTF	tgcatcgtcagagattctggggctgggagttaccaactcactttc			CASSPGQGQETQYF	tgtgccagctctccgggacagggtcaagagacccagtacttc	1	0	1	1	1
clonotype301	UNK_S	1	TRAV25*01	TRAJ43*01			TRBV20-1*01	TRBJ1-1*01	CAGDNNDMRF	tgtgcaggggataacaatgacatgcgcttt			CSARRGSGTEAFF	tgcagtgctaggagggggtcggggactgaagctttcttt	1	0	1	1	1
clonotype3010	UNK_S	1	TRAV25*01	TRAJ9*01			TRBV12-3*01	TRBJ2-5*01	CAGWVTGGFKTIF	tgtgcagggtgggtaactggaggcttcaaaactatcttt			CASSFGTGLETQYF	tgtgccagcagttttgggacagggttagagacccagtacttc	1	0	1	1	1
clonotype3011	UNK_S	1	TRAV25*01	TRAJ6*01			TRBV28*01	TRBJ2-1*01	CAGLSGGSYIPTF	tgtgcaggcctatcaggaggaagctacatacctacattt			CASSPWTSGYNEQFF	tgtgccagcagtccctggactagcggttacaatgagcagttcttc	1	0	1	1	1
clonotype3012	UNK_S	1	TRAV20*01	TRAJ31*01			TRBV28*01	TRBJ2-1*01	CAVRTDARLMF	tgtgctgtgcggacggacgccagactcatgttt			CASSLPGQLPMGQFF	tgtgccagcagtttacctggacagctcccaatggggcagttcttc	1	0	1	1	1
clonotype3013	UNK_S	1	TRAV25*01	TRAJ28*01			TRBV28*01	TRBJ1-5*01	CAGPGAGSYQLTF	tgtgcagggccaggggctgggagttaccaactcactttc			CASSFFGNGNQPQHF	tgtgccagcagtttttttgggaatggcaatcagccccagcatttt	1	0	1	1	1
clonotype3015	UNK_S	1	TRAV10*01	TRAJ43*01			TRBV10-3*01	TRBJ2-1*01	CVVGNDMRF	tgtgtggtggggaatgacatgcgcttt			CAISESYPEAHEQFF	tgtgccatcagtgagagttacccagaagcgcatgagcagttcttc	1	0	1	1	1
clonotype3016	UNK_S	1	TRAV39*01	TRAJ35*01			TRBV10-3*01	TRBJ2-2*01	CAVDIGFGNVLHC	tgtgccgtggatataggctttgggaatgtgctgcattgc			CAIRKGQAGTGELFF	tgtgccatcaggaaaggacaggcgggtaccggggagctgtttttt	1	0	1	1	1
clonotype3017	UNK_S	1	TRAV1-2*01	TRAJ4*01			TRBV10-3*01	TRBJ2-7*01	CAVRGLTGGYNKLIF	tgtgctgtgaggggtttgactggtggctacaataagctgattttt			CAISEETSGSYEQYF	tgtgccatcagtgaggaaactagcggatcctacgagcagtacttc	1	0	1	1	1
clonotype3018	UNK_S	1	TRAV26-2*01	TRAJ45*01			TRBV7-9*01	TRBJ2-1*01	CILRRSGGGADGLTF	tgcatcctgaggcggtcaggaggaggtgctgacggactcaccttt			CASSLRAPQDEQFF	tgtgccagcagcttaagggcgcctcaggatgagcagttcttc	1	0	1	1	1
clonotype3019	UNK_S	1	TRAV35*01	TRAJ52*01			TRBV7-9*01	TRBJ2-1*01	CTAGGTSYGKLTF	tgtaccgctggtggtactagctatggaaagctgacattt			CASDIAGVRNEQFF	tgtgccagcgacatagcgggagtgcgcaatgagcagttcttc	1	0	1	1	1
clonotype302	UNK_S	1	TRAV1-2*01	TRAJ33*01			TRBV20-1*01	TRBJ1-5*01	CAVMDSNYQLIW	tgtgctgtgatggatagcaactatcagttaatctgg			CSVRSREGQPQHF	tgcagtgttaggagcagggagggtcagccccagcatttt	1	0	1	1	1
clonotype3020	UNK_S	1	TRAV27*01	TRAJ9*01			TRBV7-9*01	TRBJ2-5*01	CAGVNTGGFKTIF	tgtgcaggggtaaatactggaggcttcaaaactatcttt			CASSPRTEWETQYF	tgtgccagcagcccccggacagaatgggagacccagtacttc	1	0	1	1	1
clonotype3021	UNK_S	1	TRAV21*01	TRAJ33*01			TRBV7-9*01	TRBJ1-6*01	CAVHSNYQLIW	tgtgctgttcatagcaactatcagttaatctgg			CASSFIEGYSPLHF	tgtgccagcagcttcattgagggttactcacccctccacttt	1	0	1	1	1
clonotype3022	UNK_S	1	TRAV13-1*01	TRAJ31*01			TRBV11-2*01	TRBJ2-1*01	CAASREGRLMF	tgtgcagcaagtagggaaggcagactcatgttt			CASSLGRTSVEQFF	tgtgccagcagcttaggccggactagcgttgagcagttcttc	1	0	1	1	1
clonotype3023	UNK_S	1	TRAV9-2*01	TRAJ8*01			TRBV7-8*01	TRBJ2-5*01	CARGGFQKLVF	tgtgctcgtggaggctttcagaaacttgtattt			CASSKGRTQETQYF	tgtgccagcagcaaaggacggacacaagagacccagtacttc	1	0	1	1	1
clonotype3024	UNK_S	1	TRAV26-1*01	TRAJ42*01			TRBV7-8*01	TRBJ2-7*01	CIACIYGGSQGNLIF	tgcatcgcgtgcatttatggaggaagccaaggaaatctcatcttt			CASSLDLVNGEQYF	tgtgccagcagcttagatctagttaatggcgagcagtacttc	1	0	1	1	1
clonotype3025	UNK_S	1	TRAV17*01	TRAJ56*01			TRBV7-8*01	TRBJ2-2*01	CATGANSKLTF	tgtgctactggagccaatagtaagctgacattt			CASRTRQGPGELFF	tgtgccagcaggactcgacagggccccggggagctgtttttt	1	0	1	1	1
clonotype3026	UNK_S	1	TRAV17*01	TRAJ47*01			TRBV7-2*01	TRBJ2-1*01	CATDGGNKLVF	tgtgctacggacggaggaaacaagctggtcttt			CASRRGGSYNEQFF	tgtgccagcaggcgagggggctcctacaatgagcagttcttc	1	0	1	1	1
clonotype3027	UNK_S	1	TRAV2*01	TRAJ16*01			TRBV7-2*01	TRBJ2-5*01	CAVEGGQKLLF	tgtgctgtggaaggcggccagaagctgctcttt			CASSITSSRETQYF	tgtgccagcagcataacctcgagccgggagacccagtacttc	1	0	1	1	1
clonotype3029	UNK_S	1	TRAV16*01	TRAJ38*01	TRAV22*01	TRAJ21*01	TRBV7-2*01	TRBJ2-7*01	CALRHNAGNNRKLIW	tgtgctctaaggcataatgctggcaacaaccgtaagctgatttgg	CAVLAYNFNKFYF	tgtgctgtgctcgcatacaacttcaacaaattttacttt	CASSLGLAGGGQYF	tgtgccagcagcttagggctagcgggaggtgggcagtacttc	2	1	2	2	1
clonotype303	UNK_S	1	TRAV26-1*01	TRAJ23*01			TRBV27*01	TRBJ1-2*01	CIVSNQGGKLIF	tgcatcgtctctaaccagggaggaaagcttatcttc			CASSGHHGYTF	tgtgccagcagtgggcaccatggctacaccttc	1	0	1	1	1
clonotype3030	UNK_S	1	TRAV21*01	TRAJ47*01			TRBV27*01	TRBJ1-1*01	CAVTRGNKLVF	tgtgctgtgacacgaggaaacaagctggtcttt			CASSTRQGMNTEAFF	tgtgccagcagcacacgacagggcatgaacactgaagctttcttt	1	0	1	1	1
clonotype3031	UNK_S	1	TRAV3*01	TRAJ34*01	TRAV23/DV6*01	TRAJ12*01	TRBV27*01	TRBJ2-1*01	CLTLNDKLIF	tgtctcacgttgaacgacaagctcatcttt	CAASEKDSSYKLIF	tgtgcagcaagtgaaaaggatagcagctataaattgatcttc	CASSPMGTGGVEQFF	tgtgccagcagtcccatggggacagggggcgttgagcagttcttc	2	1	2	2	1
clonotype3032	UNK_S	1	TRAV12-1*01	TRAJ31*01			TRBV27*01	TRBJ2-3*01	CVVNYHARLMF	tgtgtggtgaactaccatgccagactcatgttt			CASSPRDSSTDTQYF	tgtgccagcagtccccgggacagtagcacagatacgcagtatttt	1	0	1	1	1
clonotype3033	UNK_S	1	TRAV26-1*01	TRAJ4*01	TRAV13-2*01	TRAJ48*01	TRBV27*01	TRBJ2-7*01	CIVRAFSGGYNKLIF	tgcatcgtcagagcgttttctggtggctacaataagctgattttt	CAEIEGPISNFGNEKLTF	tgtgcagagattgagggcccgatatctaactttggaaatgagaaattaaccttt	CASSEGGQGSHEQYF	tgtgccagcagtgaaggaggacagggaagccacgagcagtacttc	2	1	2	2	1
clonotype3035	UNK_S	1	TRAV20*01	TRAJ20*01			TRBV27*01	TRBJ2-1*01	CAVQGDYKLSF	tgtgctgtgcaaggcgactacaagctcagcttt			CASSFSASGSNEQFF	tgtgccagcagtttttcggctagcgggagtaatgagcagttcttc	1	0	1	1	1
clonotype3036	UNK_S	1	TRAV16*01	TRAJ29*01			TRBV27*01	TRBJ2-7*01	CAPPGPSGNTPLVF	tgtgctcctccggggccttcaggaaacacacctcttgtcttt			CASRLAGGSLGEQYF	tgtgccagccgactagcgggaggctccctcggagagcagtacttc	1	0	1	1	1
clonotype3037	UNK_S	1	TRAV8-6*01	TRAJ11*01	TRAV26-1*01	TRAJ34*01	TRBV5-6*01	TRBJ1-4*01	CAVSGNSGYSTLTF	tgtgctgtgagcgggaattcaggatacagcaccctcaccttt	CIVSVHGRATDKLIF	tgcatcgtcagtgtccacggaagagccaccgacaagctcatcttt	CASSLAGQGNEKLFF	tgtgccagcagcttggcgggacagggtaatgaaaaactgtttttt	2	1	2	2	1
clonotype3038	UNK_S	1	TRAV16*01	TRAJ43*01			TRBV5-5*01	TRBJ1-2*01	CALSGLSNNNDMRF	tgtgctctaagtggcctgagcaataacaatgacatgcgcttt			CASSLEGQGLYGYTF	tgtgccagcagcttggagggacagggtctctatggctacaccttc	1	0	1	1	1
clonotype3039	UNK_S	1	TRAV13-1*01	TRAJ20*01			TRBV5-1*01	TRBJ2-7*01	CAVANDYKLSF	tgtgcagtcgctaacgactacaagctcagcttt			CASRFTDRSSYEQYF	tgcgccagcagatttacggacaggagctcctacgagcagtacttc	1	0	1	1	1
clonotype304	UNK_S	1	TRAV22*01	TRAJ43*01			TRBV5-1*01	TRBJ1-3*01	CAVDNNDMRF	tgtgctgtggacaacaatgacatgcgcttt			CASRAGNTIYF	tgcgccagccgcgccggaaacaccatatatttt	1	0	1	1	1
clonotype3040	UNK_S	1	TRAV26-2*01	TRAJ52*01			TRBV5-1*01	TRBJ2-1*01	CILRGGGTSYGKLTF	tgcatcctgaggggtggtggtactagctatggaaagctgacattt			CASSQALSSYNEQFF	tgcgccagcagccaagccctgagctcctacaatgagcagttcttc	1	0	1	1	1
clonotype3041	UNK_S	1	TRAV1-2*01	TRAJ10*01			TRBV5-1*01	TRBJ1-2*01	CAVRDREGGGNKLTF	tgtgctgtgagagatcgggagggaggaggaaacaaactcaccttt			CASSPTPTANYGYTF	tgcgccagcagccccacccctactgctaactatggctacaccttc	1	0	1	1	1
clonotype3044	UNK_S	1	TRAV1-2*01	TRAJ6*01			TRBV5-1*01	TRBJ2-7*01	CAVRGASGGSYIPTF	tgtgctgtgaggggggcatcaggaggaagctacatacctacattt			CASSAGLGSTYEQYF	tgcgccagcagcgcgggactagggtccacctacgagcagtacttc	1	0	1	1	1
clonotype3046	UNK_S	1	TRAV19*01	TRAJ23*01	TRAV26-1*01	TRAJ31*01	TRBV5-1*01	TRBJ1-2*01	CALSEGRGNYNQGGKLIF	tgtgctctgagtgaggggagagggaattataaccagggaggaaagcttatcttc	CIVSAGSNNNARLMF	tgcatcgtcagcgctggttcgaataacaatgccagactcatgttt	CASSLRTASNYGYTF	tgcgccagcagcttaaggacagcctctaactatggctacaccttc	2	1	2	2	1
clonotype3047	UNK_S	1	TRAV23/DV6*01	TRAJ23*01	TRAV26-1*01	TRAJ33*01	TRBV5-1*01	TRBJ2-2*01	CAAPRIYNQGGKLIF	tgtgcagccccgcggatttataaccagggaggaaagcttatcttc	CIVRDPMDSNYQLIW	tgcatcgtcagagacccaatggatagcaactatcagttaatctgg	CASSLRPTGTGELFF	tgcgccagcagcttgcgaccaacggggaccggggagctgtttttt	2	1	2	2	1
clonotype3048	UNK_S	1	TRAV26-1*01	TRAJ6*01			TRBV5-1*01	TRBJ2-3*01	CIVRVATGGSYIPTF	tgcatcgtcagagtcgcaacaggaggaagctacatacctacattt			CASSLATSGRDTQYF	tgcgccagcagcttggctactagcgggagagatacgcagtatttt	1	0	1	1	1
clonotype3049	UNK_S	1	TRAV12-1*01	TRAJ4*01			TRBV12-4*01	TRBJ1-4*01	CVVTLFNKLIF	tgtgtggtgacccttttcaataagctgattttt			CASSWFGAGEKLFF	tgtgccagcagctggtttggggctggtgaaaaactgtttttt	1	0	1	1	1
clonotype3050	UNK_S	1	TRAV25*01	TRAJ32*01			TRBV12-4*01	TRBJ2-4*01	CAGAKGATNKLIF	tgtgcaggggctaagggtgctacaaacaagctcatcttt			CASSLRGGNNIQYF	tgtgccagcagtttacgtggggggaacaacattcagtacttc	1	0	1	1	1
clonotype3051	UNK_S	1	TRAV25*01	TRAJ35*01			TRBV3-1*01	TRBJ2-1*01	CAALIGFGNVLHC	tgtgcagccctgataggctttgggaatgtgctgcattgc			CASSQRLHNNNEQFF	tgtgccagcagccaacgtttacataacaacaatgagcagttcttc	1	0	1	1	1
clonotype3052	UNK_S	1	TRAV26-2*01	TRAJ41*01			TRBV4-1*01	TRBJ1-6*01	CGHPAHSNSGYALNF	tgcgggcaccccgcgcactcaaattccgggtatgcactcaacttc			CASTDSGIYNSPLHF	tgcgccagcactgactcgggaatctataattcacccctccacttt	1	0	1	1	1
clonotype3054	UNK_S	1	TRAV39*01	TRAJ49*01			TRBV4-1*01	TRBJ2-7*01	CAVDPNTGNQFYF	tgtgccgtggacccgaacaccggtaaccagttctatttt			CASSQAGTGIYEQYF	tgcgccagcagccaagctgggacagggatctacgagcagtacttc	1	0	1	1	1
clonotype3055	UNK_S	1	TRAV27*01	TRAJ33*01			TRBV4-3*01	TRBJ1-5*01	CAGDLDSNYQLIW	tgtgcaggggacctggatagcaactatcagttaatctgg			CASSQEWGGSQPQHF	tgcgccagcagccaagaatggggggggagtcagccccagcatttt	1	0	1	1	1
clonotype3056	UNK_S	1	TRAV27*01	TRAJ26*01			TRBV9*01	TRBJ2-2*01	CAGKDNYGQNFVF	tgtgcaggaaaagataactatggtcagaattttgtcttt			CASSPGTKNTGELFF	tgtgccagcagccctgggactaagaacaccggggagctgtttttt	1	0	1	1	1
clonotype3058	UNK_S	1	TRAV35*01	TRAJ40*01			TRBV9*01	TRBJ1-3*01	CAGLFRGTYKYIF	tgtgctgggctctttagaggaacctacaaatacatcttt			CASSVGQSSGNTIYF	tgtgccagcagcgtgggacagagctctggaaacaccatatatttt	1	0	1	1	1
clonotype3059	UNK_S	1	TRAV39*01	TRAJ47*01			TRBV11-3*01	TRBJ2-7*01	CAVDYLYGNKLVF	tgtgccgtggactatttatatggaaacaagctggtcttt			CASSSGQGSDEQYF	tgtgccagcagctcgggacaggggtcggacgagcagtacttc	1	0	1	1	1
clonotype306	UNK_S	1	TRAV1-2*01	TRAJ20*01			TRBV6-6*01	TRBJ1-1*01	CAVRDENDYKLSF	tgtgctgtgagagatgagaacgactacaagctcagcttt			CASQGLYEAFF	tgtgccagccagggactttatgaagctttcttt	1	0	1	1	1
clonotype3061	UNK_S	1	TRAV9-2*01	TRAJ58*01			TRBV15*01	TRBJ2-7*01	CALSSGSRLTF	tgtgctctttccagtggctctaggttgaccttt			CATSPDAGTGLEQYF	tgtgccaccagccccgacgccgggacagggcttgagcagtacttc	1	0	1	1	1
clonotype3062	UNK_S	1	TRAV41*01	TRAJ32*01			TRBV14*01	TRBJ1-1*01	CAVRSTNKLIF	tgtgctgtcagatcgacaaacaagctcatcttt			CASSHPGMNTEAFF	tgtgccagcagccatccgggtatgaacactgaagctttcttt	1	0	1	1	1
clonotype3064	UNK_S	1	TRAV22*01	TRAJ40*01			TRBV25-1*01	TRBJ2-1*01	CAVLTTSGTYKYIF	tgtgctgttctaactacctcaggaacctacaaatacatcttt			CASTVISDRGVEQFF	tgtgccagcacggtcatttcggacaggggggttgagcagttcttc	1	0	1	1	1
clonotype3066	UNK_S	1	TRAV25*01	TRAJ28*01			TRBV6-4*01	TRBJ1-5*01	CAAYSGAGSYQLTF	tgtgcggcatactctggggctgggagttaccaactcactttc			CASSEDYSFNQPQHF	tgtgccagcagcgaggactactctttcaatcagccccagcatttt	1	0	1	1	1
clonotype3068	UNK_S	1	TRAV3*01	TRAJ13*01			TRBV19*01	TRBJ1-4*01	CALGGYQKVTF	tgtgcccttgggggttaccagaaagttaccttt			CASSTGTGRNEKLFF	tgtgccagtagtaccgggacagggagaaacgaaaaactgtttttt	1	0	1	1	1
clonotype3069	UNK_S	1	TRAV35*01	TRAJ40*01			TRBV19*01	TRBJ1-2*01	CAGQRTSGTYKYIF	tgtgctgggcagaggacctcaggaacctacaaatacatcttt			CASSIGTDQPYGYTF	tgtgccagtagtatagggacagatcagccctatggctacaccttc	1	0	1	1	1
clonotype307	UNK_S	1	TRAV35*01	TRAJ49*01			TRBV6-5*01	TRBJ2-2*01	CAGRTGNQFYF	tgtgctgggcgcaccggtaaccagttctatttt			CASTEGGELFF	tgtgccagcacagagggcggggagctgtttttt	1	0	1	1	1
clonotype3071	UNK_S	1	TRAV22*01	TRAJ39*01			TRBV19*01	TRBJ2-1*01	CAVESHNAGNMLTF	tgtgctgtggagagtcataatgcaggcaacatgctcaccttt			CASTQPRRGHDEQFF	tgtgccagtacccaacctcgcagggggcacgatgagcagttcttc	1	0	1	1	1
clonotype3072	UNK_S	1	TRAV9-2*01	TRAJ3*01	TRAV1-1*01	TRAJ24*01	TRBV19*01	TRBJ2-6*01	CALTPYSSASKIIF	tgtgctctgaccccgtacagcagtgcttccaagataatcttt	CAVSPDTTDSWGKLQF	tgcgctgtgagccccgacacaactgacagctgggggaaattgcagttt	CASSITASGANVLTF	tgtgccagtagtataacagcctctggggccaacgtcctgactttc	2	1	2	2	1
clonotype3073	UNK_S	1	TRAV12-1*01	TRAJ5*01			TRBV19*01	TRBJ2-7*01	CVVIGGRRALTF	tgtgtggtgatagggggcaggagagcacttactttt			CASSIGSTGRGEQYF	tgtgccagtagtataggatcgacaggccgaggggagcagtacttc	1	0	1	1	1
clonotype3074	UNK_S	1	TRAV13-1*01	TRAJ9*01			TRBV19*01	TRBJ2-1*01	CAPYTGGFKTIF	tgtgcaccgtatactggaggcttcaaaactatcttt			CASSMGVAGPAGQFF	tgtgccagtagtatgggagtagcgggacccgctgggcagttcttc	1	0	1	1	1
clonotype3075	UNK_S	1	TRAV4*01	TRAJ22*01			TRBV19*01	TRBJ2-2*01	CLVGFRSSGSARQLTF	tgcctcgtgggtttccgctcttctggttctgcaaggcaactgaccttt			CASSPPQRGTGELFF	tgtgccagtagtcccccccagaggggcaccggggagctgtttttt	1	0	1	1	1
clonotype3077	UNK_S	1	TRAV21*01	TRAJ21*01			TRBV6-6*01	TRBJ1-2*01	CAVTYNFNKFYF	tgtgctgtgacatacaacttcaacaaattttacttt			CASSPMTPAGGGYTF	tgtgccagcagccccatgactccggcgggaggtggctacaccttc	1	0	1	1	1
clonotype3078	UNK_S	1	TRAV26-2*01	TRAJ23*01			TRBV6-6*01	TRBJ2-1*01	CILRDVVNNQGGKLIF	tgcatcctgagagacgtggttaataaccagggaggaaagcttatcttc			CASSTGTRRSNEQFF	tgtgccagcagtactgggacccgccgctccaatgagcagttcttc	1	0	1	1	1
clonotype3079	UNK_S	1	TRAV9-2*01	TRAJ43*01			TRBV6-6*01	TRBJ1-2*01	CALSPANNDMRF	tgtgctctgagtccagctaacaatgacatgcgcttt			CASSYSKGQGQGYTF	tgtgccagcagttactcgaagggtcagggccaaggctacaccttc	1	0	1	1	1
clonotype308	UNK_S	1	TRAV35*01	TRAJ49*01			TRBV6-5*01	TRBJ2-2*01	CAGRTGNQFYF	tgtgctgggcgaaccggtaaccagttctatttt			CASSFGGELFF	tgtgccagcagtttcgggggggagctgtttttt	1	0	1	1	1
clonotype3080	UNK_S	1	TRAV21*01	TRAJ40*01			TRBV6-6*01	TRBJ2-1*01	CAVRSGTYKYIF	tgtgctgtgaggtcaggaacctacaaatacatcttt			CASTPEGTSVNEQFF	tgtgccagcaccccggaggggactagcgtgaatgagcagttcttc	1	0	1	1	1
clonotype3081	UNK_S	1	TRAV12-1*01	TRAJ43*01			TRBV6-6*01	TRBJ2-1*01	CVVNMYNNDMRF	tgtgtggtgaacatgtacaacaatgacatgcgcttt			CASSYRGEFYDEQFF	tgtgccagcagttacaggggcgagttttatgatgagcagttcttc	1	0	1	1	1
clonotype3082	UNK_S	1	TRAV8-6*01	TRAJ16*01			TRBV6-6*01	TRBJ1-1*01	CAVSDGQKLLF	tgtgctgtgagtgacggccagaagctgctcttt			CASSYLGQGSTEAFF	tgtgccagcagttacttgggacaggggtccactgaagctttcttt	1	0	1	1	1
clonotype3083	UNK_S	1	TRAV35*01	TRAJ54*01			TRBV6-5*01	TRBJ2-1*01	CAGQLGQGAQKLVF	tgtgctgggcagcttggtcagggagcccagaagctggtattt			CASKRGRGSYNEQFF	tgtgccagcaaaagagggagaggctcctacaatgagcagttcttc	1	0	1	1	1
clonotype3085	UNK_S	1	TRAV21*01	TRAJ20*01			TRBV6-5*01	TRBJ2-3*01	CAVPLNDYKLSF	tgtgctgtgccccttaacgactacaagctcagcttt			CASSYGPPSTDTQYF	tgtgccagcagttacggcccgcctagcacagatacgcagtatttt	1	0	1	1	1
clonotype3086	UNK_S	1	TRAV27*01	TRAJ24*01			TRBV6-5*01	TRBJ2-7*01	CAGAETDSWGKLQF	tgtgcaggagccgaaactgacagctgggggaaattgcagttt			CASSYSIAGGYEQYF	tgtgccagcagttactcgattgcgggagggtacgagcagtacttc	1	0	1	1	1
clonotype3087	UNK_S	1	TRAV2*01	TRAJ36*01			TRBV6-5*01	TRBJ2-1*01	CAVETGANNLFF	tgtgctgtggagactggggcaaacaacctcttcttt			CASSYSELTSDQQFF	tgtgccagcagttactcggagctcactagcgaccagcagttcttc	1	0	1	1	1
clonotype3089	UNK_S	1	TRAV25*01	TRAJ42*01	TRAV3*01	TRAJ29*01	TRBV6-1*01	TRBJ1-6*01	CAPWYGGSQGNLIF	tgtgctccatggtatggaggaagccaaggaaatctcatcttt	CAVRDNGNTPLVF	tgtgctgtgagagacaacggaaacacacctcttgtcttt	CASNLVSSYNSPLHF	tgtgccagcaatctcgttagctcctataattcacccctccacttt	2	1	2	2	1
clonotype309	UNK_S	1	TRAV27*01	TRAJ49*01			TRBV6-5*01	TRBJ1-1*01	CAGVSGNQFYF	tgtgcaggagtaagcggtaaccagttctatttt			CASGLNTEAFF	tgtgccagcggattgaacactgaagctttcttt	1	0	1	1	1
clonotype3090	UNK_S	1	TRAV35*01	TRAJ48*01			TRBV6-1*01	TRBJ2-1*01	CAGQPNFGNEKLTF	tgtgctgggcagcctaactttggaaatgagaaattaaccttt			CASSALAGGPNEQFF	tgtgccagcagcgcactagcgggagggcccaatgagcagttcttc	1	0	1	1	1
clonotype3091	UNK_S	1	TRAV13-1*01	TRAJ39*01			TRBV6-1*01	TRBJ1-6*01	CAANNAGNMLTF	tgtgcagcaaataatgcaggcaacatgctcaccttt			CASSEAGVRGSPLHF	tgtgccagcagtgaagcgggggtaagggggtcacccctccacttt	1	0	1	1	1
clonotype3092	UNK_S	1	TRAV20*01	TRAJ41*01			TRBV6-1*01	TRBJ2-1*01	CAVQDPGYALNF	tgtgctgtgcaggatcccgggtatgcactcaacttc			CASSEWAGGDNEQFF	tgtgccagcagtgaatgggcgggaggggacaatgagcagttcttc	1	0	1	1	1
clonotype3093	UNK_S	1	TRAV8-1*01	TRAJ40*01			TRBV6-1*01	TRBJ2-3*01	CAVNAPYKYIF	tgtgccgtgaatgccccctacaaatacatcttt			CASSESSGRSDTQYF	tgtgccagcagtgagtcaagcggaaggtcagatacgcagtatttt	1	0	1	1	1
clonotype3094	UNK_S	1	TRAV9-2*01	TRAJ57*01			TRBV6-1*01	TRBJ1-6*01	CALQGGSEKLVF	tgtgctctgcagggcggatctgaaaagctggtcttt			CASSGRSTQNSPLHF	tgtgccagcagtggtcgcagtacccagaattcacccctccacttt	1	0	1	1	1
clonotype3095	UNK_S	1	TRAV21*01	TRAJ54*01			TRBV6-2*01	TRBJ1-1*01	CAVFQGAQKLVF	tgtgctgttttccagggagcccagaagctggtattt			CASSYAGRVNTEAFF	tgtgccagcagttacgcaggcagagtgaacactgaagctttcttt	1	0	1	1	1
clonotype3096	UNK_S	1	TRAV8-3*01	TRAJ36*01			TRBV6-2*01	TRBJ2-7*01	CAVGRANNLFF	tgtgctgtgggtagggcaaacaacctcttcttt			CASSRVAGGPGEQYV	tgtgccagcagccgagtagcgggagggcccggcgagcagtacgtc	1	0	1	1	1
clonotype3097	UNK_S	1	TRAV36/DV7*01	TRAJ58*01			TRBV6-2*01	TRBJ2-1*01	CAVTSGSRLTF	tgtgctgtcaccagtggctctaggttgaccttt			CASSYPAPPGNEQFF	tgtgccagcagttaccccgctccccccggcaatgagcagttcttc	1	0	1	1	1
clonotype3098	UNK_S	1	TRAV25*01	TRAJ22*01			TRBV6-2*01	TRBJ2-7*01	CAGEGSGSARQLTF	tgtgcaggggagggatctggttctgcaaggcaactgaccttt			CASSSGLAGGYEQYV	tgtgccagcagttcgggactagcgggggggtacgagcagtacgtc	1	0	1	1	1
clonotype3099	UNK_S	1	TRAV17*01	TRAJ57*01			TRBV30*01	TRBJ1-4*01	CATSPGSEKLVF	tgtgctacttcccccggatctgaaaagctggtcttt			CAWSSQGSGRVGEKLFF	tgtgcctggagcagccagggaagcggacgggtgggggaaaaactgtttttt	1	0	1	1	1
clonotype31	UNK_S	3	TRAV12-3*01	TRAJ30*01	TRAV29/DV5*01	TRAJ49*01	TRBV5-6*01	TRBJ1-2*01	CAMTRGDDKIIF	tgtgcaatgaccaggggagatgacaagatcatcttt	CAASAGGTRPNQFYF	tgtgcagcaagcgcgggtggtacccggccgaaccagttctatttt	CASSLDFQGPSYGYTF	tgtgccagcagcttggattttcaggggccctcctatggctacaccttc	4	3	6	2	1
clonotype310	UNK_S	1	TRAV1-2*01	TRAJ10*01			TRBV30*01	TRBJ1-3*01	CAVEAGGGNKLTF	tgtgctgtggaggcgggaggaggaaacaaactcaccttt			CAWSVLGADTIYF	tgtgcctggagtgtactgggggcggacaccatatatttt	1	0	1	1	1
clonotype3100	UNK_S	1	TRAV17*01	TRAJ9*01			TRBV20-1*01	TRBJ2-3*01	CAPNTGGFKTIF	tgtgcccccaatactggaggcttcaaaactatcttt			CSARTLITGGSTDTQYF	tgcagtgctaggaccctcattacagggggtagcacagatacgcagtatttt	1	0	1	1	1
clonotype3101	UNK_S	1	TRAV13-2*01	TRAJ36*01			TRBV20-1*01	TRBJ1-1*01	CAESGANNLFF	tgtgcagagagtggggcaaacaacctcttcttt			CSARPTGFWGEPPEAFF	tgcagtgctagaccgacagggttttggggagagccccctgaagctttcttt	1	0	1	1	1
clonotype3102	UNK_S	1	TRAV35*01	TRAJ41*01			TRBV18*01	TRBJ2-1*01	CAGLDSNSGYALNF	tgtgctgggctagactcaaattccgggtatgcactcaacttc			CASSPSGPSNEQFF	tgtgccagctcaccaagcggcccgagcaatgagcagttcttc	1	0	1	1	1
clonotype3103	UNK_S	1	TRAV20*01	TRAJ34*01			TRBV18*01	TRBJ1-5*01	CAVHNNTDKLIF	tgtgctgtgcacaataacaccgacaagctcatcttt			CASSPGRGNQPQHF	tgtgccagctcaccagggagaggcaatcagccccagcatttt	1	0	1	1	1
clonotype3104	UNK_S	1	TRAV12-2*01	TRAJ49*01			TRBV12-4*01	TRBJ2-7*01	CAVNPGNQFYF	tgtgccgtgaaccccggtaaccagttctatttt			CASSFRTGVAEQYF	tgtgccagcagttttcggacaggggtggccgagcagtacttc	1	0	1	1	1
clonotype3105	UNK_S	1	TRAV41*01	TRAJ49*01			TRBV12-3*01	TRBJ2-2*01	CAVTFTGNQFYF	tgtgctgtcaccttcaccggtaaccagttctatttt			CASRPGQNTGELFF	tgtgccagcagaccaggacagaacaccggggagctgtttttt	1	0	1	1	1
clonotype3106	UNK_S	1	TRAV17*01	TRAJ7*01			TRBV12-3*01	TRBJ1-3*01	CATVPGDNRLAF	tgtgctacagttcctggggacaacagactcgctttt			CASSRQGAGNTIYF	tgtgccagcagccgacagggggctggaaacaccatatatttt	1	0	1	1	1
clonotype3107	UNK_S	1	TRAV39*01	TRAJ56*01			TRBV12-3*01	TRBJ1-5*01	CAVVRTGANSKLTF	tgtgccgtggtgagaactggagccaatagtaagctgacattt			CASSLFSGQQPQHF	tgtgccagcagtttatttagcgggcagcagccccagcatttt	1	0	1	1	1
clonotype3108	UNK_S	1	TRAV2*01	TRAJ31*01			TRBV12-3*01	TRBJ2-5*01	CAVEDGNARLMF	tgtgctgtggaggatggaaatgccagactcatgttt			CASKGGLAVGGQYF	tgtgccagtaagggaggactagcggttgggggccagtacttc	1	0	1	1	1
clonotype3109	UNK_S	1	TRAV41*01	TRAJ49*01	TRAV19*01	TRAJ52*01	TRBV2*01	TRBJ2-1*01	CAVRNTGNQFYF	tgtgctgtcagaaacaccggtaaccagttctatttt	CALRTPSGGTSYGKLTF	tgtgctctgaggaccccttctggtggtactagctatggaaagctgacattt	CARQNREGVNEQFF	tgtgccagacaaaacagggaaggggtcaatgagcagttcttc	2	1	2	2	1
clonotype311	UNK_S	1	TRAV4*01	TRAJ20*01			TRBV20-1*01	TRBJ2-3*01	CLVGFSNDYKLSF	tgcctcgtggggttttctaacgactacaagctcagcttt			CSARGTETDTQYF	tgcagtgctagggggacagaaacagatacgcagtatttt	1	0	1	1	1
clonotype3110	UNK_S	1	TRAV26-1*01	TRAJ17*01			TRBV2*01	TRBJ2-7*01	CIVRELGKAAGNKLTF	tgcatcgtcagagaactagggaaggctgcaggcaacaagctaactttt			CASSDPSGSFEQYV	tgtgccagcagtgaccctagcgggagtttcgagcagtacgtc	1	0	1	1	1
clonotype3111	UNK_S	1	TRAV22*01	TRAJ48*01			TRBV2*01	TRBJ1-1*01	CAVVSNFGNEKLTF	tgtgctgtggtgtctaactttggaaatgagaaattaaccttt			CASSDLRGDTEAFF	tgtgccagcagtgacctaaggggtgacactgaagctttcttt	1	0	1	1	1
clonotype3112	UNK_S	1	TRAV21*01	TRAJ10*01			TRBV2*01	TRBJ2-1*01	CAGRGGGNKLTF	tgtgctgggaggggaggaggaaacaaactcaccttt			CASSGTSGRNEQFF	tgtgccagcagtggcactagcgggaggaatgagcagttcttc	1	0	1	1	1
clonotype3113	UNK_S	1	TRAV12-2*01	TRAJ49*01			TRBV2*01	TRBJ2-1*01	CAVNYYGQFYF	tgtgccgtgaactactacggccagttctatttt			CASSGGRNKGEQFF	tgtgccagcagtggcgggaggaataagggtgagcagttcttc	1	0	1	1	1
clonotype3114	UNK_S	1	TRAV35*01	TRAJ40*01			TRBV2*01	TRBJ2-7*01	CAGLSRSGTYKYIF	tgtgctggtcttagccgctcaggaacctacaaatacatcttt			CASIVKDRGYEQYF	tgtgccagcattgtaaaggacaggggctacgagcagtacttc	1	0	1	1	1
clonotype3115	UNK_S	1	TRAV9-2*01	TRAJ6*01			TRBV12-5*01	TRBJ1-3*01	CALKGGSYIPTF	tgtgctctgaaaggaggaagctacatacctacattt			CASSASITGNTIYF	tgtgctagctcggctagcattactggaaacaccatatatttt	1	0	1	1	1
clonotype3116	UNK_S	1	TRAV21*01	TRAJ12*01			TRBV24-1*01	TRBJ2-1*01	CAVRDSSYKLIF	tgtgctgtgagggatagcagctataaattgatcttc			CATSDSGTGQYEQFF	tgtgccaccagtgattccgggacagggcagtatgagcagttcttc	1	0	1	1	1
clonotype3118	UNK_S	1	TRAV26-2*01	TRAJ52*01			TRBV24-1*01	TRBJ1-1*01	CILRATGGTSYGKLTF	tgcatcctgagagccactggtggtactagctatggaaagctgacattt			CATSDHRGGRTEAFF	tgtgccaccagtgatcacaggggaggtcggactgaagctttcttt	1	0	1	1	1
clonotype3119	UNK_S	1	TRAV25*01	TRAJ53*01			TRBV28*01	TRBJ2-5*01	CAGPDGGSNYKLTF	tgtgcagggccggatggaggtagcaactataaactgacattt			CASSPDRGRQETQYF	tgtgccagcagccccgacaggggaaggcaagagacccagtacttc	1	0	1	1	1
clonotype312	UNK_S	1	TRAV26-2*01	TRAJ20*01			TRBV20-1*01	TRBJ1-4*01	CILRDVNDYKLSF	tgcatcctgagagacgtgaacgactacaagctcagcttt			CSATTGTNEKLFF	tgcagtgccacgacagggaccaatgaaaaactgtttttt	1	0	1	1	1
clonotype3120	UNK_S	1	TRAV12-2*01	TRAJ49*01			TRBV28*01	TRBJ1-4*01	CAVKDGNQFYF	tgtgccgtgaaggacggtaaccagttctatttt			CASSPGPSFNEKLFF	tgtgccagcagcccggggccttcctttaatgaaaaactgtttttt	1	0	1	1	1
clonotype3121	UNK_S	1	TRAV9-2*01	TRAJ21*01			TRBV28*01	TRBJ2-7*01	CALLYNFNKFYF	tgtgctctattatacaacttcaacaaattttacttt			CASSTQGAPPYEQYF	tgtgccagcagtacacagggggcgcccccctacgagcagtacttc	1	0	1	1	1
clonotype3122	UNK_S	1	TRAV26-1*01	TRAJ52*01			TRBV28*01	TRBJ2-5*01	CIGLSSGGTSYGKLTF	tgcatcgggttgtcgtctggtggtactagctatggaaagctgacattt			CASSPAGEYQETQYF	tgtgccagcagtcccgccggggagtaccaagagacccagtacttc	1	0	1	1	1
clonotype3123	UNK_S	1	TRAV21*01	TRAJ49*01			TRBV28*01	TRBJ2-1*01	CAASNTGNQFYF	tgtgctgcatcgaacaccggtaaccagttctatttt			CASSLLAGKNNEQFF	tgtgccagcagtttactagcggggaaaaacaatgagcagttcttc	1	0	1	1	1
clonotype3124	UNK_S	1	TRAV17*01	TRAJ9*01			TRBV28*01	TRBJ1-4*01	CATNTGGFKTIF	tgtgctacgaatactggaggcttcaaaactatcttt			CASSLWQSENEKLFF	tgtgccagcagtttatggcagtcggagaatgaaaaactgtttttt	1	0	1	1	1
clonotype3125	UNK_S	1	TRAV35*01	TRAJ50*01			TRBV28*01	TRBJ1-4*01	CAGQMKTSYDKVIF	tgtgctgggcagatgaaaacctcctacgacaaggtgatattt			CASSLWGAANEKLFF	tgtgccagcagtttatggggggccgctaatgaaaaactgtttttt	1	0	1	1	1
clonotype3126	UNK_S	1	TRAV13-2*01	TRAJ27*01	TRAV2*01	TRAJ36*01	TRBV28*01	TRBJ1-6*01	CAENTNAGKSTF	tgtgcagagaacaccaatgcaggcaaatcaaccttt	CAVEAGANNLFF	tgtgctgtggaggctggggcaaacaacctcttcttt	CASSFNRGRSSPLHF	tgtgccagcagtttcaacaggggcaggtcttcacccctccacttt	2	1	2	2	1
clonotype3127	UNK_S	1	TRAV17*01	TRAJ20*01			TRBV28*01	TRBJ2-5*01	CATDRDDYKLSF	tgtgctacggacagggacgactacaagctcagcttt			CASIPSGNYQETQYF	tgtgccagcattcctagcggcaattatcaagagacccagtacttc	1	0	1	1	1
clonotype3128	UNK_S	1	TRAV13-2*01	TRAJ27*01	TRAV9-2*01	TRAJ4*01	TRBV5-8*01	TRBJ2-1*01	CAESNAGKSTF	tgtgcagagtctaatgcaggcaaatcaaccttt	CALSGGGYNKLIF	tgtgctctgagtggtggtggctacaataagctgattttt	CASSPDYAGVSEQFF	tgtgccagcagcccggactacgcgggagttagtgagcagttcttc	2	1	2	2	1
clonotype3129	UNK_S	1	TRAV13-1*01	TRAJ49*01			TRBV10-3*01	TRBJ2-3*01	CAASPPGNQFYF	tgtgcagcaagtccccccggtaaccagttctatttt			CAISEATGRSDTQYF	tgtgccatcagtgaggcgacagggaggtcagatacgcagtatttt	1	0	1	1	1
clonotype313	UNK_S	1	TRAV1-1*01	TRAJ15*01			TRBV20-1*01	TRBJ2-1*01	CAVKGQAGTALIF	tgcgctgtgaaggggcaggcaggaactgctctgatcttt			CSAIPGHGKEQFF	tgcagtgctataccgggacacggcaaagagcagttcttc	1	0	1	1	1
clonotype3130	UNK_S	1	TRAV9-2*01	TRAJ49*01			TRBV7-9*01	TRBJ2-7*01	CALKNTGNQFYF	tgtgctctgaagaacaccggtaaccagttctatttt			CASSLAGTTYEQYV	tgtgccagcagcttagcagggacaacctacgagcagtacgtc	1	0	1	1	1
clonotype3131	UNK_S	1	TRAV26-1*01	TRAJ53*01			TRBV7-9*01	TRBJ1-2*01	CIVRVDSGGSNYKLTF	tgcatcgtcagagtcgatagtggaggtagcaactataaactgacattt			CASSLGQYHYGYTF	tgtgccagcagcttaggacagtaccactatggctacaccttc	1	0	1	1	1
clonotype3132	UNK_S	1	TRAV12-2*01	TRAJ37*01			TRBV7-9*01	TRBJ2-7*01	CAVTKTGKLIF	tgtgccgttactaagacaggcaaactaatcttt			CASSLSGRDYEQYF	tgtgccagcagcttaagcgggagggactacgagcagtacttc	1	0	1	1	1
clonotype3133	UNK_S	1	TRAV26-1*01	TRAJ27*01			TRBV7-9*01	TRBJ1-1*01	CIVRDLRNTNAGKSTF	tgcatcgtcagagacctccgcaacaccaatgcaggcaaatcaaccttt			CASSFSNRNTEAFF	tgtgccagcagcttctcaaacaggaacactgaagctttcttt	1	0	1	1	1
clonotype3134	UNK_S	1	TRAV9-2*01	TRAJ32*01			TRBV7-3*01	TRBJ1-2*01	CALMGATNKLIF	tgtgctctgatgggtgctacaaacaagctcatcttt			CASSLTPGNYGYTF	tgtgccagcagcttaacgccaggaaactatggctacaccttc	1	0	1	1	1
clonotype3135	UNK_S	1	TRAV26-2*01	TRAJ40*01			TRBV7-3*01	TRBJ1-2*01	CILRDKKFSGTYKYIF	tgcatcctgagagacaaaaaattctcaggaacctacaaatacatcttt			CASSLDPGGYGYTF	tgtgccagcagcttagatccgggcggctatggctacaccttc	1	0	1	1	1
clonotype3137	UNK_S	1	TRAV13-1*01	TRAJ4*01			TRBV11-2*01	TRBJ2-5*01	CAATPGYNKLIF	tgtgcagcaacccccggctacaataagctgattttt			CASRTGTAQETQYF	tgtgccagcagaaccgggacggcccaagagacccagtacttc	1	0	1	1	1
clonotype3138	UNK_S	1	TRAV27*01	TRAJ24*01			TRBV11-2*01	TRBJ2-2*01	CAGVWADSWGKLQF	tgtgcaggagtctgggctgacagctgggggaaattgcagttt			CASSMGQRTGELFF	tgtgccagcagcatgggacagcgcaccggggagctgtttttt	1	0	1	1	1
clonotype3139	UNK_S	1	TRAV2*01	TRAJ40*01			TRBV11-2*01	TRBJ2-2*01	CAVFSGTYKYIF	tgtgctgtgttctcaggaacctacaaatacatcttt			CASSLDRNTGELFF	tgtgccagcagcttagatcggaacaccggggagctgtttttt	1	0	1	1	1
clonotype314	UNK_S	1	TRAV26-2*01	TRAJ24*01			TRBV20-1*01	TRBJ2-7*01	CILTTDSWGKLQF	tgcatcctgacaactgacagctgggggaaattgcagttt			CSAPDRGSYEQYF	tgcagtgctcccgacaggggatcctacgagcagtacttc	1	0	1	1	1
clonotype3140	UNK_S	1	TRAV12-1*01	TRAJ9*01			TRBV11-2*01	TRBJ1-1*01	CVVIRGGFKTIF	tgtgtggtgatccgtggaggcttcaaaactatcttt			CASSLAGFNTEAFF	tgtgccagcagcttagcggggtttaacactgaagctttcttt	1	0	1	1	1
clonotype3141	UNK_S	1	TRAV39*01	TRAJ58*01			TRBV11-2*01	TRBJ1-2*01	CAVDEETSGSRLTF	tgtgccgtggacgaggaaaccagtggctctaggttgaccttt			CASSFENRRAGYTF	tgtgccagcagcttcgaaaacagacgggctggctacaccttc	1	0	1	1	1
clonotype3143	UNK_S	1	TRAV1-1*01	TRAJ6*01	TRAV6*01	TRAJ15*01	TRBV7-2*01	TRBJ2-1*01	CAVRDLAQGGSYIPTF	tgcgctgtgagagatctggcgcaaggaggaagctacatacctacattt	CALDIKAGTALIF	tgtgctctagacatcaaggcaggaactgctctgatcttt	CASSLEPQLGEQFF	tgtgccagcagcttagagccccaactaggtgagcagttcttc	2	1	2	2	1
clonotype3144	UNK_S	1	TRAV27*01	TRAJ35*01	TRAV17*01	TRAJ20*01	TRBV7-2*01	TRBJ2-1*01	CAPKRGGFGNVLHC	tgtgcccctaagagagggggctttgggaatgtgctgcattgc	CATDERSNDYKLSF	tgtgctacggatgaacgttctaacgactacaagctcagcttt	CASSLGTSANEQFF	tgtgccagcagcttggggactagcgccaatgagcagttcttc	2	1	2	2	1
clonotype3145	UNK_S	1	TRAV21*01	TRAJ49*01			TRBV10-2*01	TRBJ1-2*01	CAVRDTGNQFYF	tgtgctgtgagggacaccggtaaccagttctatttt			CASSESEGVGYGYTF	tgcgccagcagtgagtcggaaggggtgggttatggctacaccttc	1	0	1	1	1
clonotype3146	UNK_S	1	TRAV35*01	TRAJ29*01			TRBV10-2*01	TRBJ2-1*01	CAGPRVSGNTPLVF	tgtgctgggccgcgcgtatcaggaaacacacctcttgtcttt			CASIISGGSYNEQFF	tgcgccagcatcataagcgggggctcctacaatgagcagttcttc	1	0	1	1	1
clonotype3147	UNK_S	1	TRAV21*01	TRAJ45*01	TRAV22*01	TRAJ33*01	TRBV7-6*01	TRBJ2-1*01	CAAGLSGGGADGLTF	tgtgctgcgggcctttcaggaggaggtgctgacggactcaccttt	CAVESFVGNYQLIW	tgtgctgtggaatcgttcgtcggcaactatcagttaatctgg	CASSLNQRVVEQFF	tgtgccagcagcttaaatcagcgggtggttgagcagttcttc	2	1	2	2	1
clonotype3148	UNK_S	1	TRAV3*01	TRAJ16*01	TRAV2*01	TRAJ6*01	TRBV7-6*01	TRBJ2-5*01	CAVRDRFSDGQKLLF	tgtgctgtgagagatcggttttcagatggccagaagctgctcttt	CAAPGGSYIPTF	tgtgctgcgcccggaggaagctacatacctacattt	CASSLGRNQETQYF	tgtgccagcagcttaggacgaaaccaagagacccagtacttc	2	1	2	2	1
clonotype3149	UNK_S	1	TRAV8-1*01	TRAJ7*01			TRBV27*01	TRBJ2-1*01	CAVSGNNRLAF	tgtgccgtgagtgggaacaacagactcgctttt			CASRLNPSAYNEQFF	tgtgccagcaggctcaatccgtccgcctacaatgagcagttcttc	1	0	1	1	1
clonotype315	UNK_S	1	TRAV26-1*01	TRAJ37*01			TRBV20-1*01	TRBJ2-7*01	CIVILPPPGKLIF	tgcatcgtcatcctaccgccgccaggcaaactaatcttt			CSAPTSGSYEQYF	tgcagtgctccgactagcgggtcctacgagcagtacttc	1	0	1	1	1
clonotype3150	UNK_S	1	TRAV21*01	TRAJ8*01			TRBV27*01	TRBJ2-7*01	CAVNTGFQKLVF	tgtgctgtgaacacaggctttcagaaacttgtattt			CASSPGTSGTYEQYV	tgtgccagcagtcccgggactagcggtacctacgagcagtacgtc	1	0	1	1	1
clonotype3151	UNK_S	1	TRAV12-1*01	TRAJ33*01			TRBV27*01	TRBJ2-7*01	CVVNYGNYQLIW	tgtgtggtgaactacggcaactatcagttaatctgg			CASSSRTGTRSEQYF	tgtgccagcagttcgcggacagggactcggagcgagcagtacttc	1	0	1	1	1
clonotype3152	UNK_S	1	TRAV9-2*01	TRAJ43*01			TRBV27*01	TRBJ2-5*01	CALSALNNDMRF	tgtgctctgagtgccctaaacaatgacatgcgcttt			CASSWGGAAQETQYF	tgtgccagcagttggggtggagcggctcaagagacccagtacttc	1	0	1	1	1
clonotype3153	UNK_S	1	TRAV13-1*01	TRAJ49*01			TRBV27*01	TRBJ2-2*01	CAASRPGNQFYF	tgtgcagcaagtaggcccggtaaccagttctatttt			CASSLAVSGTGELFF	tgtgccagcagtttagccgtatcgggcaccggggagctgtttttt	1	0	1	1	1
clonotype3154	UNK_S	1	TRAV5*01	TRAJ34*01			TRBV27*01	TRBJ1-5*01	CAESDTDKLIF	tgtgcagagagtgacaccgacaagctcatcttt			CASSLGQHPNQPQHF	tgtgccagcagtttagggcagcatcctaatcagccccagcatttt	1	0	1	1	1
clonotype3155	UNK_S	1	TRAV4*01	TRAJ4*01			TRBV27*01	TRBJ1-2*01	CLVGDSLSGGYNKLIF	tgcctcgtgggtgactctctttctggtggctacaataagctgattttt			CASSLSQGGNYGYTF	tgtgccagcagtttatcacaaggggggaactatggctacaccttc	1	0	1	1	1
clonotype3156	UNK_S	1	TRAV39*01	TRAJ48*01			TRBV27*01	TRBJ2-2*01	CAVLSNFGNEKLTF	tgtgccgttttatctaactttggaaatgagaaattaaccttt			CASSFLRSNTGELFF	tgtgccagcagtttcctcagatcgaacaccggggagctgtttttt	1	0	1	1	1
clonotype3158	UNK_S	1	TRAV12-3*01	TRAJ43*01			TRBV5-4*01	TRBJ2-3*01	CAMSANDMRF	tgtgcaatgagcgcaaatgacatgcgcttt			CASSPTGPRADTQYF	tgtgccagcagcccgacaggtccgagggcagatacgcagtatttt	1	0	1	1	1
clonotype3159	UNK_S	1	TRAV12-1*01	TRAJ42*01	TRAV8-4*01	TRAJ34*01	TRBV5-5*01	TRBJ1-5*01	CVVNYRGSQGNLIF	tgtgtggtgaactatagaggaagccaaggaaatctcatcttt	CAVTDTDKLIF	tgtgctgtgacagacaccgacaagctcatcttt	CASSSDPNSNQPQHF	tgtgccagcagctcagacccaaatagcaatcagccccagcatttt	2	1	2	2	1
clonotype316	UNK_S	1	TRAV14/DV4*01	TRAJ20*01	TRAV4*01	TRAJ36*01	TRBV20-1*01	TRBJ1-5*01	CAMRETDYKLSF	tgtgcaatgagagaaaccgactacaagctcagcttt	CLVGETGANNLFF	tgcctcgtgggtgaaaccggggcaaacaacctcttcttt	CSAEDGNNQPQHF	tgcagtgctgaggacggaaacaatcagccccagcatttt	2	1	2	2	1
clonotype3160	UNK_S	1	TRAV13-1*01	TRAJ26*01			TRBV5-4*01	TRBJ2-1*01	CAAPPYGQNFVF	tgtgcagcccccccctatggtcagaattttgtcttt			CASSLTSGDYNEQFF	tgtgccagcagtttgactagcggggactacaatgagcagttcttc	1	0	1	1	1
clonotype3161	UNK_S	1	TRAV12-1*01	TRAJ9*01			TRBV5-1*01	TRBJ2-3*01	CVVNSGGFKTIF	tgtgtggtgaactctggaggcttcaaaactatcttt			CASSSGRIDTDTQYF	tgcgccagcagcagcgggagaatagacacagatacgcagtatttt	1	0	1	1	1
clonotype3162	UNK_S	1	TRAV17*01	TRAJ11*01			TRBV5-1*01	TRBJ2-2*01	CATDPGYSTLTF	tgtgctaccgacccaggatacagcaccctcaccttt			CASSPGTPNTGELFF	tgcgccagcagcccggggactccgaacaccggggagctgtttttt	1	0	1	1	1
clonotype3164	UNK_S	1	TRAV22*01	TRAJ22*01			TRBV5-1*01	TRBJ1-1*01	CAGGPSGSARQLTF	tgtgctggggggccttctggttctgcaaggcaactgaccttt			CASSSTPGQGAGPFF	tgcgccagcagctctaccccgggacagggggcagggcctttcttt	1	0	1	1	1
clonotype3165	UNK_S	1	TRAV8-3*01	TRAJ9*01			TRBV5-1*01	TRBJ2-7*01	CAYTGGFKTIF	tgtgcctatactggaggcttcaaaactatcttt			CASSWGGQGNYEQYF	tgcgccagcagctgggggggacagggaaactacgagcagtacttc	1	0	1	1	1
clonotype3166	UNK_S	1	TRAV2*01	TRAJ29*01			TRBV5-1*01	TRBJ1-1*01	CAVEGANTPLVF	tgtgctgtggagggcgcaaacacacctcttgtcttt			CASSLRGGMNTEAFF	tgcgccagcagcttaagaggagggatgaacactgaagctttcttt	1	0	1	1	1
clonotype3167	UNK_S	1	TRAV9-2*01	TRAJ39*01			TRBV5-1*01	TRBJ2-7*01	CALRASGNMLTF	tgtgctctgagggcttcaggcaacatgctcaccttt			CASSLGQGGEDEQYF	tgcgccagcagcttgggacagggtggcgaggacgagcagtacttc	1	0	1	1	1
clonotype3168	UNK_S	1	TRAV12-2*01	TRAJ47*01			TRBV12-4*01	TRBJ1-1*01	CAVNAGNKLVF	tgtgccgtgaacgctggaaacaagctggtcttt			CASSPTGASTEAFF	tgtgccagcagtccgacgggagcgagcactgaagctttcttt	1	0	1	1	1
clonotype3169	UNK_S	1	TRAV5*01	TRAJ31*01	TRAV3*01	TRAJ4*01	TRBV3-1*01	TRBJ2-7*01	CAEIENARLMF	tgtgcagagatagaaaatgccagactcatgttt	CAVRAGGSGGYNKLIF	tgtgctgtgagagccggtggttctggtggctacaataagctgattttt	CASSQAAGKVYEQYF	tgtgccagcagccaagcggcagggaaggtctacgagcagtacttc	2	1	2	2	1
clonotype317	UNK_S	1	TRAV27*01	TRAJ44*01			TRBV20-1*01	TRBJ1-2*01	CAGATASKLTF	tgtgcaggagccactgccagtaaactcaccttt			CSAADRVGYGYTF	tgcagtgctgcggacagggtcggctatggctacaccttc	1	0	1	1	1
clonotype3170	UNK_S	1	TRAV13-1*01	TRAJ48*01			TRBV3-1*01	TRBJ2-1*01	CAAKFGNEKLTF	tgtgcagcaaagtttggaaatgagaaattaaccttt			CASSQAGGPRNEQFF	tgtgccagcagccaagcgggagggcccaggaatgagcagttcttc	1	0	1	1	1
clonotype3171	UNK_S	1	TRAV26-1*01	TRAJ45*01			TRBV3-1*01	TRBJ1-5*01	CIVRVVSGGGADGLTF	tgcatcgtcagagtcgtttcaggaggaggtgctgacggactcaccttt			CASSQGLAGNQPQHF	tgtgccagcagccaaggattggctggcaatcagccccagcatttt	1	0	1	1	1
clonotype3172	UNK_S	1	TRAV26-1*01	TRAJ38*01	TRAV29/DV5*01	TRAJ20*01	TRBV3-1*01	TRBJ1-1*01	CIVRVANAGNNRKLIW	tgcatcgtcagagtcgcgaatgctggcaacaaccgtaagctgatttgg	CAAKGLNDYKLSF	tgtgcagcaaagggtcttaacgactacaagctcagcttt	CASSPRTGDTTEAFF	tgtgccagcagcccaaggacaggggacacaactgaagctttcttt	2	1	2	2	1
clonotype3173	UNK_S	1	TRAV21*01	TRAJ6*01			TRBV4-1*01	TRBJ1-2*01	CAESGGSYIPTF	tgtgctgaatcaggaggaagctacatacctacattt			CASSQEGRTDGRYTF	tgcgccagcagccaagaaggtcggacagacgggcgctacaccttc	1	0	1	1	1
clonotype3174	UNK_S	1	TRAV27*01	TRAJ49*01			TRBV4-1*01	TRBJ2-2*01	CAGDSWDTGNQFYF	tgtgcaggtgacagctgggacaccggtaaccagttctatttt			CASSQDKGQAGELFF	tgcgccagcagccaagataagggacaggccggggagctgtttttt	1	0	1	1	1
clonotype3175	UNK_S	1	TRAV22*01	TRAJ9*01			TRBV4-1*01	TRBJ2-2*01	CAVAWATGGFKTIF	tgtgctgtggcttgggctactggaggcttcaaaactatcttt			CASSQAGRNTGELFF	tgcgccagcagccaagcgggcaggaacaccggggagctgtttttt	1	0	1	1	1
clonotype3176	UNK_S	1	TRAV26-2*01	TRAJ26*01	TRAV21*01	TRAJ40*01	TRBV4-1*01	TRBJ2-7*01	CILRDLRDNYGQNFVF	tgcatcctgagagacctccgggataactatggtcagaattttgtcttt	CAVRPGTYKYIF	tgtgctgtgaggcctggaacctacaaatacatcttt	CASSLRLADYYEQYV	tgcgccagcagcctccggctagcggactactacgagcagtacgtc	2	1	2	2	1
clonotype3177	UNK_S	1	TRAV12-3*01	TRAJ21*01			TRBV4-3*01	TRBJ2-2*01	CAIRFNKFYF	tgtgcaatacggttcaacaaattttacttt			CASSQPGQNTGELFF	tgcgccagcagccaaccagggcagaacaccggggagctgtttttt	1	0	1	1	1
clonotype3178	UNK_S	1	TRAV35*01	TRAJ52*01			TRBV9*01	TRBJ1-1*01	CAGTGGTSYGKLTF	tgtgctgggactggtggtactagctatggaaagctgacattt			CASSGDRGWNTEAFF	tgtgccagcagcggagacaggggctggaacactgaagctttcttt	1	0	1	1	1
clonotype3179	UNK_S	1	TRAV12-1*01	TRAJ29*01			TRBV9*01	TRBJ2-2*01	CVVPSGNTPLVF	tgtgtggttccttcaggaaacacacctcttgtcttt			CASSVANFNTGELFF	tgtgccagcagcgtagcgaacttcaacaccggggagctgtttttt	1	0	1	1	1
clonotype318	UNK_S	1	TRAV13-2*01	TRAJ39*01			TRBV20-1*01	TRBJ1-5*01	CARNMLTF	tgtgcgcgcaacatgctcaccttt			CSGTPGYNQPQHF	tgcagtggtacgccagggtacaatcagccccagcatttt	1	0	1	1	1
clonotype3180	UNK_S	1	TRAV2*01	TRAJ17*01			TRBV9*01	TRBJ2-2*01	CAVRAAGNKLTF	tgtgctgtgagagctgcaggcaacaagctaactttt			CASSVRAGDTGELFF	tgtgccagcagcgttcgtgcaggggacaccggggagctgtttttt	1	0	1	1	1
clonotype3181	UNK_S	1	TRAV36/DV7*01	TRAJ56*01	TRAV36/DV7*01	TRAJ43*01	TRBV9*01	TRBJ1-2*01	CAAPGANSKLTF	tgtgctgcccctggagccaatagtaagctgacattt	CAVYNNNDMRF	tgtgctgtatacaataacaatgacatgcgcttt	CASSSPSTGRYGYTF	tgtgccagcagctccccatcgacagggcggtatggctacaccttc	2	1	2	2	1
clonotype3182	UNK_S	1	TRAV35*01	TRAJ53*01			TRBV11-3*01	TRBJ2-1*01	CAGQVGGSNYKLTF	tgtgctgggcaggttggaggtagcaactataaactgacattt			CASSSQESYNEQFF	tgtgccagcagctcgcaagagtcctacaatgagcagttcttc	1	0	1	1	1
clonotype3183	UNK_S	1	TRAV27*01	TRAJ37*01			TRBV11-3*01	TRBJ2-2*01	CAVAGSSNTGKLIF	tgtgcagttgcaggctctagcaacacaggcaaactaatcttt			CASSLRGPAGELFF	tgtgccagcagcttaagggggccggccggggagctgtttttt	1	0	1	1	1
clonotype3184	UNK_S	1	TRAV12-1*01	TRAJ48*01			TRBV15*01	TRBJ2-5*01	CVVNFGNEKLTF	tgtgtggtgaactttggaaatgagaaattaaccttt			CATKQRTSGQETQYF	tgtgccaccaaacagaggactagcgggcaagagacccagtacttc	1	0	1	1	1
clonotype3185	UNK_S	1	TRAV13-1*01	TRAJ26*01			TRBV15*01	TRBJ1-5*01	CAAIGYGQNFVF	tgtgcagcaattggatatggtcagaattttgtcttt			CATSRGEGGRQPQHF	tgtgccaccagcagaggggaaggggggcgtcagccccagcatttt	1	0	1	1	1
clonotype3186	UNK_S	1	TRAV2*01	TRAJ9*01			TRBV14*01	TRBJ2-3*01	CAVENGGFKTIF	tgtgctgtggagaatggaggcttcaaaactatcttt			CASSQVDGPNTQYF	tgtgccagcagccaagttgacggaccaaatacgcagtatttt	1	0	1	1	1
clonotype3187	UNK_S	1	TRAV8-3*01	TRAJ15*01			TRBV14*01	TRBJ1-1*01	CAVRAGTALIF	tgtgctgtgagggcaggaactgctctgatcttt			CASSHSGLNTEAFF	tgtgccagcagccactcggggctcaacactgaagctttcttt	1	0	1	1	1
clonotype3189	UNK_S	1	TRAV12-3*01	TRAJ43*01			TRBV19*01	TRBJ2-1*01	CAMSVGNDMRF	tgtgcaatgagcgtcgggaatgacatgcgcttt			CASSRTSGGYNEQFF	tgtgccagtagtaggactagcgggggctacaatgagcagttcttc	1	0	1	1	1
clonotype319	UNK_S	1	TRAV1-2*01	TRAJ6*01			TRBV5-1*01	TRBJ2-5*01	CAVKSGGSYIPTF	tgtgctgtgaaatcaggaggaagctacatacctacattt			CASSAEETQYF	tgcgccagcagcgccgaagagacccagtacttc	1	0	1	1	1
clonotype3190	UNK_S	1	TRAV4*01	TRAJ44*01			TRBV19*01	TRBJ1-3*01	CLVGGLGLTGTASKLTF	tgcctcgtgggtgggttgggattgaccggcactgccagtaaactcaccttt			CASSSRGQGGNTIYF	tgtgccagtagttcccggggacagggaggaaacaccatatatttt	1	0	1	1	1
clonotype3191	UNK_S	1	TRAV17*01	TRAJ39*01			TRBV19*01	TRBJ2-2*01	CATDANAGNMLTF	tgtgctacggacgctaatgcaggcaacatgctcaccttt			CASRTSGGPVGELFF	tgtgccagtagaacatcgggagggccggtcggggagctgtttttt	1	0	1	1	1
clonotype3192	UNK_S	1	TRAV21*01	TRAJ41*01			TRBV19*01	TRBJ1-1*01	CAVRVNSGYALNF	tgtgctgtgagggtaaattccgggtatgcactcaacttc			CASRLDRGLGTEAFF	tgtgccagtaggctggatcggggtttgggcactgaagctttcttt	1	0	1	1	1
clonotype3194	UNK_S	1	TRAV12-1*01	TRAJ38*01			TRBV19*01	TRBJ2-1*01	CVVNAGNNRKLIW	tgtgtggtgaatgctggcaacaaccgtaagctgatttgg			CASSTPNRGGNEQFF	tgtgccagtagtacgcccaacaggggcgggaatgagcagttcttc	1	0	1	1	1
clonotype3195	UNK_S	1	TRAV13-2*01	TRAJ31*01			TRBV19*01	TRBJ2-6*01	CAERGNNARLMF	tgtgcagagaggggcaacaatgccagactcatgttt			CASSIEDRGANVLTF	tgtgccagtagtatagaggacaggggggccaacgtcctgactttc	1	0	1	1	1
clonotype3196	UNK_S	1	TRAV20*01	TRAJ43*01			TRBV19*01	TRBJ1-1*01	CAVQAYNNNDMRF	tgtgctgtgcaggcgtacaataacaatgacatgcgcttt			CASSLRGTGRTEAFF	tgtgccagtagtctcagagggacaggacgcactgaagctttcttt	1	0	1	1	1
clonotype3197	UNK_S	1	TRAV39*01	TRAJ50*01			TRBV19*01	TRBJ1-5*01	CAVASAKTSYDKVIF	tgtgccgtggcctcagcgaaaacctcctacgacaaggtgatattt			CASSSGTGVYQPQHF	tgtgccagtagttccgggacaggggtttatcagccccagcatttt	1	0	1	1	1
clonotype3198	UNK_S	1	TRAV41*01	TRAJ42*01	TRAV17*01	TRAJ54*01	TRBV6-6*01	TRBJ2-4*01	CAVGDYGGSQGNLIF	tgtgctgtcggggattatggaggaagccaaggaaatctcatcttt	CAWVFQGAQKLVF	tgtgcttgggtgtttcagggagcccagaagctggtattt	CASSYSGTHKNIQYF	tgtgccagcagttacagtgggactcacaaaaacattcagtacttc	2	1	2	2	1
clonotype3199	UNK_S	1	TRAV26-2*01	TRAJ17*01			TRBV6-6*01	TRBJ1-5*01	CILRASPIKAAGNKLTF	tgcatcctgagagcttcccccatcaaagctgcaggcaacaagctaactttt			CASCPWAVGNQPQHF	tgtgccagctgcccgtgggcggtaggcaatcagccccagcatttt	1	0	1	1	1
clonotype320	UNK_S	1	TRAV25*01	TRAJ54*01			TRBV6-5*01	TRBJ2-5*01	CAGPQGAQKLVF	tgtgcagggccccagggagcccagaagctggtattt			CASKFLETQYF	tgtgccagcaaattcttagagacccagtacttc	1	0	1	1	1
clonotype3200	UNK_S	1	TRAV38-1*01	TRAJ31*01			TRBV6-6*01	TRBJ2-2*01	CAFMNARLMF	tgtgctttcatgaatgccagactcatgttt			CASSYGRERTGELFF	tgtgccagcagttacgggcgggagcggaccggggagctgtttttt	1	0	1	1	1
clonotype3201	UNK_S	1	TRAV19*01	TRAJ43*01			TRBV6-5*01	TRBJ2-5*01	CALSNNDMRF	tgtgctctgagtaacaatgacatgcgcttt			CASRRTSDRKRTQYF	tgtgccagcagaaggactagcgaccgcaaaaggacccagtacttc	1	0	1	1	1
clonotype3202	UNK_S	1	TRAV2*01	TRAJ11*01			TRBV6-5*01	TRBJ2-5*01	CAVAPSGYSTLTF	tgtgctgtggccccttcgggatacagcaccctcaccttt			CASSNRDRGEETQYF	tgtgccagcagcaaccgggacaggggggaagagacccagtacttc	1	0	1	1	1
clonotype3203	UNK_S	1	TRAV17*01	TRAJ39*01			TRBV6-5*01	TRBJ1-1*01	CASLNNAGNMLTF	tgtgcttccctgaataatgcaggcaacatgctcaccttt			CASRGKTGAYTEAFF	tgtgccagcagggggaaaacgggcgcttacactgaagctttcttt	1	0	1	1	1
clonotype3204	UNK_S	1	TRAV13-1*01	TRAJ7*01			TRBV6-5*01	TRBJ1-1*01	CAAKSGGNNRLAF	tgtgcagcaaaatcgggcgggaacaacagactcgctttt			CASSYLVGGNTEAFF	tgtgccagcagttacttggtaggggggaacactgaagctttcttt	1	0	1	1	1
clonotype3205	UNK_S	1	TRAV2*01	TRAJ8*01	TRAV2*01	TRAJ27*01	TRBV6-5*01	TRBJ2-1*01	CAVEDRSTGFQKLVF	tgtgctgtggaggatcgtagcacaggctttcagaaacttgtattt	CAAYNTNAGKSTF	tgtgctgcctataacaccaatgcaggcaaatcaaccttt	CASSKGPSSYNEQFF	tgtgccagttcaaaggggccgagctcctacaatgagcagttcttc	2	1	2	2	1
clonotype3206	UNK_S	1	TRAV35*01	TRAJ50*01			TRBV6-1*01	TRBJ2-6*01	CAGHSLSTSYDKVIF	tgtgctgggcattcgttgtcgacctcctacgacaaggtgatattt			CASRPTGTGANVLTF	tgtgccagcagaccaacagggactggggccaacgtcctgactttc	1	0	1	1	1
clonotype3207	UNK_S	1	TRAV8-4*01	TRAJ43*01			TRBV6-1*01	TRBJ1-4*01	CAVSQNNNDMRF	tgtgctgtgagccagaataacaatgacatgcgcttt			CASSQARGGNEKLFF	tgtgccagcagccaagccaggggggggaatgaaaaactgtttttt	1	0	1	1	1
clonotype3208	UNK_S	1	TRAV41*01	TRAJ35*01	TRAV29/DV5*01	TRAJ43*01	TRBV6-1*01	TRBJ1-5*01	CGAPIGFGNVLHC	tgtggggccccaataggctttgggaatgtgctgcattgc	CAAIPNNNDMRF	tgtgcagcaatcccaaataacaatgacatgcgcttt	CASSLRWGAYQPQHF	tgtgccagcagcctccggtggggggcttatcagccccagcatttt	2	1	2	2	1
clonotype3209	UNK_S	1	TRAV8-1*01	TRAJ39*01	TRAV8-3*01	TRAJ35*01	TRBV6-1*01	TRBJ2-7*01	CAVNANAGNMLTF	tgtgccgtgaatgcgaatgcaggcaacatgctcaccttt	CAVRGFGNVLHC	tgtgctgtaaggggctttgggaatgtgctgcattgc	CASSEAGRQPYEQYF	tgtgccagcagtgaagcgggacggcaaccctacgagcagtacttc	2	1	2	2	1
clonotype321	UNK_S	1	TRAV26-1*01	TRAJ39*01			TRBV30*01	TRBJ1-5*01	CIVRVGNAGNMLTF	tgcatcgtcagagtcggaaatgcaggcaacatgctcaccttt			CAWSGQGSQPQHF	tgtgcctggagtggacagggaagtcagccccagcatttt	1	0	1	1	1
clonotype3210	UNK_S	1	TRAV13-1*01	TRAJ15*01			TRBV6-1*01	TRBJ1-5*01	CAASKQAGTALIF	tgtgcagcaagtaaacaggcaggaactgctctgatcttt			CASSEGSHSNQPQHF	tgtgccagcagtgaaggtagccatagcaatcagccccagcatttt	1	0	1	1	1
clonotype3211	UNK_S	1	TRAV4*01	TRAJ21*01	TRAV13-2*01	TRAJ15*01	TRBV6-1*01	TRBJ2-7*01	CLVGATFTIYNFNKFYF	tgcctcgtgggtgccacgttcaccatatacaacttcaacaaattttacttt	CAENRHGQNQAGTALIF	tgtgcagagaaccgccacggacagaaccaggcaggaactgctctgatcttt	CASSSPGQGSYEQYV	tgtgccagcagttccccgggacagggttcctacgagcagtacgtc	2	1	2	2	1
clonotype3212	UNK_S	1	TRAV8-1*01	TRAJ27*01			TRBV6-2*01	TRBJ2-7*01	CAVLTNAGKSTF	tgtgccgtcctcaccaatgcaggcaaatcaaccttt			CASSYHQREGQVQYF	tgtgccagcagttatcaccagcgggagggccaggtgcagtacttc	1	0	1	1	1
clonotype3213	UNK_S	1	TRAV17*01	TRAJ34*01			TRBV6-2*01	TRBJ1-6*01	CATVPYNTDKLIF	tgtgctacggtcccatataacaccgacaagctcatcttt			CASGLRSSYNSPLHF	tgtgccagcggattgcgtagctcctataattcacccctccacttt	1	0	1	1	1
clonotype3214	UNK_S	1	TRAV21*01	TRAJ22*01			TRBV6-2*01	TRBJ2-2*01	CAVNLGSARQLTF	tgtgctgtgaatttgggttctgcaaggcaactgaccttt			CASSFTRTPTGELFF	tgtgccagcagcttcactaggacgccgaccggggagctgtttttt	1	0	1	1	1
clonotype3215	UNK_S	1	TRAV19*01	TRAJ9*01	TRAV12-2*01	TRAJ33*01	TRBV6-2*01	TRBJ2-7*01	CALSEANTGGFKTIF	tgtgctctgagtgaggcgaatactggaggcttcaaaactatcttt	CAGMDSNYQLIW	tgtgccgggatggatagcaactatcagttaatctgg	CASSNSGTRRSEQYV	tgtgccagcagtaactccgggacacgtcgaagcgagcagtacgtc	2	1	2	2	1
clonotype3216	UNK_S	1	TRAV26-2*01	TRAJ45*01			TRBV6-2*01	TRBJ2-7*01	CILRAPPSGGGADGLTF	tgcatcctgagagcccctccttcaggaggaggtgctgacggactcaccttt			CASSYSGTGRYEQYV	tgtgccagcagttactcggggacaggacgctacgagcagtacgtc	1	0	1	1	1
clonotype3217	UNK_S	1	TRAV9-2*01	TRAJ47*01			TRBV6-2*01	TRBJ1-6*01	CALSVEYGNKLVF	tgtgctctgagtgtggaatatggaaacaagctggtcttt			CASGARGLRGSPLHF	tgtgccagcggagccaggggcctacggggttcacccctccacttt	1	0	1	1	1
clonotype3218	UNK_S	1	TRAV41*01	TRAJ57*01			TRBV30*01	TRBJ2-1*01	CAVGEGGSEKLVF	tgtgctgtcggtgagggcggatctgaaaagctggtcttt			CAWSPALTSGSYNEQFF	tgtgcctggagtcccgcgctaactagcgggagttacaatgagcagttcttc	1	0	1	1	1
clonotype3219	UNK_S	1	TRAV38-2/DV8*01	TRAJ40*01	TRAV13-1*01	TRAJ41*01	TRBV20-1*01	TRBJ2-5*01	CASRALGTYKYIF	tgtgcttctagggcgttgggaacctacaaatacatcttt	CAAVFHSGYALNF	tgtgcagcagtattccattccgggtatgcactcaacttc	CSAGGIAGGVIQETQYF	tgcagtgcggggggcatagcgggaggcgttatccaagagacccagtacttc	2	1	2	2	1
clonotype322	UNK_S	1	TRAV26-2*01	TRAJ49*01			TRBV30*01	TRBJ1-6*01	CILRDVRAGNQFYF	tgcatcctgagagacgtgagggccggtaaccagttctatttt			CAWSRDSYSPLHF	tgtgcctggagtagggacagttattcacccctccacttt	1	0	1	1	1
clonotype3220	UNK_S	1	TRAV12-1*01	TRAJ34*01			TRBV20-1*01	TRBJ2-1*01	CVVNFYNTDKLIF	tgtgtggtgaacttttataacaccgacaagctcatcttt			CSARPDKGWTSYNEQFF	tgcagtgctagaccggacaaggggtggacgtcctacaatgagcagttcttc	1	0	1	1	1
clonotype3221	UNK_S	1	TRAV12-1*01	TRAJ42*01			TRBV20-1*01	TRBJ2-1*01	CVVDGGSQGNLIF	tgtgtggtggacggaggaagccaaggaaatctcatcttt			CSARDRLAGGPGNEQFF	tgcagtgctagagatcggctagcgggagggccgggcaatgagcagttcttc	1	0	1	1	1
clonotype3222	UNK_S	1	TRAV13-1*01	TRAJ15*01			TRBV20-1*01	TRBJ2-1*01	CAAIPQAGTALIF	tgtgcagcaatcccccaggcaggaactgctctgatcttt			CSASPQASGVAYNEQFF	tgcagtgcctccccccaagctagcggagtagcctacaatgagcagttcttc	1	0	1	1	1
clonotype3223	UNK_S	1	TRAV9-2*01	TRAJ31*01			TRBV18*01	TRBJ2-1*01	CALSDGNNARLMF	tgtgctctgagtgatggcaacaatgccagactcatgttt			CASSREASYNEQFF	tgtgccagctcccgtgaggcgtcatacaatgagcagttcttc	1	0	1	1	1
clonotype3224	UNK_S	1	TRAV9-2*01	TRAJ8*01			TRBV18*01	TRBJ1-4*01	CALSSTGFQKLVF	tgtgctctgagttcaacaggctttcagaaacttgtattt			CASSPGQGNEKLFF	tgtgccagctcaccgggacaggggaatgaaaaactgtttttt	1	0	1	1	1
clonotype3225	UNK_S	1	TRAV5*01	TRAJ15*01	TRAV2*01	TRAJ32*01	TRBV12-4*01	TRBJ2-3*01	CAESPLNQAGTALIF	tgtgcagagagtcctctgaaccaggcaggaactgctctgatcttt	CAVVSGATNKLIF	tgtgctgtggttagtggtgctacaaacaagctcatcttt	CASSQGQITDTQYF	tgtgccagcagtcagggacagatcacagatacgcagtatttt	2	1	2	2	1
clonotype3226	UNK_S	1	TRAV3*01	TRAJ3*01	TRAV2*01	TRAJ6*01	TRBV12-4*01	TRBJ2-7*01	CAPPDSSASKIIF	tgtgctcccccggacagcagtgcttccaagataatcttt	CAVASGGSYIPTF	tgtgctgtggcttcaggaggaagctacatacctacattt	CASSLKAGPYEQYF	tgtgccagcagtttaaaagcgggtccatacgagcagtacttc	2	1	2	2	1
clonotype3228	UNK_S	1	TRAV12-2*01	TRAJ37*01	TRAV12-1*01	TRAJ10*01	TRBV12-3*01	TRBJ1-5*01	CAVPGSSNTGKLIF	tgtgccgtgcccggctctagcaacacaggcaaactaatcttt	CVVNTGGGNKLTF	tgtgtggtgaacacgggaggaggaaacaaactcaccttt	CASSLGASNQPQHF	tgtgccagcagtttgggtgcctccaatcagccccagcatttt	2	1	2	2	1
clonotype3229	UNK_S	1	TRAV2*01	TRAJ47*01			TRBV12-3*01	TRBJ2-7*01	CAVEGEYGNKLVF	tgtgctgtggaaggggaatatggaaacaagctggtcttt			CASSFLRKPYEQYF	tgtgccagcagttttctacggaagccctacgagcagtacttc	1	0	1	1	1
clonotype323	UNK_S	1	TRAV26-1*01	TRAJ47*01			TRBV29-1*01	TRBJ1-1*01	CIVRGFSYGNKLVF	tgcatcgtcagaggcttctcatatggaaacaagctggtcttt			CSVEGLDNTEAFF	tgcagcgttgagggtctggataacactgaagctttcttt	1	0	1	1	1
clonotype3230	UNK_S	1	TRAV30*01	TRAJ37*01			TRBV12-3*01	TRBJ2-3*01	CGTDSSNTGKLIF	tgcggcacagactctagcaacacaggcaaactaatcttt			CASGGDASTDTQYF	tgtgccagcggaggggacgctagcacagatacgcagtatttt	1	0	1	1	1
clonotype3231	UNK_S	1	TRAV17*01	TRAJ57*01			TRBV2*01	TRBJ1-5*01	CTDTQGGSEKLVF	tgtaccgacactcagggcggatctgaaaagctggtcttt			CASKKGVGYQPQHF	tgtgccagcaaaaaaggggtcggctatcagccccagcatttt	1	0	1	1	1
clonotype3232	UNK_S	1	TRAV36/DV7*01	TRAJ49*01	TRAV27*01	TRAJ50*01	TRBV2*01	TRBJ2-2*01	CAVEAWNTGNQFYF	tgtgctgtggaggcctggaacaccggtaaccagttctatttt	CAGVGVKTSYDKVIF	tgtgcaggagtgggagtgaaaacctcctacgacaaggtgatattt	CASRLLLNTGELFF	tgtgccagcagactgctattaaacaccggggagctgtttttt	2	1	2	2	1
clonotype3233	UNK_S	1	TRAV13-1*01	TRAJ26*01			TRBV2*01	TRBJ2-1*01	CAASRYYGQNFVF	tgtgcagcaagtcggtactatggtcagaattttgtcttt			CASRDGQGMNEQFF	tgtgccagcagggacggacaggggatgaatgagcagttcttc	1	0	1	1	1
clonotype3234	UNK_S	1	TRAV21*01	TRAJ33*01			TRBV2*01	TRBJ2-3*01	CAVCMDSNYQLIW	tgtgctgtttgcatggatagcaactatcagttaatctgg			CASRASWSTDTQYF	tgtgccagcagggctagttggagcacagatacgcagtatttt	1	0	1	1	1
clonotype3235	UNK_S	1	TRAV13-1*01	TRAJ29*01	TRAV12-2*01	TRAJ26*01	TRBV2*01	TRBJ2-5*01	CAAPLSGNTPLVF	tgtgcagctcccctttcaggaaacacacctcttgtcttt	CAVNSYGQNFVF	tgtgccgtgaactcgtatggtcagaattttgtcttt	CASSRDFGDITQYF	tgtgccagcagtcgggactttggggacatcacccagtacttc	2	1	2	2	1
clonotype3237	UNK_S	1	TRAV13-2*01	TRAJ23*01			TRBV2*01	TRBJ1-5*01	CAEIKEGGKLIF	tgtgcagagatcaaggagggaggaaagcttatcttc			CASSDSGVNQPQHF	tgtgccagcagtgattcaggcgtcaatcagccccagcatttt	1	0	1	1	1
clonotype3238	UNK_S	1	TRAV9-2*01	TRAJ47*01			TRBV2*01	TRBJ2-3*01	CALQMEYGNKLVF	tgtgctctgcaaatggaatatggaaacaagctggtcttt			CASSSGTRSSTQYF	tgtgccagcagttccgggactagatcctctacgcagtatttt	1	0	1	1	1
clonotype3239	UNK_S	1	TRAV41*01	TRAJ45*01			TRBV2*01	TRBJ1-5*01	CAGSGGGADGLTF	tgtgctggctcaggaggaggtgctgacggactcaccttt			CASGYRVGNQPQHF	tgtgccagcggttacagggtcggcaatcagccccagcatttt	1	0	1	1	1
clonotype324	UNK_S	1	TRAV25*01	TRAJ9*01	TRAV14/DV4*01	TRAJ43*01	TRBV29-1*01	TRBJ1-4*01	CADPTGGFKTIF	tgtgcagaccctactggaggcttcaaaactatcttt	CAMRGPPRGDNDMRF	tgtgcaatgagaggcccgccccgaggggacaatgacatgcgcttt	CSVGTGVGEKLFF	tgcagcgttgggacaggcgtcggtgaaaaactgtttttt	2	1	2	2	1
clonotype3241	UNK_S	1	TRAV35*01	TRAJ28*01			TRBV28*01	TRBJ2-3*01	CAGGDSGAGSYQLTF	tgtgctgggggcgactctggggctgggagttaccaactcactttc			CASSPLRRVTDTQYF	tgtgccagcagccccctgaggcgggttacagatacgcagtatttt	1	0	1	1	1
clonotype3242	UNK_S	1	TRAV9-2*01	TRAJ15*01			TRBV28*01	TRBJ2-3*01	CALTNQAGTALIF	tgtgctctgacaaaccaggcaggaactgctctgatcttt			CASRTDLLNTDTQYF	tgtgccagcaggacggaccttctcaatacagatacgcagtatttt	1	0	1	1	1
clonotype3243	UNK_S	1	TRAV2*01	TRAJ6*01	TRAV8-3*01	TRAJ20*01	TRBV28*01	TRBJ2-1*01	CAVEDRGSYIPTF	tgtgctgtggaggatcgagggagctacatacctacattt	CAVGASVDDYKLSF	tgtgctgtgggggcttctgtcgacgactacaagctcagcttt	CASRPQGAKYNEQFF	tgtgccagcaggccccagggggcgaaatacaatgagcagttcttc	2	1	2	2	1
clonotype3245	UNK_S	1	TRAV13-2*01	TRAJ6*01			TRBV28*01	TRBJ2-3*01	CAEKRGSYIPTF	tgtgcagagaaaagaggaagctacatacctacattt			CASGLGQATTDTQYF	tgtgccagcggattgggacaggccactacggatacgcagtatttt	1	0	1	1	1
clonotype3246	UNK_S	1	TRAV21*01	TRAJ35*01			TRBV5-8*01	TRBJ1-5*01	CAGKIGFGNVLHC	tgtgctgggaagataggctttgggaatgtgctgcattgc			CASSLGQGYNQPQHF	tgtgccagcagcttgggacagggatacaatcagccccagcatttt	1	0	1	1	1
clonotype3247	UNK_S	1	TRAV14/DV4*01	TRAJ23*01	TRAV12-1*01	TRAJ33*01	TRBV10-3*01	TRBJ2-1*01	CAMRAIYNQGGKLIF	tgtgcaatgagagctatttataaccagggaggaaagcttatcttc	CVVTRGSNYQLIW	tgtgtggtgactagggggagcaactatcagttaatctgg	CAISPGTSENNEQFF	tgtgccatcagccccgggactagcgagaacaatgagcagttcttc	2	1	2	2	1
clonotype3248	UNK_S	1	TRAV13-2*01	TRAJ23*01	TRAV12-3*01	TRAJ31*01	TRBV10-3*01	TRBJ2-1*01	CAENTNQGGKLIF	tgtgcagagaataccaaccagggaggaaagcttatcttc	CAMSNNARLMF	tgtgcaatgagcaacaatgccagactcatgttt	CAISDTSIGNNEQFF	tgtgccatcagtgatactagtataggaaacaatgagcagttcttc	2	1	2	2	1
clonotype3249	UNK_S	1	TRAV12-1*01	TRAJ41*01			TRBV7-9*01	TRBJ2-7*01	CVVNADSGYALNF	tgtgtggtgaacgcagattccgggtatgcactcaacttc			CASSLEQGWDEQYV	tgtgccagcagcttagaacaggggtgggacgagcagtacgtc	1	0	1	1	1
clonotype325	UNK_S	1	TRAV26-1*01	TRAJ57*01			TRBV20-1*01	TRBJ2-1*01	CIVLGSGGSEKLVF	tgcatcgtcctcgggtcgggcggatctgaaaagctggtcttt			CSATGGKQNEQFF	tgcagtgcaacagggggcaagcagaatgagcagttcttc	1	0	1	1	1
clonotype3250	UNK_S	1	TRAV13-2*01	TRAJ6*01			TRBV7-9*01	TRBJ1-5*01	CAEIQGSYIPTF	tgtgcagagatacaaggaagctacatacctacattt			CASSLDRGPQPQHF	tgtgccagcagcttagacagggggcctcagccccagcatttt	1	0	1	1	1
clonotype3251	UNK_S	1	TRAV8-3*01	TRAJ49*01			TRBV7-9*01	TRBJ2-5*01	CAVGNTGNQFYF	tgtgctgtgggcaacaccggtaaccagttctatttt			CASSFTSGPETQYF	tgtgccagcagcttcactagcggcccagagacccagtacttc	1	0	1	1	1
clonotype3252	UNK_S	1	TRAV26-1*01	TRAJ22*01			TRBV7-9*01	TRBJ1-4*01	CIVRVALSSGSARQLTF	tgcatcgtcagagttgcgctttcttctggttctgcaaggcaactgaccttt			CASSQRAESEKLFF	tgtgccagcagccagcgggcggagagtgaaaaactgtttttt	1	0	1	1	1
clonotype3253	UNK_S	1	TRAV38-2/DV8*01	TRAJ30*01			TRBV7-9*01	TRBJ2-7*01	CAYRDDKIIF	tgtgcttacagagatgacaagatcatcttt			CASSFSGETYEQYF	tgtgccagcagctttagtggcgagacctacgagcagtacttc	1	0	1	1	1
clonotype3254	UNK_S	1	TRAV8-4*01	TRAJ30*01			TRBV7-9*01	TRBJ1-5*01	CAVEGRDDKIIF	tgtgctgtcgaggggagagatgacaagatcatcttt			CASSFDRDNQPQHF	tgtgccagcagctttgacagggacaatcagccccagcatttt	1	0	1	1	1
clonotype3255	UNK_S	1	TRAV8-6*01	TRAJ49*01			TRBV7-3*01	TRBJ2-3*01	CAVSVGGNQFYF	tgtgctgtgagtgtcggcggtaaccagttctatttt			CASSVTTGADTQYF	tgtgccagcagcgtaacgacaggggcagatacgcagtatttt	1	0	1	1	1
clonotype3256	UNK_S	1	TRAV3*01	TRAJ30*01			TRBV7-3*01	TRBJ2-3*01	CAVRNRDDKIIF	tgtgctgtgagaaacagagatgacaagatcatcttt			CASSSPGVRDTQYF	tgtgccagcagctcccccggagttagggatacgcagtatttt	1	0	1	1	1
clonotype3258	UNK_S	1	TRAV39*01	TRAJ28*01			TRBV7-3*01	TRBJ1-1*01	CAVPPSGAGSYQLTF	tgtgccgtgcccccttctggggctgggagttaccaactcactttc			CASSLMGGPMQAFF	tgtgccagcagcttaatgggagggccgatgcaagctttcttt	1	0	1	1	1
clonotype3259	UNK_S	1	TRAV9-2*01	TRAJ5*01			TRBV7-3*01	TRBJ1-6*01	CALSASGRRALTF	tgtgctctgagtgcttcgggcaggagagcacttactttt			CASSLGTENSPLHF	tgtgccagcagcttagggacagagaattcacccctccacttt	1	0	1	1	1
clonotype326	UNK_S	1	TRAV26-2*01	TRAJ8*01			TRBV20-1*01	TRBJ1-5*01	CILRDPPGFQKLVF	tgcatcctgagagaccccccaggctttcagaaacttgtattt			CSATGTGNQPQHF	tgcagtgcaaccgggacagggaatcagccccagcatttt	1	0	1	1	1
clonotype3260	UNK_S	1	TRAV21*01	TRAJ17*01			TRBV7-3*01	TRBJ2-7*01	CAAFKAAGNKLTF	tgtgctgccttcaaagctgcaggcaacaagctaactttt			CASSLYPGYDEQYF	tgtgccagcagcttatacccagggtacgacgagcagtacttc	1	0	1	1	1
clonotype3261	UNK_S	1	TRAV8-2*01	TRAJ10*01			TRBV11-2*01	TRBJ2-3*01	CVVRGGGNKLTF	tgtgttgtgaggggtgggggaaacaaactcaccttt			CASSSRQGTDTQYF	tgtgccagcagctctcgacagggaacagatacgcagtatttt	1	0	1	1	1
clonotype3262	UNK_S	1	TRAV5*01	TRAJ23*01			TRBV11-2*01	TRBJ2-1*01	CAESNQGGKLIF	tgtgcagagagtaaccagggaggaaagcttatcttc			CASSLDYLVNEQFF	tgtgccagcagcttagattacctagtcaatgagcagttcttc	1	0	1	1	1
clonotype3263	UNK_S	1	TRAV12-2*01	TRAJ26*01			TRBV7-8*01	TRBJ2-7*01	CAVNNYGQNFVF	tgtgccgttaataactatggtcagaattttgtcttt			CASSLGGSSYEQYF	tgtgccagcagcctaggggggagctcctacgagcagtacttc	1	0	1	1	1
clonotype3264	UNK_S	1	TRAV12-2*01	TRAJ27*01	TRAV35*01	TRAJ52*01	TRBV7-8*01	TRBJ2-5*01	CAVNTNAGKSTF	tgtgccgtgaacaccaatgcaggcaaatcaaccttt	CAGPPGANAGGTSYGKLTF	tgtgctgggcctcccggagctaatgctggtggtactagctatggaaagctgacattt	CASSLDTNQETQYF	tgtgccagcagcttagacaccaaccaagagacccagtacttc	2	1	2	2	1
clonotype3265	UNK_S	1	TRAV12-1*01	TRAJ15*01			TRBV7-8*01	TRBJ1-1*01	CVVSLQAGTALIF	tgtgtggtgtccctccaggcaggaactgctctgatcttt			CASSFRDMNTEAFF	tgtgccagcagcttcagggacatgaacactgaagctttcttt	1	0	1	1	1
clonotype3266	UNK_S	1	TRAV27*01	TRAJ53*01			TRBV7-2*01	TRBJ2-7*01	CAGEGGGGSNYKLTF	tgtgctggggaagggggtggaggtagcaactataaactgacattt			CASSLDAGALEQYV	tgtgccagcagcttagatgcgggggctctcgagcagtacgtc	1	0	1	1	1
clonotype3267	UNK_S	1	TRAV17*01	TRAJ39*01	TRAV30*01	TRAJ35*01	TRBV7-2*01	TRBJ2-1*01	CATANNAGNMLTF	tgtgctacggccaataatgcaggcaacatgctcaccttt	CGTEAIIGFGNVLHC	tgcggcacagaggcgataataggctttgggaatgtgctgcattgc	CASSLGVVANEQFF	tgtgccagcagcttaggagtagtcgccaatgagcagttcttc	2	1	2	2	1
clonotype3269	UNK_S	1	TRAV35*01	TRAJ53*01			TRBV7-2*01	TRBJ1-2*01	CAGLNSGGSNYKLTF	tgtgctggcctcaatagtggaggtagcaactataaactgacattt			CASSFLRDSLGYTF	tgtgccagcagctttctccgggacagccttggctacaccttc	1	0	1	1	1
clonotype327	UNK_S	1	TRAV4*01	TRAJ30*01			TRBV20-1*01	TRBJ2-7*01	CLVGVLNRDDKIIF	tgcctcgtgggtgtcctgaacagagatgacaagatcatcttt			CSAGSGVRDEQYF	tgcagtgctgggtctggcgtgcgggacgagcagtacttc	1	0	1	1	1
clonotype3270	UNK_S	1	TRAV25*01	TRAJ53*01			TRBV7-2*01	TRBJ2-7*01	CALAGVGGSNYKLTF	tgtgcgctagcgggcgttggaggtagcaactataaactgacattt			CASSLAGLTYEQYF	tgtgccagcagcttagcgggacttacctacgaacagtacttc	1	0	1	1	1
clonotype3272	UNK_S	1	TRAV13-1*01	TRAJ48*01			TRBV10-2*01	TRBJ2-4*01	CAAHNFGNEKLTF	tgtgcagcacacaactttggaaatgagaaattaaccttt			CASSDLGAAKNIQYF	tgcgccagcagtgacctcggtgcggccaaaaacattcagtacttc	1	0	1	1	1
clonotype3273	UNK_S	1	TRAV9-2*01	TRAJ20*01			TRBV27*01	TRBJ2-4*01	CALSASNDYKLSF	tgtgctctgagtgcctctaacgactacaagctcagcttt			CASRGGAVAKNIQYF	tgtgccagcagggggggagcggtagccaaaaacattcagtacttc	1	0	1	1	1
clonotype3274	UNK_S	1	TRAV26-2*01	TRAJ52*01			TRBV27*01	TRBJ1-1*01	CILRDTAGGTSYGKLTF	tgcatcctgagagatacagctggtggtactagctatggaaagctgacattt			CASSTLRIVGTEAFF	tgtgccagcagtaccctgcggatagtaggcactgaagctttcttt	1	0	1	1	1
clonotype3275	UNK_S	1	TRAV3*01	TRAJ20*01	TRAV22*01	TRAJ37*01	TRBV27*01	TRBJ2-1*01	CAVRDSGDYKLSF	tgtgctgtgagagacagtggcgactacaagctcagcttt	CAGSHGSSNTGKLIF	tgtgctgggtctcacggctctagcaacacaggcaaactaatcttt	CASSHTGQGNNEQFF	tgtgccagcagtcatacgggacaggggaacaatgagcagttcttc	2	1	2	2	1
clonotype3276	UNK_S	1	TRAV12-1*01	TRAJ23*01			TRBV27*01	TRBJ2-1*01	CVVNSGKGGKLIF	tgtgtggtgaacagcgggaagggaggaaagcttatcttc			CASSPHLLSYNEQFF	tgtgccagcagtccccacctactttcctacaatgagcagttcttc	1	0	1	1	1
clonotype3278	UNK_S	1	TRAV17*01	TRAJ56*01			TRBV27*01	TRBJ2-1*01	CATDTQANSKLTF	tgtgctacggacacccaagccaatagtaagctgacattt			CASSLRGRAYNEQFF	tgtgccagcagtttacgggggagggcctacaatgagcagttcttc	1	0	1	1	1
clonotype3279	UNK_S	1	TRAV8-3*01	TRAJ13*01			TRBV27*01	TRBJ1-1*01	CAVGGGYQKVTF	tgtgctgtgggagggggttaccagaaagttaccttt			CASSLRSGVNTEAFF	tgtgccagcagtttacggtctggggtgaacactgaagctttcttt	1	0	1	1	1
clonotype328	UNK_S	1	TRAV16*01	TRAJ13*01			TRBV10-2*01	TRBJ1-1*01	CALSNGGYQKVTF	tgtgctctaagtaacgggggttaccagaaagttaccttt			CASGAPEGAFF	tgcgccagcggcgccccggagggagctttcttt	1	0	1	1	1
clonotype3280	UNK_S	1	TRAV13-1*01	TRAJ20*01			TRBV27*01	TRBJ2-7*01	CAASGGGDYKLSF	tgtgcagcaagcgggggcggcgactacaagctcagcttt			CASSLGPGLAYEQYF	tgtgccagcagtttagggccagggttggcctacgagcagtacttc	1	0	1	1	1
clonotype3281	UNK_S	1	TRAV8-3*01	TRAJ34*01			TRBV27*01	TRBJ2-7*01	CAVGGNTDKLIF	tgtgctgtgggtggaaacaccgacaagctcatcttt			CASSFDGPLRGEQYF	tgtgccagcagtttcgacggccccctccggggcgagcagtacttc	1	0	1	1	1
clonotype3282	UNK_S	1	TRAV4*01	TRAJ45*01			TRBV27*01	TRBJ2-1*01	CLVGDNRQGGGADGLTF	tgcctcgtgggtgacaacaggcaaggaggaggtgctgacggactcaccttt			CASSLVGSSYNEQFF	tgtgccagcagtttggtcgggagttcctacaatgagcagttcttc	1	0	1	1	1
clonotype3283	UNK_S	1	TRAV9-2*01	TRAJ9*01			TRBV5-6*01	TRBJ1-6*01	CALLDTGGFKTIF	tgtgctctcctcgatactggaggcttcaaaactatcttt			CASSPGQRLNSPLHF	tgtgccagcagccccggacagcgtctaaattcacccctccacttt	1	0	1	1	1
clonotype3284	UNK_S	1	TRAV17*01	TRAJ34*01			TRBV5-6*01	TRBJ2-1*01	CATISYNTDKLIF	tgtgctacgatctcttataacaccgacaagctcatcttt			CASSFGQGSYNEQFF	tgtgccagcagcttcggccagggttcatacaatgagcagttcttc	1	0	1	1	1
clonotype3285	UNK_S	1	TRAV9-2*01	TRAJ39*01			TRBV5-4*01	TRBJ2-7*01	CALGHNAGNMLTF	tgtgctctgggacataatgcaggcaacatgctcaccttt			CASSRDFPGRDEQYF	tgtgccagcagcagggacttccctggccgtgacgagcagtacttc	1	0	1	1	1
clonotype3286	UNK_S	1	TRAV13-1*01	TRAJ23*01			TRBV5-4*01	TRBJ2-3*01	CAAIMDQGGKLIF	tgtgcagcaataatggaccagggaggaaagcttatcttc			CASSLSRASTDTQYF	tgtgccagcagcttgtccagggctagcacagatacgcagtatttt	1	0	1	1	1
clonotype3287	UNK_S	1	TRAV8-6*01	TRAJ31*01			TRBV5-4*01	TRBJ1-2*01	CAVSEENARLMF	tgtgctgtgagtgaagagaatgccagactcatgttt			CASSPGGRVYYGYTF	tgtgccagcagcccggggggcagggtgtattatggctacaccttc	1	0	1	1	1
clonotype3288	UNK_S	1	TRAV39*01	TRAJ21*01			TRBV5-4*01	TRBJ2-3*01	CAVDINQYNFNKFYF	tgtgccgtggacattaatcagtacaacttcaacaaattttacttt			CASSSPGLVADTQYF	tgtgccagcagctcaccgggactagtcgcagatacgcagtatttt	1	0	1	1	1
clonotype3289	UNK_S	1	TRAV8-4*01	TRAJ49*01			TRBV5-4*01	TRBJ2-7*01	CAVRGTGNQFYF	tgtgctgtgaggggcaccggtaaccagttctatttt			CASSLGGRADHEQYV	tgtgccagcagcttgggggggagggccgatcacgagcagtacgtc	1	0	1	1	1
clonotype329	UNK_S	1	TRAV25*01	TRAJ13*01			TRBV9*01	TRBJ2-5*01	CATSGGYQKVTF	tgtgcgacctctgggggttaccagaaagttaccttt			CASSVGETQYF	tgtgccagcagcgtaggggagacccagtacttc	1	0	1	1	1
clonotype3290	UNK_S	1	TRAV26-2*01	TRAJ37*01			TRBV5-1*01	TRBJ1-2*01	CILRAQDGSSNTGKLIF	tgcatcctgagagcgcaggatggctctagcaacacaggcaaactaatcttt			CASSKGGQGNYGYTF	tgcgccagcagcaaagggggacagggtaactatggctacaccttc	1	0	1	1	1
clonotype3291	UNK_S	1	TRAV2*01	TRAJ24*01			TRBV5-1*01	TRBJ2-2*01	CAVGDDSWGKLQF	tgtgctgtgggggatgacagctgggggaaattgcagttt			CASSPGDRDTGELFF	tgcgccagcagccccggggacagggacaccggggagctgtttttt	1	0	1	1	1
clonotype3292	UNK_S	1	TRAV14/DV4*01	TRAJ57*01	TRAV20*01	TRAJ40*01	TRBV5-1*01	TRBJ1-1*01	CAMREGGLQGGSEKLVF	tgtgcaatgagagagggcgggctccagggcggatctgaaaagctggtcttt	CAVQASGTYKYIF	tgtgctgtgcaggcctcaggaacctacaaatacatcttt	CASSPEGSMNTEAFF	tgcgccagcagcccggagggcagcatgaacactgaagctttcttt	2	1	2	2	1
clonotype3293	UNK_S	1	TRAV27*01	TRAJ18*01			TRBV5-1*01	TRBJ1-1*01	CAGDYRGSTLGRLYF	tgtgcaggagattacagaggctcaaccctggggaggctatacttt			CASSPGLRTYPEAFF	tgcgccagcagcccgggacttcgaacgtaccctgaagctttcttt	1	0	1	1	1
clonotype3294	UNK_S	1	TRAV21*01	TRAJ33*01			TRBV5-1*01	TRBJ2-7*01	CAACMDSNYQLIW	tgtgctgcgtgtatggatagcaactatcagttaatctgg			CASSLSGTGALEQYF	tgcgccagcagcttatccgggacaggagccctggagcagtacttc	1	0	1	1	1
clonotype3295	UNK_S	1	TRAV8-1*01	TRAJ43*01			TRBV5-1*01	TRBJ2-5*01	CAVNAGNNDMRF	tgtgccgtgaatgctggtaacaatgacatgcgcttt			CASSLPRGNQETQYF	tgcgccagcagcttgccgcggggaaatcaagagacccagtacttc	1	0	1	1	1
clonotype3297	UNK_S	1	TRAV26-1*01	TRAJ18*01			TRBV5-1*01	TRBJ1-1*01	CIVRVDRRGSTLGRLYF	tgcatcgtcagagtcgatcgcagaggctcaaccctggggaggctatacttt			CASSLGDPLDTEAFF	tgcgccagcagcttgggagaccctttagacactgaagctttcttt	1	0	1	1	1
clonotype3298	UNK_S	1	TRAV17*01	TRAJ58*01			TRBV12-4*01	TRBJ1-2*01	CATVGTSGSRLTF	tgtgctacggtgggaaccagtggctctaggttgaccttt			CASSMDNRDYGYTF	tgtgccagcagcatggacaaccgggactatggctacaccttc	1	0	1	1	1
clonotype33	UNK_S	3	TRAV29/DV5*01	TRAJ27*01			TRBV14*01	TRBJ1-2*01	CAASPLSAGKSTF	tgtgcagcatcccccctcagcgcaggcaaatcaaccttt			CASSRRQTGSHGYTF	tgtgccagcagccgccgtcagacaggttcacatggctacaccttc	3	0	3	1	1
clonotype3300	UNK_S	1	TRAV12-2*01	TRAJ33*01			TRBV12-4*01	TRBJ1-2*01	CAVTDSNYQLIW	tgtgccgtgacggatagcaactatcagttaatctgg			CASSLVGDSSGYTF	tgtgccagcagtttagtgggggacagcagcggctacaccttc	1	0	1	1	1
clonotype3301	UNK_S	1	TRAV17*01	TRAJ30*01			TRBV12-4*01	TRBJ2-5*01	CATGPGGDDKIIF	tgtgctacgggcccgggtggagatgacaagatcatcttt			CASSFSGNQETQYF	tgtgccagcagtttttctgggaatcaagagacccagtacttc	1	0	1	1	1
clonotype3302	UNK_S	1	TRAV3*01	TRAJ15*01			TRBV12-4*01	TRBJ1-3*01	CAVRKEGTALIF	tgtgctgtgagaaaagaaggaactgctctgatcttt			CASIADSRGNTIYF	tgtgccagcatcgccgacagtcgaggaaacaccatatatttt	1	0	1	1	1
clonotype3303	UNK_S	1	TRAV21*01	TRAJ13*01			TRBV3-1*01	TRBJ1-3*01	CAVRTGGYQKVTF	tgtgctgtgcgaactgggggttaccagaaagttaccttt			CASSQDERSGNTIYF	tgtgccagcagccaagatgagcgctctggaaacaccatatatttt	1	0	1	1	1
clonotype3304	UNK_S	1	TRAV9-2*01	TRAJ4*01			TRBV3-1*01	TRBJ1-1*01	CALFSGGYNKLIF	tgtgctctgttttctggtggctacaataagctgattttt			CASSQSPGGNTEAFF	tgtgccagcagccagagccccggtgggaacactgaagctttcttt	1	0	1	1	1
clonotype3305	UNK_S	1	TRAV12-3*01	TRAJ34*01			TRBV3-1*01	TRBJ2-2*01	CAMGNTDKLIF	tgtgcaatgggtaacaccgacaagctcatcttt			CASSQVQVAPGELFF	tgtgccagcagccaggtacaggtagccccgggggagctgtttttt	1	0	1	1	1
clonotype3306	UNK_S	1	TRAV22*01	TRAJ23*01			TRBV3-1*01	TRBJ1-6*01	CAVGTYYNQGGKLIF	tgtgctgtggggacctattataaccagggaggaaagcttatcttc			CASSPWTGLASPLHF	tgtgccagcagcccctggacagggttggcttcacccctccacttt	1	0	1	1	1
clonotype3307	UNK_S	1	TRAV8-4*01	TRAJ11*01			TRBV4-1*01	TRBJ2-3*01	CAVSGGYSTLTF	tgtgctgtgagtggaggatacagcaccctcaccttt			CASSQDRLGVDTQYF	tgcgccagcagccaagataggctaggggtggatacgcagtatttt	1	0	1	1	1
clonotype3308	UNK_S	1	TRAV22*01	TRAJ10*01			TRBV4-1*01	TRBJ2-7*01	CAAILRTGGGNKLTF	tgtgctgcaatcctgagaacgggaggaggaaacaaactcaccttt			CASSQVGMRDREQYV	tgcgccagcagccaagtaggtatgcgggaccgcgagcagtacgtc	1	0	1	1	1
clonotype3309	UNK_S	1	TRAV12-1*01	TRAJ34*01			TRBV4-1*01	TRBJ2-5*01	CVVAGGDTDKLIF	tgtgtggtggccgggggtgacaccgacaagctcatcttt			CASSLGLAGQETQYF	tgcgccagcagcctgggactagctggacaagagacccagtacttc	1	0	1	1	1
clonotype331	UNK_S	1	TRAV25*01	TRAJ31*01			TRBV6-2*01	TRBJ2-3*01	CAGDRGNNARLMF	tgtgcaggggatcggggtaacaatgccagactcatgttt			CASNKGNTQYF	tgtgccagcaataaggggaatacgcagtatttt	1	0	1	1	1
clonotype3310	UNK_S	1	TRAV17*01	TRAJ54*01			TRBV4-1*01	TRBJ2-7*01	CATIIQGAQKLVF	tgtgctacgataattcagggagcccagaagctggtattt			CASSLPGQGSYEQYF	tgcgccagcagccttccggggcaggggtcctacgagcagtacttc	1	0	1	1	1
clonotype3311	UNK_S	1	TRAV9-2*01	TRAJ34*01			TRBV4-1*01	TRBJ2-1*01	CALSDRYTDKLIF	tgtgctctgagtgatcggtacaccgacaagctcatcttt			CASSRSRGQGNEQFF	tgcgccagcagtcgaagcagggggcaaggcaatgagcagttcttc	1	0	1	1	1
clonotype3312	UNK_S	1	TRAV12-2*01	TRAJ49*01			TRBV4-2*01	TRBJ2-3*01	CAFSNTGNQFYF	tgtgccttctcgaacaccggtaaccagttctatttt			CASSQEEVYTDTQYF	tgtgccagcagccaagaagaagtctacacagatacgcagtatttt	1	0	1	1	1
clonotype3313	UNK_S	1	TRAV5*01	TRAJ31*01			TRBV4-2*01	TRBJ2-1*01	CAETNNNARLMF	tgtgcagagacgaataacaatgccagactcatgttt			CASSQEGLAGVGTIF	tgtgccagcagccaagaaggcctagcgggagtagggacaatcttc	1	0	1	1	1
clonotype3314	UNK_S	1	TRAV9-2*01	TRAJ29*01			TRBV4-3*01	TRBJ2-3*01	CALMSPGNTPLVF	tgtgctctgatgtcgccaggaaacacacctcttgtcttt			CASSQDRLAADTQYF	tgcgccagcagccaagatcggctagcggcagatacgcagtatttt	1	0	1	1	1
clonotype3315	UNK_S	1	TRAV13-1*01	TRAJ40*01			TRBV4-3*01	TRBJ1-6*01	CAARSSGTYKYIF	tgtgcagcaaggtcctcaggaacctacaaatacatcttt			CASSQDFGYNSPLHF	tgcgccagcagccaagattttggttataattcacccctccacttt	1	0	1	1	1
clonotype3316	UNK_S	1	TRAV12-1*01	TRAJ40*01			TRBV4-3*01	TRBJ2-5*01	CVVTHSGTYKYIF	tgtgtggtgacacactcaggaacctacaaatacatcttt			CASSQGDRGRETQYF	tgcgccagcagccaaggggacagggggcgagagacccagtacttc	1	0	1	1	1
clonotype3317	UNK_S	1	TRAV2*01	TRAJ29*01			TRBV4-3*01	TRBJ1-2*01	CAVENSGNTPLVF	tgtgctgtggaaaattcaggaaacacacctcttgtcttt			CASSQYRGGNYGYTF	tgcgccagcagccaatacaggggagggaactatggctacaccttc	1	0	1	1	1
clonotype3318	UNK_S	1	TRAV8-1*01	TRAJ21*01	TRAV12-2*01	TRAJ29*01	TRBV9*01	TRBJ2-1*01	CAWGYNFNKFYF	tgtgcttgggggtacaacttcaacaaattttacttt	CAGGPWADSGNTPLVF	tgtgccgggggaccctgggcggattcaggaaacacacctcttgtcttt	CASSVEARAYNEQFF	tgtgccagcagcgtagaggctagggcctacaatgagcagttcttc	2	1	2	2	1
clonotype3319	UNK_S	1	TRAV27*01	TRAJ54*01			TRBV9*01	TRBJ1-3*01	CAGGKGIQGAQKLVF	tgtgcaggagggaaggggattcagggagcccagaagctggtattt			CASSVGPASGNTIYF	tgtgccagcagcgtaggaccggcctctggaaacaccatatatttt	1	0	1	1	1
clonotype332	UNK_S	1	TRAV27*01	TRAJ35*01			TRBV30*01	TRBJ1-2*01	CAGTIGFGNVLHC	tgtgcaggaacaataggctttgggaatgtgctgcattgc			CASSFGTPYGYTF	tgtgcctcttcatttgggacaccctatggctacaccttc	1	0	1	1	1
clonotype3320	UNK_S	1	TRAV25*01	TRAJ42*01			TRBV9*01	TRBJ2-2*01	CAGYDYGGSQGNLIF	tgtgcagggtatgattatggaggaagccaaggaaatctcatcttt			CASSVVGGLGGELFF	tgtgccagcagcgtagttggagggttaggcggggagctgtttttt	1	0	1	1	1
clonotype3321	UNK_S	1	TRAV9-2*01	TRAJ3*01			TRBV15*01	TRBJ1-6*01	CALVYSSASKIIF	tgtgctcttgtgtacagcagtgcttccaagataatcttt			CATSRARGDNSPLHF	tgtgccaccagcagagcgcgcggagataattcacccctccacttt	1	0	1	1	1
clonotype3322	UNK_S	1	TRAV21*01	TRAJ49*01			TRBV15*01	TRBJ2-5*01	CAVRGAPGNQFYF	tgtgctgtgagaggggcccccggtaaccagttctatttt			CATSRAGGLGETQYF	tgtgccaccagcagagcgggagggttgggggagacccagtacttc	1	0	1	1	1
clonotype3323	UNK_S	1	TRAV12-2*01	TRAJ16*01			TRBV14*01	TRBJ2-7*01	CAVRAHGQKLLF	tgtgccgtgagggcccatggccagaagctgctcttt			CASSDRTFTYEQYF	tgtgccagcagcgaccggactttcacctacgagcagtacttc	1	0	1	1	1
clonotype3324	UNK_S	1	TRAV17*01	TRAJ11*01			TRBV25-1*01	TRBJ2-3*01	CATDARSGYSTLTF	tgtgctacggacgcacggtcaggatacagcaccctcaccttt			CASSDSDRGRDTQYF	tgtgccagcagtgattcggacaggggacgtgatacgcagtatttt	1	0	1	1	1
clonotype3325	UNK_S	1	TRAV13-2*01	TRAJ29*01			TRBV19*01	TRBJ2-2*01	CAESSSGNTPLVF	tgtgcagagtcctcttcaggaaacacacctcttgtcttt			CASKGYGGNTGELFF	tgtgccagcaagggctatggtgggaacaccggggagctgtttttt	1	0	1	1	1
clonotype3326	UNK_S	1	TRAV21*01	TRAJ36*01			TRBV19*01	TRBJ1-5*01	CAVRAPTGANNLFF	tgtgctgtgagggccccaactggggcaaacaacctcttcttt			CASTYRDRVHQPQHF	tgtgccagtacctaccgggacagggtccatcagccccagcatttt	1	0	1	1	1
clonotype3327	UNK_S	1	TRAV12-1*01	TRAJ40*01			TRBV19*01	TRBJ1-4*01	CVVMRNSGTYKYIF	tgtgtggtgatgagaaactcaggaacctacaaatacatcttt			CASSIRSTTNEKLFF	tgtgccagtagtatccggtctacaactaatgaaaaactgtttttt	1	0	1	1	1
clonotype3328	UNK_S	1	TRAV13-1*01	TRAJ28*01			TRBV19*01	TRBJ2-1*01	CAGGFGAGSYQLTF	tgtgcagggggttttggggctgggagttaccaactcactttc			CASSRRDRGSNEQFF	tgtgccagtagtcgtcgggacaggggatcgaatgagcagttcttc	1	0	1	1	1
clonotype3329	UNK_S	1	TRAV8-3*01	TRAJ16*01			TRBV19*01	TRBJ1-5*01	CAVGRSDGQKLLF	tgtgctgtgggaaggtcagatggccagaagctgctcttt			CASKSQGTGNQPQHF	tgtgccagtaaaagtcaggggacaggtaatcagccccagcatttt	1	0	1	1	1
clonotype333	UNK_S	1	TRAV26-1*01	TRAJ13*01			TRBV29-1*01	TRBJ1-4*01	CIVRVAAGGYQKVTF	tgcatcgtcagagtcgccgcggggggttaccagaaagttaccttt			CSVGLQGNEKLFF	tgcagcgtgggattgcaggggaacgaaaaactgtttttt	1	0	1	1	1
clonotype3331	UNK_S	1	TRAV26-1*01	TRAJ10*01			TRBV19*01	TRBJ2-3*01	CIVRVATGITGGGNKLTF	tgcatcgtcagagtcgcgacggggatcacgggaggaggaaacaaactcaccttt			CASSDRALGTDTQYF	tgtgccagtagcgacagggccctcgggacagatacgcagtatttt	1	0	1	1	1
clonotype3332	UNK_S	1	TRAV36/DV7*01	TRAJ57*01			TRBV19*01	TRBJ2-7*01	CAVRQGGSEKLVF	tgtgctgttcgtcagggcggatctgaaaagctggtcttt			CASSIAAGGPYEQYF	tgtgccagtagtatagcggcgggagggccctacgagcagtacttc	1	0	1	1	1
clonotype3333	UNK_S	1	TRAV12-2*01	TRAJ3*01			TRBV19*01	TRBJ2-7*01	CAAAYSSASKIIF	tgtgccgccgcatacagcagtgcttccaagataatcttt			CASSIRGVSGNEQYF	tgtgccagtagtattcgcggggtctccggaaacgagcagtacttc	1	0	1	1	1
clonotype3334	UNK_S	1	TRAV8-2*01	TRAJ15*01	TRAV8-3*01	TRAJ47*01	TRBV11-1*01	TRBJ1-1*01	CVVRNQAGTALIF	tgtgttgtgaggaaccaggcaggaactgctctgatcttt	CAVGRREVYGNKLVF	tgtgctgtgggacggagagaagtatatggaaacaagctggtcttt	CASSARQGNTEAFF	tgtgccagcagcgcccgacaggggaacactgaagctttcttt	2	1	2	2	1
clonotype3335	UNK_S	1	TRAV12-1*01	TRAJ13*01			TRBV11-1*01	TRBJ2-1*01	CVVNRRGGYQKVTF	tgtgtggtgaaccgtagggggggttaccagaaagttaccttt			CASRRDGGLDEQFF	tgtgccagccggcgggatggggggctcgatgagcagttcttc	1	0	1	1	1
clonotype3336	UNK_S	1	TRAV9-2*01	TRAJ37*01			TRBV6-6*01	TRBJ1-5*01	CALSDSSNTGKLIF	tgtgctctgagtgattctagcaacacaggcaaactaatcttt			CASSYLDRNNQPQHF	tgtgccagcagttacctggacaggaacaatcagccccagcatttt	1	0	1	1	1
clonotype3337	UNK_S	1	TRAV26-2*01	TRAJ13*01			TRBV6-5*01	TRBJ2-2*01	CILKGPLSASGGYQKVTF	tgcatcctgaagggcccactaagtgcttctgggggttaccagaaagttaccttt			CASRNAPTNTGELFF	tgtgccagcagaaacgccccgactaacaccggggagctgtttttt	1	0	1	1	1
clonotype3338	UNK_S	1	TRAV8-6*01	TRAJ58*01			TRBV6-5*01	TRBJ2-1*01	CAVSETSGSRLTF	tgtgctgtgagtgaaaccagtggctctaggttgaccttt			CASSRGWSGSNEQFF	tgtgccagcagccgggggtggagcgggagtaatgagcagttcttc	1	0	1	1	1
clonotype3339	UNK_S	1	TRAV12-3*01	TRAJ43*01			TRBV6-5*01	TRBJ1-5*01	CAMRGAVDDMRF	tgtgcaatgagaggagccgtggatgacatgcgcttt			CASSLGLNSNQPQHF	tgtgccagcagccttggactgaatagcaatcagccccagcatttt	1	0	1	1	1
clonotype334	UNK_S	1	TRAV13-1*01	TRAJ49*01			TRBV20-1*01	TRBJ2-5*01	CAVFPGNQFYF	tgtgcagtattccccggtaaccagttctatttt			CSARVGVAETQYF	tgcagtgcgagggttggggtcgcagagacccagtacttc	1	0	1	1	1
clonotype3340	UNK_S	1	TRAV13-1*01	TRAJ17*01			TRBV6-5*01	TRBJ1-4*01	CAATRRAAGNKLTF	tgtgcagcaacccggagggctgcaggcaacaagctaactttt			CASREDGTVNEKLFF	tgtgccagcagggaggacgggacggtcaatgaaaaactgtttttt	1	0	1	1	1
clonotype3341	UNK_S	1	TRAV17*01	TRAJ58*01	TRAV12-3*01	TRAJ42*01	TRBV6-5*01	TRBJ1-1*01	CATYQETSGSRLTF	tgtgctacctatcaagaaaccagtggctctaggttgaccttt	CAMSGSQGNLIF	tgtgcaatgagcggaagccaaggaaatctcatcttt	CASSYNPGVWTEAFF	tgtgccagcagttacaacccaggggtttggactgaagctttcttt	2	1	2	2	1
clonotype3342	UNK_S	1	TRAV8-6*01	TRAJ28*01			TRBV6-5*01	TRBJ2-2*01	CAVTEAGSYQLTF	tgtgctgtgaccgaggctgggagttaccaactcactttc			CASSYRGVGTGELFF	tgtgccagcagttacaggggggtaggcaccggggagctgtttttt	1	0	1	1	1
clonotype3343	UNK_S	1	TRAV17*01	TRAJ11*01			TRBV6-5*01	TRBJ1-2*01	CATTGNSGYSTLTF	tgtgctacgaccgggaattcaggatacagcaccctcaccttt			CASSFQGGDSRGYTF	tgtgccagcagtttccaagggggagattcgagaggctacaccttc	1	0	1	1	1
clonotype3344	UNK_S	1	TRAV38-2/DV8*01	TRAJ49*01			TRBV6-1*01	TRBJ2-1*01	CALATGNQFYF	tgtgctttggccaccggtaaccagttctatttt			CASNRAGQHYNEQFF	tgtgccagcaatcgggccggacagcactacaatgagcagttcttc	1	0	1	1	1
clonotype3345	UNK_S	1	TRAV3*01	TRAJ7*01			TRBV6-1*01	TRBJ2-3*01	CAVGDYGNNRLAF	tgtgctgtgggggactatgggaacaacagactcgctttt			CASTQGGLRTDTQYF	tgtgccagcacccaagggggtctacgcacagatacgcagtatttt	1	0	1	1	1
clonotype3346	UNK_S	1	TRAV9-2*01	TRAJ9*01			TRBV6-1*01	TRBJ2-1*01	CALRRGTGGFKTIF	tgtgctctccggaggggtactggaggcttcaaaactatcttt			CASSRNEGTSNEQFF	tgtgccagcagcaggaacgaagggacgagcaatgagcagttcttc	1	0	1	1	1
clonotype3347	UNK_S	1	TRAV26-2*01	TRAJ58*01			TRBV6-1*01	TRBJ1-2*01	CILTSLTLKETSGSRLTF	tgcatcctgacctccttaacgctaaaagaaaccagtggctctaggttgaccttt			CASREGETELYGYTF	tgtgccagcagggaaggtgagacagaactctatggctacaccttc	1	0	1	1	1
clonotype3348	UNK_S	1	TRAV8-4*01	TRAJ48*01			TRBV6-1*01	TRBJ2-3*01	CAVSLFGNEKLTF	tgtgctgtgagcctttttggaaatgagaaattaaccttt			CASSIKTGWGDTQYF	tgtgccagcagtataaagacagggtggggagatacgcagtatttt	1	0	1	1	1
clonotype3349	UNK_S	1	TRAV21*01	TRAJ16*01			TRBV6-1*01	TRBJ2-5*01	CAVRPFSDGQKLLF	tgtgctgtgaggccgttttcagatggccagaagctgctcttt			CASSEPGYAQETQYF	tgtgccagcagtgaaccagggtatgcacaagagacccagtacttc	1	0	1	1	1
clonotype335	UNK_S	1	TRAV12-1*01	TRAJ54*01			TRBV20-1*01	TRBJ2-1*01	CVVGGAQKLVF	tgtgtggtggggggagcccagaagctggtattt			CSARIPSYNEQFF	tgcagtgctagaatcccgtcatacaatgagcagttcttc	1	0	1	1	1
clonotype3350	UNK_S	1	TRAV8-1*01	TRAJ42*01			TRBV6-1*01	TRBJ1-1*01	CAVKEGSQGNLIF	tgtgccgtgaaagaaggaagccaaggaaatctcatcttt			CASSEEDVGPAEAFF	tgtgccagcagtgaagaggatgttgggcccgctgaagctttcttt	1	0	1	1	1
clonotype3351	UNK_S	1	TRAV13-1*01	TRAJ9*01			TRBV6-1*01	TRBJ2-2*01	CAATANTGGFKTIF	tgtgcagcaaccgcaaatactggaggcttcaaaactatcttt			CASSGTSGSTGELFF	tgtgccagcagtgggactagcgggagtaccggggagctgtttttt	1	0	1	1	1
clonotype3352	UNK_S	1	TRAV9-2*01	TRAJ6*01			TRBV6-1*01	TRBJ2-5*01	CALSDPRGSYIPTF	tgtgctctgagtgatccccgaggaagctacatacctacattt			CASLGLYPVQETQYF	tgtgccagcctaggactgtacccagtacaagagacccagtacttc	1	0	1	1	1
clonotype3353	UNK_S	1	TRAV2*01	TRAJ32*01			TRBV6-2*01	TRBJ2-1*01	CAVEGDGATNKLIF	tgtgctgtggagggggatggtgctacaaacaagctcatcttt			CASSPSGSSYNEQFF	tgtgccagcagtcccagcggatcctcctacaatgagcagttcttc	1	0	1	1	1
clonotype3354	UNK_S	1	TRAV12-3*01	TRAJ40*01			TRBV6-2*01	TRBJ2-5*01	CAIYSGTYKYIF	tgtgcaatctactcaggaacctacaaatacatcttt			CASSRPTGGMETQYF	tgtgccagcagccggcccacagggggtatggagacccagtacttc	1	0	1	1	1
clonotype3355	UNK_S	1	TRAV8-3*01	TRAJ47*01			TRBV6-2*01	TRBJ2-1*01	CAVGMEYGNKLVF	tgtgctgtgggcatggaatatggaaacaagctggtcttt			CASSYTSGAYNEQFF	tgtgccagcagctatactagcggggcctacaatgagcagttcttc	1	0	1	1	1
clonotype3356	UNK_S	1	TRAV13-1*01	TRAJ10*01			TRBV6-2*01	TRBJ2-1*01	CAASITGGGNKLTF	tgtgcagcaagtatcacgggaggaggaaacaaactcaccttt			CASSNNPGAYNEQFF	tgtgccagcagtaacaaccccggggcctacaatgagcagttcttc	1	0	1	1	1
clonotype3357	UNK_S	1	TRAV17*01	TRAJ9*01			TRBV6-2*01	TRBJ1-5*01	CATDRNTGGFKTIF	tgtgctacggatcgaaatactggaggcttcaaaactatcttt			CASSPGQGLPGPQHF	tgtgccagcagtcctggacagggcctcccggggccccagcatttt	1	0	1	1	1
clonotype3358	UNK_S	1	TRAV13-1*01	TRAJ56*01			TRBV6-2*01	TRBJ2-1*01	CAALLTGANSKLTF	tgtgcagcattattaactggagccaatagtaagctgacattt			CASSYSPDSGRLVVF	tgtgccagcagttactcgccggatagcgggaggttggtggtcttc	1	0	1	1	1
clonotype3359	UNK_S	1	TRAV17*01	TRAJ33*01			TRBV6-2*01	TRBJ2-5*01	CATAKTNSNYQLIW	tgtgctacggctaaaacgaatagcaactatcagttaatctgg			CASSYSAGDQETQYF	tgtgccagcagttactcggcaggggaccaagagacccagtacttc	1	0	1	1	1
clonotype336	UNK_S	1	TRAV1-2*01	TRAJ37*01			TRBV20-1*01	TRBJ1-5*01	CAVRHGSSNTGKLIF	tgtgctgtgagacatggctctagcaacacaggcaaactaatcttt			CSARDISNQPQHF	tgcagtgctagagatatcagcaatcagccccagcatttt	1	0	1	1	1
clonotype3360	UNK_S	1	TRAV8-3*01	TRAJ34*01			TRBV6-2*01	TRBJ2-4*01	CAVGPYNTDKLIF	tgtgctgtgggtccttataacaccgacaagctcatcttt			CASSRLAGGENIQYF	tgtgccagctcgcgactagcgggaggggagaacattcagtacttc	1	0	1	1	1
clonotype3361	UNK_S	1	TRAV12-1*01	TRAJ9*01			TRBV30*01	TRBJ2-2*01	CVVNIGTGGFKTIF	tgtgtggtgaacatcggtactggaggcttcaaaactatcttt			CAWNGLAGASNTGELFF	tgtgcctggaacggtttagcgggagcctcgaacaccggggagctgtttttt	1	0	1	1	1
clonotype3362	UNK_S	1	TRAV13-1*01	TRAJ20*01			TRBV30*01	TRBJ2-5*01	CAASKGSNDYKLSF	tgtgcagcaagtaaggggtctaacgactacaagctcagcttt			CAWSGLAGSSGGETQYF	tgtgcctggagtggactagcgggatcatccgggggagagacccagtacttc	1	0	1	1	1
clonotype3363	UNK_S	1	TRAV17*01	TRAJ28*01			TRBV29-1*01	TRBJ2-1*01	CATVFGAGSYQLTF	tgtgctacggtctttggggctgggagttaccaactcactttc			CSVGAQRTGGSYNEQFF	tgcagcgttggagcccaacggacagggggcagctacaatgagcagttcttc	1	0	1	1	1
clonotype3364	UNK_S	1	TRAV20*01	TRAJ4*01			TRBV20-1*01	TRBJ1-5*01	CAVQAAGGYNKLIF	tgtgctgtgcaggcagctggtggctacaataagctgattttt			CSATYGTEFHDNQPQHF	tgcagtgctacctatgggacagagtttcatgacaatcagccccagcatttt	1	0	1	1	1
clonotype3365	UNK_S	1	TRAV30*01	TRAJ44*01			TRBV20-1*01	TRBJ1-5*01	CGTVNTGTASKLTF	tgcggcacagtaaataccggcactgccagtaaactcaccttt			CSARDPDGTVLNQPQHF	tgcagtgctagagatccggatgggacggttctcaatcagccccagcatttt	1	0	1	1	1
clonotype3366	UNK_S	1	TRAV8-3*01	TRAJ47*01			TRBV20-1*01	TRBJ2-1*01	CAVGARGGNKLVF	tgtgctgtgggtgctcggggcggaaacaagctggtcttt			CSASSAGANSSYNEQFF	tgcagtgctagtagcgcgggagccaacagctcctacaatgagcagttcttc	1	0	1	1	1
clonotype3367	UNK_S	1	TRAV21*01	TRAJ38*01			TRBV20-1*01	TRBJ2-3*01	CAVLNAGNNRKLIW	tgtgctgttctaaatgctggcaacaaccgtaagctgatttgg			CSAHRGTSGRSTDTQYF	tgcagtgctcacagggggactagcgggagaagcacagatacgcagtatttt	1	0	1	1	1
clonotype3368	UNK_S	1	TRAV8-6*01	TRAJ54*01			TRBV18*01	TRBJ2-1*01	CAVDGQGAQKLVF	tgtgctgtggacggacagggagcccagaagctggtattt			CASLRDLTYNEQFF	tgtgccagcctccgggacctcacctacaatgagcagttcttc	1	0	1	1	1
clonotype3369	UNK_S	1	TRAV13-1*01	TRAJ44*01			TRBV18*01	TRBJ2-3*01	CAASMAGTASKLTF	tgtgcagcaagtatggccggcactgccagtaaactcaccttt			CASSPSNGPGTQYF	tgtgccagctcaccgtccaatgggccaggtacgcagtatttt	1	0	1	1	1
clonotype337	UNK_S	1	TRAV12-1*01	TRAJ44*01			TRBV20-1*01	TRBJ2-1*01	CVVGGASKLTF	tgtgtggtggggggtgccagtaaactcaccttt			CSARAPSYNEQFF	tgcagtgctagagcgccctcctacaatgagcagttcttc	1	0	1	1	1
clonotype3370	UNK_S	1	TRAV13-1*01	TRAJ27*01			TRBV18*01	TRBJ2-5*01	CAAEDNTNAGKSTF	tgtgcagcggaagataacaccaatgcaggcaaatcaaccttt			CASSPRENQETQYF	tgtgccagctcacctcgagaaaaccaagagacccagtacttc	1	0	1	1	1
clonotype3371	UNK_S	1	TRAV9-2*01	TRAJ36*01			TRBV18*01	TRBJ2-1*01	CALRVQTGANNLFF	tgtgctctgcgagtccaaactggggcaaacaacctcttcttt			CASSPPPGGNEQFF	tgtgccagctcaccaccgccagggggcaatgagcagttcttc	1	0	1	1	1
clonotype3372	UNK_S	1	TRAV17*01	TRAJ10*01	TRAV5*01	TRAJ41*01	TRBV18*01	TRBJ2-7*01	CATEGTGGGNKLTF	tgtgctacggaagggacgggaggaggaaacaaactcaccttt	CAEGLNSNSGYALNF	tgtgcagaggggttgaactcaaattccgggtatgcactcaacttc	CASSPIDRIYEQYF	tgtgccagctcacctatagacagaatttacgagcagtacttc	2	1	2	2	1
clonotype3373	UNK_S	1	TRAV9-2*01	TRAJ40*01			TRBV12-4*01	TRBJ2-3*01	CALSGTSGTYKYIF	tgtgctctgagtggaacctcaggaacctacaaatacatcttt			CASSLSYGTDTQYF	tgtgccagcagcctcagctatggcacagatacgcagtatttt	1	0	1	1	1
clonotype3374	UNK_S	1	TRAV8-6*01	TRAJ50*01			TRBV12-4*01	TRBJ1-2*01	CAVSEASYDKVIF	tgtgctgtgagtgaggcctcctacgacaaggtgatattt			CASSPWGVNYGYTF	tgtgccagcagtccttggggggtaaactatggctacaccttc	1	0	1	1	1
clonotype3375	UNK_S	1	TRAV8-6*01	TRAJ6*01			TRBV12-4*01	TRBJ2-2*01	CAVSDTGSYIPTF	tgtgctgtgagtgatacaggaagctacatacctacattt			CASSLGTSTGELFF	tgtgccagcagtttggggacgtccaccggggagctgtttttt	1	0	1	1	1
clonotype3376	UNK_S	1	TRAV8-1*01	TRAJ3*01			TRBV12-4*01	TRBJ2-2*01	CAVGTSSASKIIF	tgtgccgtcgggaccagcagtgcttccaagataatcttt			CASEERGQTGELFF	tgtgccagcgaggaaagggggcagaccggggagctgtttttt	1	0	1	1	1
clonotype3377	UNK_S	1	TRAV5*01	TRAJ9*01			TRBV12-3*01	TRBJ1-2*01	CAERGTGGFKTIF	tgtgcagagagaggtactggaggcttcaaaactatcttt			CASTEGGPGYGYTF	tgtgccagcaccgaaggggggccaggctatggctacaccttc	1	0	1	1	1
clonotype3378	UNK_S	1	TRAV2*01	TRAJ17*01			TRBV12-3*01	TRBJ1-4*01	CAVEDWAAGNKLTF	tgtgctgtggaggattgggctgcaggcaacaagctaactttt			CASSPRTGNEKLFF	tgtgccagcagtccccggacagggaatgaaaaactgtttttt	1	0	1	1	1
clonotype3379	UNK_S	1	TRAV26-1*01	TRAJ53*01			TRBV12-3*01	TRBJ2-1*01	CIVRPVRNSGGSNYKLTF	tgcatcgtcagacccgtccgtaatagtggaggtagcaactataaactgacattt			CASSLGGRSTEQFF	tgtgccagcagtcttggagggcgtagcactgagcagttcttc	1	0	1	1	1
clonotype3380	UNK_S	1	TRAV23/DV6*01	TRAJ29*01	TRAV36/DV7*01	TRAJ40*01	TRBV12-3*01	TRBJ2-7*01	CAAPSGNTPLVF	tgtgcagccccttcaggaaacacacctcttgtcttt	CAVSTSGTYKYIF	tgtgctgtgtctacctcaggaacctacaaatacatcttt	CASSWAGGAYEQYF	tgtgccagcagttgggcgggtggggcctacgagcagtacttc	2	1	2	2	1
clonotype3381	UNK_S	1	TRAV41*01	TRAJ48*01			TRBV12-3*01	TRBJ1-1*01	CAVVTNFGNEKLTF	tgtgctgtcgtaactaactttggaaatgagaaattaaccttt			CASSLGGGWTEAFF	tgtgccagcagtttgggcggcgggtggactgaagctttcttt	1	0	1	1	1
clonotype3382	UNK_S	1	TRAV9-2*01	TRAJ16*01			TRBV12-3*01	TRBJ1-5*01	CALSDRSDGQKLLF	tgtgctctgagtgatcgatcagatggccagaagctgctcttt			CASSLSGTDGPQHF	tgtgccagcagtttgtccgggacggacggtccccagcatttt	1	0	1	1	1
clonotype3383	UNK_S	1	TRAV13-2*01	TRAJ23*01			TRBV12-3*01	TRBJ2-5*01	CAGIYNQGGKLIF	tgtgcaggtatatataaccagggaggaaagcttatcttc			CASSFGLAEETQYF	tgtgccagcagttttggactagcggaagagacccagtacttc	1	0	1	1	1
clonotype3384	UNK_S	1	TRAV9-2*01	TRAJ58*01			TRBV2*01	TRBJ2-3*01	CALVEETSGSRLTF	tgtgctctggtggaagaaaccagtggctctaggttgaccttt			CASRPGLTRDTQYF	tgtgccagcagaccgggcctcacgcgggatacgcagtatttt	1	0	1	1	1
clonotype3386	UNK_S	1	TRAV13-2*01	TRAJ23*01			TRBV2*01	TRBJ1-4*01	CAEKMAIGGKLIF	tgtgcagagaaaatggccatcggcggaaagcttatcttc			CASSEGTGQEKLFF	tgtgccagcagtgaagggacaggacaggaaaaactgtttttt	1	0	1	1	1
clonotype3387	UNK_S	1	TRAV17*01	TRAJ9*01	TRAV8-4*01	TRAJ10*01	TRBV2*01	TRBJ1-5*01	CATDANTGGFKTIF	tgtgctacggacgcaaatactggaggcttcaaaactatcttt	CAVPTGGGNKLTF	tgtgctgtccccacgggaggaggaaacaaactcaccttt	CASSESNSNQPQHF	tgtgccagcagtgaatcgaatagcaatcagccccagcatttt	2	1	2	2	1
clonotype3388	UNK_S	1	TRAV2*01	TRAJ23*01			TRBV2*01	TRBJ1-1*01	CAVEVYNQGGKLIF	tgtgctgtggaggtttataaccagggaggaaagcttatcttc			CASSARGQNTEAFF	tgtgccagcagtgcgagggggcagaacactgaagctttcttt	1	0	1	1	1
clonotype3389	UNK_S	1	TRAV13-1*01	TRAJ15*01			TRBV24-1*01	TRBJ2-5*01	CAASLYQAGTALIF	tgtgcagcaagtttgtaccaggcaggaactgctctgatcttt			CATSDSHPYQETQYF	tgtgccaccagtgattcccatccgtaccaagagacccagtacttc	1	0	1	1	1
clonotype3391	UNK_S	1	TRAV9-2*01	TRAJ21*01			TRBV24-1*01	TRBJ2-7*01	CALRSTYNFNKFYF	tgtgctctgaggtcgacgtacaacttcaacaaattttacttt			CATSDGTSGGYEQYF	tgtgccaccagtgacgggactagcgggggatacgagcagtacttc	1	0	1	1	1
clonotype3392	UNK_S	1	TRAV8-3*01	TRAJ31*01			TRBV24-1*01	TRBJ2-7*01	CAVGANGQARLMF	tgtgctgtgggtgccaacgggcaggccagactcatgttt			CATSDPGTNPLEQYF	tgtgccaccagtgatcctgggacaaatccactcgagcagtacttc	1	0	1	1	1
clonotype3393	UNK_S	1	TRAV2*01	TRAJ15*01			TRBV24-1*01	TRBJ2-1*01	CAVPANQAGTALIF	tgtgctgttccggccaaccaggcaggaactgctctgatcttt			CATSDVGTSYNEQFF	tgtgccaccagtgatgtagggacgtcctacaatgagcagttcttc	1	0	1	1	1
clonotype3394	UNK_S	1	TRAV13-1*01	TRAJ27*01			TRBV24-1*01	TRBJ1-2*01	CAASYNTNAGKSTF	tgtgcagcaagttataacaccaatgcaggcaaatcaaccttt			CATSDLGTGGEGYTF	tgtgccaccagtgatttagggacagggggcgagggctacaccttc	1	0	1	1	1
clonotype3395	UNK_S	1	TRAV8-3*01	TRAJ29*01			TRBV28*01	TRBJ1-5*01	CAVVPSGNTPLVF	tgtgctgtggttccgtcaggaaacacacctcttgtcttt			CASRSDRGFGQPQHF	tgtgccagcagatccgacagggggttcggtcagccccagcatttt	1	0	1	1	1
clonotype3396	UNK_S	1	TRAV13-2*01	TRAJ11*01			TRBV28*01	TRBJ2-7*01	CAEILERYSTLTF	tgtgcagagatcctcgaaagatacagcaccctcaccttt			CASSNPRDRDDEQYF	tgtgccagcagcaatccccgggacagggacgacgagcagtacttc	1	0	1	1	1
clonotype3397	UNK_S	1	TRAV13-1*01	TRAJ26*01			TRBV28*01	TRBJ2-2*01	CAASRTGSGQNFVF	tgtgcagcaagtaggaccggaagtggtcagaattttgtcttt			CASSRLAGAGGELFF	tgtgccagcagccgtctagcgggagcgggcggggagctgtttttt	1	0	1	1	1
clonotype3398	UNK_S	1	TRAV8-4*01	TRAJ27*01			TRBV28*01	TRBJ2-1*01	CAVSGPNAGKSTF	tgtgctgtgagtggtcccaatgcaggcaaatcaaccttt			CASSTHRVSYNEQFF	tgtgccagcagtacccacagggtctcctacaatgagcagttcttc	1	0	1	1	1
clonotype3399	UNK_S	1	TRAV36/DV7*01	TRAJ42*01			TRBV28*01	TRBJ2-1*01	CAVEGGSQGNLIF	tgtgctgtggagggaggaagccaaggaaatctcatcttt			CASSVPGPLETEQFF	tgtgccagcagtgtaccaggacccctggagactgagcagttcttc	1	0	1	1	1
clonotype34	UNK_S	3	TRAV26-1*01	TRAJ38*01			TRBV7-8*01	TRBJ2-5*01	CIASNAGNNRKLIW	tgcatcgcctcgaatgctggcaacaaccgtaagctgatttgg			CASSLGTTRSQETQYF	tgtgccagcagcttagggactacccgatcccaagagacccagtacttc	3	0	3	1	1
clonotype340	UNK_S	1	TRAV22*01	TRAJ24*01			TRBV20-1*01	TRBJ1-2*01	CAVETDSWGKLQF	tgtgctgtggagacggacagctgggggaaattgcagttt			CSGTGGALRGYTF	tgcagtggcacagggggcgcccttaggggctacaccttc	1	0	1	1	1
clonotype3400	UNK_S	1	TRAV21*01	TRAJ15*01			TRBV28*01	TRBJ1-5*01	CAAESPQAGTALIF	tgtgctgccgagagcccccaggcaggaactgctctgatcttt			CASSSHTGSNQPQHF	tgtgccagcagttctcatacagggagcaatcagccccagcatttt	1	0	1	1	1
clonotype3401	UNK_S	1	TRAV12-2*01	TRAJ13*01			TRBV28*01	TRBJ1-4*01	CATRQGGYQKVTF	tgtgccacccgtcaagggggttaccagaaagttaccttt			CASSLLGGTNEKLFF	tgtgccagcagtttattgggggggactaatgaaaaactgtttttt	1	0	1	1	1
clonotype3402	UNK_S	1	TRAV2*01	TRAJ30*01			TRBV28*01	TRBJ2-7*01	CAVDPMNRDDKIIF	tgtgctgtggaccctatgaacagagatgacaagatcatcttt			CASSFRTETPYEQYF	tgtgccagcagtttccggacggagaccccctacgagcagtacttc	1	0	1	1	1
clonotype3403	UNK_S	1	TRAV13-2*01	TRAJ45*01			TRBV28*01	TRBJ2-7*01	CMYSGGGADGLTF	tgcatgtattcaggaggaggtgctgacggactcaccttt			CASSFFGRSSYEQYF	tgtgccagcagttttttcggcaggagctcctacgagcagtacttc	1	0	1	1	1
clonotype3404	UNK_S	1	TRAV26-1*01	TRAJ22*01			TRBV28*01	TRBJ2-1*01	CIVRVEAISSGSARQLTF	tgcatcgtcagagtcgaagctatttcttctggttctgcaaggcaactgaccttt			CAIRPTGLAYNEQFF	tgtgccattcgccctacagggctcgcctacaatgagcagttcttc	1	0	1	1	1
clonotype3405	UNK_S	1	TRAV21*01	TRAJ32*01	TRAV8-1*01	TRAJ22*01	TRBV5-8*01	TRBJ2-1*01	CAVRRGGATNKLIF	tgtgctgtgaggcgcggtggtgctacaaacaagctcatcttt	CAVNFRGGSARQLTF	tgtgccgtgaatttccgggggggttctgcaaggcaactgaccttt	CASSPGTSGFNEQFF	tgtgccagcagccccgggactagcgggttcaatgagcagttcttc	2	1	2	2	1
clonotype3406	UNK_S	1	TRAV8-6*01	TRAJ36*01			TRBV5-8*01	TRBJ2-3*01	CAVSETGANNLFF	tgtgctgtgagtgaaactggggcaaacaacctcttcttt			CASSAGQGSTDTQYF	tgtgccagcagcgccggacaggggagcacagatacgcagtatttt	1	0	1	1	1
clonotype3407	UNK_S	1	TRAV8-4*01	TRAJ54*01			TRBV10-3*01	TRBJ2-5*01	CAVSERGAQKLVF	tgtgctgtgagtgagcggggagcccagaagctggtattt			CAIKGTSGSSETQYF	tgtgccatcaagggaactagcgggagttcggagacccagtacttc	1	0	1	1	1
clonotype3408	UNK_S	1	TRAV13-1*01	TRAJ45*01			TRBV7-9*01	TRBJ1-1*01	CAASKGGGADGLTF	tgtgcagcaagtaagggaggaggtgctgacggactcaccttt			CASTLGTANTEAFF	tgtgccagcaccctagggacggcgaacactgaagctttcttt	1	0	1	1	1
clonotype3409	UNK_S	1	TRAV21*01	TRAJ54*01			TRBV7-9*01	TRBJ1-2*01	CARGEVQGAQKLVF	tgtgcccgaggggaggttcagggagcccagaagctggtattt			CASSLEAGHYGYTF	tgtgccagcagcctagaggcagggcactatggctacaccttc	1	0	1	1	1
clonotype3410	UNK_S	1	TRAV13-2*01	TRAJ54*01			TRBV7-9*01	TRBJ1-6*01	CADRPQGAQKLVF	tgtgcagacagaccccagggagcccagaagctggtattt			CASSLETGQSPLHF	tgtgccagcagcttagagacagggcaatcacccctccacttt	1	0	1	1	1
clonotype3411	UNK_S	1	TRAV8-4*01	TRAJ27*01			TRBV7-9*01	TRBJ2-3*01	CAVSGPNAGKSTF	tgtgctgtgagtggacccaatgcaggcaaatcaaccttt			CASTIEGSTDTQYF	tgtgccagcactattgagggaagcacagatacgcagtatttt	1	0	1	1	1
clonotype3413	UNK_S	1	TRAV21*01	TRAJ32*01			TRBV7-9*01	TRBJ2-1*01	CAVRRGGATNKLIF	tgtgctgtgaggagaggtggtgctacaaacaagctcatcttt			CASSLIRGNNEQFF	tgtgccagcagcttaataaggggtaacaatgagcagttcttc	1	0	1	1	1
clonotype3414	UNK_S	1	TRAV13-1*01	TRAJ30*01			TRBV7-9*01	TRBJ2-3*01	CAASIQGRDDKIIF	tgtgcagcaagtatacaggggagagatgacaagatcatcttt			CASSLSGSRDTQYF	tgtgccagcagcttatcgggctcacgagatacgcagtatttt	1	0	1	1	1
clonotype3415	UNK_S	1	TRAV30*01	TRAJ39*01			TRBV7-9*01	TRBJ2-1*01	CGTEIGNAGNMLTF	tgcggcacagagatcggtaatgcaggcaacatgctcaccttt			CASSLFSSYNEQFF	tgtgccagcagcttatttagttcatacaatgagcagttcttc	1	0	1	1	1
clonotype3416	UNK_S	1	TRAV12-1*01	TRAJ32*01			TRBV7-3*01	TRBJ2-3*01	CVVSPRGATNKLIF	tgtgtggtgagtccgcggggtgctacaaacaagctcatcttt			CASSLPGSTDTQYF	tgtgccagcagccttccggggagcacagatacgcagtatttt	1	0	1	1	1
clonotype3417	UNK_S	1	TRAV14/DV4*01	TRAJ33*01			TRBV7-3*01	TRBJ2-5*01	CAAYGNYQLIW	tgtgcagcctacggcaactatcagttaatctgg			CASSEGQGAETQYF	tgtgccagcagcgaaggccaaggggcggagacccagtacttc	1	0	1	1	1
clonotype3418	UNK_S	1	TRAV13-2*01	TRAJ49*01			TRBV7-3*01	TRBJ2-1*01	CAERAGAGNQFYF	tgtgcagagagggcgggagccggtaaccagttctatttt			CASSEAGGPDEQFF	tgtgccagcagcgaggcgggagggccggatgagcagttcttc	1	0	1	1	1
clonotype3419	UNK_S	1	TRAV30*01	TRAJ53*01			TRBV11-2*01	TRBJ1-5*01	CGTAGGGSNYKLTF	tgcggcacagccggtggaggtagcaactataaactgacattt			CASSPAGGQQPQHF	tgtgccagcagcccggctggaggacagcagccccagcatttt	1	0	1	1	1
clonotype342	UNK_S	1	TRAV13-1*01	TRAJ16*01	TRAV4*01	TRAJ23*01	TRBV20-1*01	TRBJ2-7*01	CAASRPPDGQKLLF	tgtgcagcaagtagaccgccagatggccagaagctgctcttt	CLVAALDNQGGKLIF	tgcctcgtggccgccttggataaccagggaggaaagcttatcttc	CSAETGGSYEQYF	tgcagtgccgagacagggggatcctacgagcagtacttc	2	1	2	2	1
clonotype3420	UNK_S	1	TRAV8-4*01	TRAJ47*01			TRBV11-2*01	TRBJ2-7*01	CAVRGLYGNKLVF	tgtgctgtgaggggattatatggaaacaagctggtcttt			CASSPGQGSVEQYF	tgtgccagcagcccgggacagggtagtgtcgagcagtacttc	1	0	1	1	1
clonotype3421	UNK_S	1	TRAV17*01	TRAJ12*01			TRBV11-2*01	TRBJ1-2*01	CATVRMDSSYKLIF	tgtgctacggtccggatggatagcagctataaattgatcttc			CASSSPRVIYGYTF	tgtgccagcagctcacccagggttatctatggctacaccttc	1	0	1	1	1
clonotype3422	UNK_S	1	TRAV36/DV7*01	TRAJ44*01			TRBV11-2*01	TRBJ2-5*01	CAVGTGTASKLTF	tgtgctgtggggaccggcactgccagtaaactcaccttt			CASSLEGLGETQYF	tgtgccagcagcttagaaggattgggagagacccagtacttc	1	0	1	1	1
clonotype3423	UNK_S	1	TRAV19*01	TRAJ33*01			TRBV11-2*01	TRBJ1-2*01	CALNSNYQLIW	tgtgctctgaatagcaactatcagttaatctgg			CASSLDSADYGYTF	tgtgccagcagcttagattcggcggactatggctacaccttc	1	0	1	1	1
clonotype3424	UNK_S	1	TRAV8-6*01	TRAJ34*01			TRBV11-2*01	TRBJ2-7*01	CAVSDRSTDKLIF	tgtgctgtgagtgataggagcaccgacaagctcatcttt			CASSLGPTNYEQYF	tgtgccagcagcttaggtcccaccaactacgagcagtacttc	1	0	1	1	1
clonotype3425	UNK_S	1	TRAV21*01	TRAJ27*01			TRBV7-8*01	TRBJ1-3*01	CAVTVPPSAGKSTF	tgtgctgtgacagtcccaccctctgcaggcaaatcaaccttt			CASSLALGVNTIYF	tgtgccagcagcttagcgctcggggtaaacaccatatatttt	1	0	1	1	1
clonotype3426	UNK_S	1	TRAV36/DV7*01	TRAJ37*01	TRAV29/DV5*01	TRAJ49*01	TRBV7-8*01	TRBJ2-7*01	CAVESSNTGKLIF	tgtgctgtggagtctagcaacacaggcaaactaatcttt	CAIIKRGNQFYF	tgtgcgattatcaagaggggtaaccagttctatttt	CASSLGAGVGEQYV	tgtgccagcagcttaggagcaggggtgggcgagcagtacgtc	2	1	2	2	1
clonotype3427	UNK_S	1	TRAV9-2*01	TRAJ12*01			TRBV7-8*01	TRBJ2-7*01	CALSVADSSYKLIF	tgtgctctgagtgtggcggatagcagctataaattgatcttc			CASIQGRGNDEQYF	tgtgccagcattcaggggagagggaacgacgagcagtacttc	1	0	1	1	1
clonotype3428	UNK_S	1	TRAV17*01	TRAJ9*01			TRBV7-8*01	TRBJ2-1*01	CATDEGTGGFKTIF	tgtgctacggacgaaggtactggaggcttcaaaactatcttt			CASGGLAGYNEQFF	tgtgccagcgggggactagcagggtacaatgagcagttcttc	1	0	1	1	1
clonotype3429	UNK_S	1	TRAV13-2*01	TRAJ23*01			TRBV7-2*01	TRBJ1-3*01	CAETLNQGGKLIF	tgtgcagagacccttaaccagggaggaaagcttatcttc			CASSRANSGNTIYF	tgtgccagcagcagggcaaactctggaaacaccatatatttt	1	0	1	1	1
clonotype343	UNK_S	1	TRAV1-1*01	TRAJ28*01	TRAV3*01	TRAJ22*01	TRBV20-1*01	TRBJ2-2*01	CAGRDSGAGSYQLTF	tgcgccgggagggactctggggctgggagttaccaactcactttc	CAVASGSARQLTF	tgtgctgtggcctctggttctgcaaggcaactgaccttt	CSARVGYTGELFF	tgcagtgctagagtggggtacaccggggagctgtttttt	2	1	2	2	1
clonotype3431	UNK_S	1	TRAV9-2*01	TRAJ13*01			TRBV7-2*01	TRBJ1-6*01	CALGSSGGYQKVTF	tgtgctctggggagttctgggggttaccagaaagttaccttt			CASSLNSPAGPLHF	tgtgccagcagcttaaattcgcccgcagggcccctccacttt	1	0	1	1	1
clonotype3432	UNK_S	1	TRAV20*01	TRAJ54*01			TRBV7-2*01	TRBJ1-2*01	CAVQDFQGAQKLVF	tgtgctgtgcaggattttcagggagcccagaagctggtattt			CASSLEYSSYGYTF	tgtgccagcagcttagagtacagctcctatggctacaccttc	1	0	1	1	1
clonotype3433	UNK_S	1	TRAV9-2*01	TRAJ49*01			TRBV7-2*01	TRBJ1-1*01	CALILLNTGNQFYF	tgtgctctgatcctactgaacaccggtaaccagttctatttt			CASSLAGLNTEAFF	tgtgccagcagcttagccgggctgaacactgaagctttcttt	1	0	1	1	1
clonotype3434	UNK_S	1	TRAV3*01	TRAJ7*01	TRAV12-3*01	TRAJ5*01	TRBV7-2*01	TRBJ2-1*01	CAVRPYGNNRLAF	tgtgctgtgagaccgtatgggaacaacagactcgctttt	CALSGTGRRALTF	tgtgcactgagtgggacgggcaggagagcacttactttt	CASSLGTSGVEQFF	tgtgccagcagcttagggactagcggggttgagcagttcttc	2	1	2	2	1
clonotype3435	UNK_S	1	TRAV8-6*01	TRAJ36*01			TRBV7-2*01	TRBJ1-1*01	CALGQTGANNLFF	tgtgctctagggcaaactggggcaaacaacctcttcttt			CASSLVRWNTEAFF	tgtgccagcagcttagtacggtggaacactgaagctttcttt	1	0	1	1	1
clonotype3436	UNK_S	1	TRAV9-2*01	TRAJ9*01			TRBV7-2*01	TRBJ1-1*01	CALSDRTGGFKTIF	tgtgctctgagtgatcgaactggaggcttcaaaactatcttt			CASSFQTSNTEAFF	tgtgccagcagcttccagacttccaacactgaagctttcttt	1	0	1	1	1
clonotype3437	UNK_S	1	TRAV13-2*01	TRAJ5*01			TRBV7-2*01	TRBJ2-7*01	CAEPNTGRRALTF	tgtgcagagcctaacacgggcaggagagcacttactttt			CASSPLAGRYEQYF	tgtgccagcagcccactagcgggaaggtacgagcagtacttc	1	0	1	1	1
clonotype3438	UNK_S	1	TRAV9-2*01	TRAJ8*01			TRBV7-2*01	TRBJ2-3*01	CALSDQRGFQKLVF	tgtgctctgagtgatcagaggggctttcagaaacttgtattt			CASSRRQGTDTQYF	tgtgccagcagccgcagacagggcacagatacgcagtatttt	1	0	1	1	1
clonotype3439	UNK_S	1	TRAV8-1*01	TRAJ4*01			TRBV27*01	TRBJ2-7*01	CAVLSGGYNKLIF	tgtgccgttttgtctggtggctacaataagctgattttt			CASKSRTSGPYEQYF	tgtgccagcaagagccggactagcggtccctacgagcagtacttc	1	0	1	1	1
clonotype344	UNK_S	1	TRAV21*01	TRAJ43*01			TRBV20-1*01	TRBJ2-7*01	CAVNNNNDMRF	tgtgctgtgaacaataacaatgacatgcgcttt			CSARGQGAYEQYF	tgcagtgctagggggcagggggcttacgagcagtacttc	1	0	1	1	1
clonotype3440	UNK_S	1	TRAV17*01	TRAJ54*01			TRBV27*01	TRBJ1-4*01	CATALIQGAQKLVF	tgtgctacggccctaattcagggagcccagaagctggtattt			CASRPNPGGSEKLFF	tgtgccagcagaccaaaccccggggggagtgaaaaactgtttttt	1	0	1	1	1
clonotype3441	UNK_S	1	TRAV30*01	TRAJ15*01	TRAV8-6*01	TRAJ54*01	TRBV27*01	TRBJ2-3*01	CGTGVRNQAGTALIF	tgcggcacaggggtacgcaaccaggcaggaactgctctgatcttt	CAVSLQGAQKLVF	tgtgctgtgagtcttcagggagcccagaagctggtattt	CASSLRGTSADTQYF	tgtgccagcagcttaaggggaactagcgcagatacgcagtatttt	2	1	2	2	1
clonotype3442	UNK_S	1	TRAV41*01	TRAJ54*01			TRBV27*01	TRBJ1-2*01	CAVYYIQGAQKLVF	tgtgctgtctactacatccagggagcccagaagctggtattt			CASSLRWTGDYGYTF	tgtgccagcagcttaaggtggacaggggactatggctacaccttc	1	0	1	1	1
clonotype3443	UNK_S	1	TRAV9-2*01	TRAJ54*01			TRBV27*01	TRBJ2-3*01	CALSDSKGAQKLVF	tgtgctctgagtgattcgaagggagcccagaagctggtattt			CASRPTSGRAPSQYF	tgtgccagcaggcctactagcgggagggccccttcgcagtatttt	1	0	1	1	1
clonotype3444	UNK_S	1	TRAV21*01	TRAJ44*01			TRBV27*01	TRBJ2-1*01	CAVSYTGTASKLTF	tgtgctgtgagctataccggcactgccagtaaactcaccttt			CASSRTTSPTNEQFF	tgtgccagcagtaggacgactagccctaccaatgagcagttcttc	1	0	1	1	1
clonotype3446	UNK_S	1	TRAV9-2*01	TRAJ10*01			TRBV27*01	TRBJ2-1*01	CALSTVGGGNKLTF	tgtgctcttagcacagtgggaggaggaaacaaactcaccttt			CASSPLDRPYNEQFF	tgtgccagcagtcccttagatcggccctacaatgagcagttcttc	1	0	1	1	1
clonotype3447	UNK_S	1	TRAV12-2*01	TRAJ22*01	TRAV17*01	TRAJ40*01	TRBV27*01	TRBJ1-2*01	CAVIYSGSARQLTF	tgtgccgtgatctattctggttctgcaaggcaactgaccttt	CATDAASGTYKYIF	tgtgctacggacgcggcctcaggaacctacaaatacatcttt	CASSPRQASAYGYTF	tgtgccagcagtccgcgccaggcgtctgcctatggctacaccttc	2	1	2	2	1
clonotype3448	UNK_S	1	TRAV21*01	TRAJ16*01			TRBV27*01	TRBJ2-1*01	CAVRPISDGQKLLF	tgtgctgtgcgccctatttcagatggccagaagctgctcttt			CASSLTSGSYNEQFF	tgtgccagcagtctcactagcgggagctacaatgagcagttcttc	1	0	1	1	1
clonotype3449	UNK_S	1	TRAV3*01	TRAJ21*01			TRBV27*01	TRBJ1-4*01	CAVRDHNFNKFYF	tgtgctgtgagagaccacaacttcaacaaattttacttt			CASSVSGGPNEKLFF	tgtgccagcagtgtctcggggggtcctaatgaaaaactgtttttt	1	0	1	1	1
clonotype345	UNK_S	1	TRAV16*01	TRAJ52*01			TRBV20-1*01	TRBJ2-5*01	CALKGGTSYGKLTF	tgtgctctaaaaggtggtactagctatggaaagctgacattt			CSASGDREETQYF	tgcagtgctagtggggacagggaagagacccagtacttc	1	0	1	1	1
clonotype3450	UNK_S	1	TRAV8-3*01	TRAJ49*01			TRBV27*01	TRBJ2-7*01	CAVGASTGNQFYF	tgtgctgtgggtgcgagcaccggtaaccagttctatttt			CASSSHGTGGEGQYF	tgtgccagcagttcccacgggacagggggggaagggcagtacttc	1	0	1	1	1
clonotype3451	UNK_S	1	TRAV8-3*01	TRAJ4*01			TRBV27*01	TRBJ2-7*01	CAVHSGGYNKLIF	tgtgctgtccattctggtggctacaataagctgattttt			CASSSGLAGIYEQYV	tgtgccagcagttccggactagcgggaatctacgagcagtacgtc	1	0	1	1	1
clonotype3452	UNK_S	1	TRAV12-1*01	TRAJ17*01			TRBV27*01	TRBJ2-3*01	CVVSVGAAGNKLTF	tgtgtggtgagcgtaggggctgcaggcaacaagctaactttt			CASSLVGMWTDTQYF	tgtgccagcagtttagtggggatgtggacagatacgcagtatttt	1	0	1	1	1
clonotype3453	UNK_S	1	TRAV8-2*01	TRAJ36*01			TRBV27*01	TRBJ2-3*01	CVVSDTGANNLFF	tgtgttgtgagtgacactggggcaaacaacctcttcttt			CASSFLADNSGTQYF	tgtgccagcagtttcctagctgataactcgggtacgcagtatttt	1	0	1	1	1
clonotype3454	UNK_S	1	TRAV9-2*01	TRAJ41*01			TRBV27*01	TRBJ2-3*01	CALTNSNSGYALNF	tgtgctctgacgaactcaaattccgggtatgcactcaacttc			CASSFGGRSADTQYF	tgtgccagcagtttcggcgggaggagcgcagatacgcagtatttt	1	0	1	1	1
clonotype3455	UNK_S	1	TRAV13-1*01	TRAJ45*01			TRBV27*01	TRBJ2-1*01	CAASTGGGADGLTF	tgtgcagcaagtacgggaggaggtgctgacggactcaccttt			CASSFVAGGDSEQFF	tgtgccagcagtttcgtagcgggaggggactctgagcagttcttc	1	0	1	1	1
clonotype3456	UNK_S	1	TRAV8-6*01	TRAJ43*01			TRBV27*01	TRBJ2-1*01	CAVGRRSNNDMRF	tgtgctgtgggacgacgtagtaacaatgacatgcgcttt			CASSFRAGLNNEQFF	tgtgccagcagttttagagcggggttgaacaatgagcagttcttc	1	0	1	1	1
clonotype3457	UNK_S	1	TRAV9-2*01	TRAJ22*01			TRBV5-6*01	TRBJ2-2*01	CASRSSGSARQLTF	tgtgcttcccgatcttctggttctgcaaggcaactgaccttt			CASSLGQAYTGELFF	tgtgccagcagcctaggacaggcctacaccggggagctgtttttt	1	0	1	1	1
clonotype3458	UNK_S	1	TRAV8-3*01	TRAJ20*01			TRBV5-4*01	TRBJ1-1*01	CAVGAIGDYKLSF	tgtgctgtgggtgcaataggggactacaagctcagcttt			CASSLGQGTNTEAFF	tgtgccagcagcttgggacaggggacgaacactgaagctttcttt	1	0	1	1	1
clonotype3459	UNK_S	1	TRAV13-2*01	TRAJ9*01			TRBV5-4*01	TRBJ2-7*01	CAEKITGGFKTIF	tgtgcagagaagattactggaggcttcaaaactatcttt			CASSADRDRVNEQYF	tgtgccagcagtgcggatagagacagggtcaacgagcagtacttc	1	0	1	1	1
clonotype346	UNK_S	1	TRAV25*01	TRAJ35*01			TRBV5-4*01	TRBJ2-1*01	CAGPIGFGNVLHC	tgtgcagggccgataggctttgggaatgtgctgcattgc			CASSQGGKQFF	tgtgccagcagccaggggggaaagcagttcttc	1	0	1	1	1
clonotype3460	UNK_S	1	TRAV13-1*01	TRAJ48*01			TRBV5-5*01	TRBJ2-7*01	CAAIETSGNEKLTF	tgtgcagcaatagaaacaagcggaaatgagaaattaaccttt			CASSTGLAVPYEQYF	tgtgccagcagcaccggactagcggtaccctacgagcagtacttc	1	0	1	1	1
clonotype3461	UNK_S	1	TRAV8-3*01	TRAJ21*01			TRBV5-5*01	TRBJ1-1*01	CAVGMGNFNKFYF	tgtgctgtggggatggggaacttcaacaaattttacttt			CASSGDRGRNTEAFF	tgtgccagcagcggagacagggggcgtaacactgaagctttcttt	1	0	1	1	1
clonotype3462	UNK_S	1	TRAV20*01	TRAJ31*01			TRBV5-5*01	TRBJ2-3*01	CAVMTLYNNARLMF	tgtgctgtgatgacgttgtataacaatgccagactcatgttt			CASSLDGRPPDTQYF	tgtgccagcagcttggacgggaggcccccagatacgcagtatttt	1	0	1	1	1
clonotype3463	UNK_S	1	TRAV13-1*01	TRAJ31*01			TRBV5-4*01	TRBJ2-1*01	CAASRGNNNARLMF	tgtgcagcaagtagagggaataacaatgccagactcatgttt			CASSTPSGVYNEQFF	tgtgccagcagcacccctagcggggtctacaatgagcagttcttc	1	0	1	1	1
clonotype3466	UNK_S	1	TRAV2*01	TRAJ24*01			TRBV5-1*01	TRBJ2-1*01	CAVMTTDSWGKLQF	tgtgctgtcatgacaactgacagctgggggaaattgcagttt			CASSHTGTSSNEQFF	tgcgccagcagccacaccgggactagctcgaatgagcagttcttc	1	0	1	1	1
clonotype3468	UNK_S	1	TRAV9-2*01	TRAJ32*01			TRBV5-1*01	TRBJ2-2*01	CALSGGGATNKLIF	tgtgctctgagtgggggtggtgctacaaacaagctcatcttt			CASSATTGNTGELFF	tgcgccagcagcgcgacgacagggaacaccggggagctgtttttt	1	0	1	1	1
clonotype3469	UNK_S	1	TRAV13-1*01	TRAJ36*01			TRBV5-1*01	TRBJ2-1*01	CAASIGVVANNLFF	tgtgcagcaagtataggggtcgtggcaaacaacctcttcttt			CASSYLAGGPNEQFF	tgcgccagcagctacctagcgggagggccgaatgagcagttcttc	1	0	1	1	1
clonotype347	UNK_S	1	TRAV26-2*01	TRAJ38*01			TRBV5-4*01	TRBJ2-1*01	CILRDGAGNNRKLIW	tgcatcctgagagacggggctggcaacaaccgtaagctgatttgg			CASSLLNEQFF	tgtgccagcagcttactcaatgagcagttcttc	1	0	1	1	1
clonotype3470	UNK_S	1	TRAV12-2*01	TRAJ49*01			TRBV5-1*01	TRBJ1-1*01	CAVNMYTGNQFYF	tgtgccgtgaacatgtacaccggtaaccagttctatttt			CASSLTTGWNTEAFF	tgcgccagcagcttaacgacaggctggaacactgaagctttcttt	1	0	1	1	1
clonotype3471	UNK_S	1	TRAV8-3*01	TRAJ35*01			TRBV5-1*01	TRBJ2-1*01	CAVGAGFGNVLHC	tgtgctgtgggtgcaggctttgggaatgtgctgcattgc			CASSLKAGVNNEQFF	tgcgccagcagcttgaaagcgggagtgaacaatgagcagttcttc	1	0	1	1	1
clonotype3472	UNK_S	1	TRAV8-3*01	TRAJ20*01			TRBV5-1*01	TRBJ2-1*01	CAVGARGDYKLSF	tgtgctgtgggtgcgaggggcgactacaagctcagcttt			CASSLAAGRMNEQFF	tgcgccagcagcttggcagcgggaaggatgaatgagcagttcttc	1	0	1	1	1
clonotype3473	UNK_S	1	TRAV13-1*01	TRAJ42*01			TRBV12-4*01	TRBJ1-6*01	CAASNGGSQGNLIF	tgtgcagcaagtaacggcggaagccaaggaaatctcatcttt			CASSLKGQHSPLHF	tgtgccagcagtttaaagggacaacattcacccctccacttt	1	0	1	1	1
clonotype3474	UNK_S	1	TRAV17*01	TRAJ32*01			TRBV3-1*01	TRBJ1-5*01	CATERSGATNKLIF	tgtgctacggagcgctctggtgctacaaacaagctcatcttt			CASSQDGQGSQPQHF	tgtgccagcagccaagatgggcagggtagtcagccccagcatttt	1	0	1	1	1
clonotype3475	UNK_S	1	TRAV12-2*01	TRAJ5*01			TRBV3-1*01	TRBJ1-1*01	CAVNGKGRRALTF	tgtgccgtgaatgggaagggcaggagagcacttactttt			CASSQDFRLNTEAFF	tgtgccagcagccaagatttcaggttgaacactgaagctttcttt	1	0	1	1	1
clonotype3476	UNK_S	1	TRAV9-2*01	TRAJ27*01			TRBV3-1*01	TRBJ2-1*01	CALSLNTNAGKSTF	tgtgctctgagccttaacaccaatgcaggcaaatcaaccttt			CASSQAGGVYNEQFF	tgtgccagcagccaagcaggaggggtttacaatgagcagttcttc	1	0	1	1	1
clonotype3477	UNK_S	1	TRAV13-1*01	TRAJ50*01			TRBV3-1*01	TRBJ2-7*01	CAASSTTSYDKVIF	tgtgcagcaagtagtacaacctcctacgacaaggtgatattt			CASSQGANTVYEQYF	tgtgccagcagccaaggtgcgaacaccgtctacgagcagtacttc	1	0	1	1	1
clonotype3478	UNK_S	1	TRAV17*01	TRAJ26*01			TRBV3-1*01	TRBJ2-5*01	CATDASDYGQNFVF	tgtgctacggacgcctccgactatggtcagaattttgtcttt			CASSQGSGAWETQYF	tgtgccagcagccaaggttcgggggcttgggagacccagtacttc	1	0	1	1	1
clonotype3479	UNK_S	1	TRAV2*01	TRAJ20*01	TRAV10*01	TRAJ15*01	TRBV3-1*01	TRBJ2-7*01	CAVEAVSNDYKLSF	tgtgctgtggaggcggtatctaacgactacaagctcagcttt	CVVSAQQAGTALIF	tgtgtggtgagcgcacaacaggcaggaactgctctgatcttt	CASSPSGRALYEQYF	tgtgccagcagccccagcgggagggccctctacgagcagtacttc	2	1	2	2	1
clonotype3480	UNK_S	1	TRAV8-1*01	TRAJ37*01			TRBV3-1*01	TRBJ2-2*01	CAASSSNTGKLIF	tgtgccgcgagctctagcaacacaggcaaactaatcttt			CASSPHDTNTGELFF	tgtgccagcagcccccacgacacaaacaccggggagctgtttttt	1	0	1	1	1
clonotype3481	UNK_S	1	TRAV21*01	TRAJ40*01			TRBV3-1*01	TRBJ1-1*01	CAVPTTSGTYKYIF	tgtgctgtgccaactacctcaggaacctacaaatacatcttt			CASSRGGSWNTEAFF	tgtgccagcagccgaggcgggtcgtggaacactgaagctttcttt	1	0	1	1	1
clonotype3482	UNK_S	1	TRAV12-3*01	TRAJ45*01			TRBV3-1*01	TRBJ2-1*01	CALGGGADGLTF	tgtgcattaggaggaggtgctgacggactcaccttt			CASSRGAGSYNEQFF	tgtgccagcagccggggggcgggttcctacaatgagcagttcttc	1	0	1	1	1
clonotype3483	UNK_S	1	TRAV8-3*01	TRAJ34*01			TRBV4-1*01	TRBJ1-3*01	CAVGPPGTDKLIF	tgtgctgtgggcccccccggcaccgacaagctcatcttt			CASSQDTRAGNTIYF	tgcgccagcagccaagatacccgggctggaaacaccatatatttt	1	0	1	1	1
clonotype3484	UNK_S	1	TRAV41*01	TRAJ48*01			TRBV4-1*01	TRBJ2-3*01	CAVGGGFGNEKLTF	tgtgctgttggggggggctttggaaatgagaaattaaccttt			CASSHQRLNTDTQYF	tgcgccagcagccaccagagactaaacacagatacgcagtatttt	1	0	1	1	1
clonotype3485	UNK_S	1	TRAV8-3*01	TRAJ7*01			TRBV4-3*01	TRBJ2-3*01	CAVGPYGNNRLAF	tgtgctgtgggaccctatgggaacaacagactcgctttt			CASSQGLAGTDTQYF	tgcgccagcagccaaggactagctggcacagatacgcagtatttt	1	0	1	1	1
clonotype3486	UNK_S	1	TRAV3*01	TRAJ31*01			TRBV4-3*01	TRBJ2-2*01	CAVLAINNARLMF	tgtgctgtgttggccatcaacaatgccagactcatgttt			CASSQGFANTGELFF	tgcgccagcagccaagggtttgcgaacaccggggagctgtttttt	1	0	1	1	1
clonotype3487	UNK_S	1	TRAV9-2*01	TRAJ32*01			TRBV4-3*01	TRBJ2-5*01	CALSYGGATNKLIF	tgtgctctgagttacggtggtgctacaaacaagctcatcttt			CASSPGLAPTETQYF	tgcgccagcagcccggggctagcgccgactgagacccagtacttc	1	0	1	1	1
clonotype3488	UNK_S	1	TRAV12-1*01	TRAJ33*01			TRBV9*01	TRBJ2-1*01	CVVEPMDSNYQLIW	tgtgtggtggaacccatggatagcaactatcagttaatctgg			CASSPRRDSGYEQFF	tgtgccagcagcccccggcgggattcaggatatgagcagttcttc	1	0	1	1	1
clonotype3489	UNK_S	1	TRAV13-2*01	TRAJ31*01			TRBV9*01	TRBJ1-5*01	CAESRNNNARLMF	tgtgcagagtcaaggaataacaatgccagactcatgttt			CASSPDSYSNQPQHF	tgtgccagcagccccgacagttatagcaatcagccccagcatttt	1	0	1	1	1
clonotype349	UNK_S	1	TRAV9-2*01	TRAJ20*01			TRBV30*01	TRBJ2-1*01	CAGRGNDYKLSF	tgtgccgggcggggtaacgactacaagctcagcttt			CAWRGTSRHEQFF	tgtgcctggagagggaccagccggcatgagcagttcttc	1	0	1	1	1
clonotype3490	UNK_S	1	TRAV27*01	TRAJ28*01			TRBV9*01	TRBJ2-5*01	CAGALYSGAGSYQLTF	tgtgcaggggccctatactctggggctgggagttaccaactcactttc			CASSEDRISQETQYF	tgtgccagcagcgaagacaggatttctcaagagacccagtacttc	1	0	1	1	1
clonotype3491	UNK_S	1	TRAV3*01	TRAJ34*01			TRBV9*01	TRBJ1-1*01	CAVRDGVLDKLIF	tgtgctgtgagagacggggtcctcgacaagctcatcttt			CASSAGTGMGTEAFF	tgtgccagcagcgcagggacagggatgggcactgaagctttcttt	1	0	1	1	1
clonotype3492	UNK_S	1	TRAV8-6*01	TRAJ53*01			TRBV9*01	TRBJ2-5*01	CAVSGGSNYKLTF	tgtgctgtgagtggaggtagcaactataaactgacattt			CASSVDGGMGKTQYF	tgtgccagcagcgtagatggcgggatggggaagacccagtacttc	1	0	1	1	1
clonotype3494	UNK_S	1	TRAV35*01	TRAJ28*01			TRBV9*01	TRBJ2-7*01	CAGPAYSGAGSYQLTF	tgtgctgggcccgcatactctggggctgggagttaccaactcactttc			CASSVAWQASYEQYF	tgtgccagcagcgtagcttggcaggcctcctacgagcagtacttc	1	0	1	1	1
clonotype3495	UNK_S	1	TRAV13-1*01	TRAJ41*01			TRBV9*01	TRBJ1-5*01	CAASKKNSGYALNF	tgtgcagcaagtaaaaaaaattccgggtatgcactcaacttc			CASSVGRDGNQPQHF	tgtgccagcagcgtagggagggacggcaatcagccccagcatttt	1	0	1	1	1
clonotype3496	UNK_S	1	TRAV19*01	TRAJ28*01	TRAV12-1*01	TRAJ27*01	TRBV9*01	TRBJ2-2*01	CALSVGAYSGAGSYQLTF	tgtgctctgagtgtgggagcatactctggggctgggagttaccaactcactttc	CVVNENTNAGKSTF	tgtgtggtgaacgaaaacaccaatgcaggcaaatcaaccttt	CASSVGRENTGELFF	tgtgccagcagcgtaggtagggagaacaccggggagctgtttttt	2	1	2	2	1
clonotype3497	UNK_S	1	TRAV26-1*01	TRAJ52*01			TRBV15*01	TRBJ2-7*01	CIVRVPWAGGTSYGKLTF	tgcatcgtcagagtcccttgggctggtggtactagctatggaaagctgacattt			CATSKSGTSDYEQYF	tgtgccaccagcaagtccgggactagcgactacgagcagtacttc	1	0	1	1	1
clonotype3498	UNK_S	1	TRAV5*01	TRAJ13*01			TRBV15*01	TRBJ1-4*01	CAERTGGYQKVTF	tgtgcagagaggacagggggttaccagaaagttaccttt			CATSRDGASREKLFF	tgtgccaccagcagagacggggcctcccgtgaaaaactgtttttt	1	0	1	1	1
clonotype3499	UNK_S	1	TRAV3*01	TRAJ39*01			TRBV15*01	TRBJ2-1*01	CAVRVNAGNMLTF	tgtgctgtgagggtaaatgcaggcaacatgctcaccttt			CATSLSPGGPNEQFF	tgtgccaccagcctcagcccgggaggccccaatgagcagttcttc	1	0	1	1	1
clonotype35	UNK_S	3	TRAV38-2/DV8*01	TRAJ53*01			TRBV5-1*01	TRBJ2-7*01	CAYRRGGGSNYKLTF	tgtgcttataggagaggtggaggtagcaactataaactgacattt			CASSLRFSEPPPYEQYF	tgcgccagcagcttgaggttctcggagccccccccctacgagcagtacttc	3	0	3	1	1
clonotype350	UNK_S	1	TRAV12-3*01	TRAJ20*01			TRBV30*01	TRBJ1-5*01	CAMHDYKLSF	tgtgcaatgcacgactacaagctcagcttt			CAWSVENNQPQHF	tgtgcctggagtgtggagaacaatcagccccagcatttt	1	0	1	1	1
clonotype3500	UNK_S	1	TRAV17*01	TRAJ9*01			TRBV15*01	TRBJ1-6*01	CATDRNTGGFKTIF	tgtgctacggacagaaatactggaggcttcaaaactatcttt			CATSGGRGIESPLHF	tgtgccaccagcggaggcagggggattgagtcacccctccacttt	1	0	1	1	1
clonotype3501	UNK_S	1	TRAV41*01	TRAJ56*01	TRAV38-1*01	TRAJ40*01	TRBV14*01	TRBJ1-1*01	CAVRVTGANSKLTF	tgtgctgtcagagttactggagccaatagtaagctgacattt	CAFMKPYSGTYKYIF	tgtgctttcatgaagccctactcaggaacctacaaatacatcttt	CASSQDLAGTEAFF	tgtgccagcagccaagacctagcaggcactgaagctttcttt	2	1	2	2	1
clonotype3502	UNK_S	1	TRAV3*01	TRAJ20*01			TRBV14*01	TRBJ2-5*01	CAVREGNDYKLSF	tgtgctgtgagagagggaaacgactacaagctcagcttt			CASSHRRDQETQYF	tgtgccagcagccaccggcgagaccaagagacccagtacttc	1	0	1	1	1
clonotype3503	UNK_S	1	TRAV9-2*01	TRAJ21*01			TRBV14*01	TRBJ2-7*01	CALSRRDNFNKFYF	tgtgctctgagtaggcgggacaacttcaacaaattttacttt			CASSQYTESYEQYF	tgtgccagcagccagtatacagagtcctacgagcagtacttc	1	0	1	1	1
clonotype3504	UNK_S	1	TRAV9-2*01	TRAJ35*01			TRBV14*01	TRBJ2-1*01	CALSDIGFGNVLHC	tgtgctctgagtgatattggctttgggaatgtgctgcattgc			CASSPSGSRNEQFF	tgtgccagcagcccaagcgggagtaggaatgagcagttcttc	1	0	1	1	1
clonotype3506	UNK_S	1	TRAV19*01	TRAJ22*01			TRBV25-1*01	TRBJ1-1*01	CALTRSARQLTF	tgtgctctgactcgttctgcaaggcaactgaccttt			CASSSLTTMNTEAFF	tgtgccagcagtagtttgacaacgatgaacactgaagctttcttt	1	0	1	1	1
clonotype3507	UNK_S	1	TRAV8-6*01	TRAJ21*01			TRBV6-4*01	TRBJ2-1*01	CAVSDPGNFNKFYF	tgtgctgtgagtgacccgggcaacttcaacaaattttacttt			CASRRLAGVDNEQFF	tgtgccagcagacgactagcgggagtggacaatgagcagttcttc	1	0	1	1	1
clonotype3508	UNK_S	1	TRAV36/DV7*01	TRAJ37*01			TRBV6-4*01	TRBJ2-1*01	CAVEVSSNTGKLIF	tgtgctgtggaggtctctagcaacacaggcaaactaatcttt			CASSPRGGRGNEQFF	tgtgccagcagcccgaggggcgggaggggcaatgagcagttcttc	1	0	1	1	1
clonotype3509	UNK_S	1	TRAV8-4*01	TRAJ49*01			TRBV19*01	TRBJ1-6*01	CAVSDRSTGNQFYF	tgtgctgtgagtgatcgttctaccggtaaccagttctatttt			CASRPLSSYNSPLHF	tgtgccagtagaccgctaagctcctataattcacccctccacttt	1	0	1	1	1
clonotype351	UNK_S	1	TRAV26-1*01	TRAJ57*01			TRBV30*01	TRBJ2-1*01	CIVRVDFGGGSEKLVF	tgcatcgtcagagtcgattttgggggcggatctgaaaagctggtcttt			CAWSSLSYNEQFF	tgtgcctggtccagtctctcctacaatgagcagttcttc	1	0	1	1	1
clonotype3510	UNK_S	1	TRAV12-2*01	TRAJ44*01	TRAV6*01	TRAJ45*01	TRBV19*01	TRBJ1-1*01	CAVNINGTASKLTF	tgtgccgtgaacattaacggcactgccagtaaactcaccttt	CALAHGLGGGGADGLTF	tgtgctctagcccacggtttgggaggaggaggtgctgacggactcaccttt	CASSIGVRVRDSAFF	tgtgccagtagtattggggttagggtcagggactcggctttcttt	2	1	2	2	1
clonotype3511	UNK_S	1	TRAV14/DV4*01	TRAJ11*01			TRBV19*01	TRBJ1-5*01	CAMRAGYSTLTF	tgtgcaatgagagcaggatacagcaccctcaccttt			CASSPGRGWVQPQHF	tgtgccagttctcctggacgggggtgggttcagccccagcatttt	1	0	1	1	1
clonotype3512	UNK_S	1	TRAV38-2/DV8*01	TRAJ24*01			TRBV19*01	TRBJ2-3*01	CAYTDSWGKLQF	tgtgcttatactgacagctgggggaaattgcagttt			CASRPRGSGTDTQYF	tgtgccagtaggccgaggggtagtggcacagatacgcagtatttt	1	0	1	1	1
clonotype3513	UNK_S	1	TRAV12-3*01	TRAJ23*01			TRBV19*01	TRBJ2-2*01	CAMRFNQGGKLIF	tgtgcaatgagatttaaccagggaggaaagcttatcttc			CASSNGGGFTGELFF	tgtgccagtagtaatggagggggtttcaccggggagctgtttttt	1	0	1	1	1
clonotype3514	UNK_S	1	TRAV9-2*01	TRAJ42*01			TRBV19*01	TRBJ2-3*01	CALRGNGGSQGNLIF	tgtgctctgagagggaatggaggaagccaaggaaatctcatcttt			CASSITGPGTDTQYF	tgtgccagtagtataacggggccgggcacagatacgcagtatttt	1	0	1	1	1
clonotype3515	UNK_S	1	TRAV12-2*01	TRAJ27*01			TRBV19*01	TRBJ2-4*01	CAVNVNTNAGKSTF	tgtgccgtgaacgtgaacaccaatgcaggcaaatcaaccttt			CASSIVGVAKNIQYF	tgtgccagtagtatagttggggtcgccaaaaacattcagtacttc	1	0	1	1	1
clonotype3516	UNK_S	1	TRAV9-2*01	TRAJ9*01			TRBV19*01	TRBJ2-7*01	CALSDQDTGGFKTIF	tgtgctctgagtgatcaagacactggaggcttcaaaactatcttt			CASSISTGRDYEQYF	tgtgccagtagtatctcgaccggtcgggattacgagcagtacttc	1	0	1	1	1
clonotype3517	UNK_S	1	TRAV9-2*01	TRAJ58*01			TRBV19*01	TRBJ1-2*01	CALSGRETSGSRLTF	tgtgctctgagtggtcgcgaaaccagtggctctaggttgaccttt			CASSIRTGGGYGYTF	tgtgccagtagtattaggacagggggtggctatggctacaccttc	1	0	1	1	1
clonotype3518	UNK_S	1	TRAV8-3*01	TRAJ29*01			TRBV6-6*01	TRBJ2-3*01	CAVGGNSGNTPLVF	tgtgctgtgggggggaattcaggaaacacacctcttgtcttt			CASSALAGVADTQYF	tgtgccagcagtgcactagcgggagtggcagatacgcagtatttt	1	0	1	1	1
clonotype3519	UNK_S	1	TRAV8-3*01	TRAJ7*01			TRBV6-6*01	TRBJ1-5*01	CAVGASGGNNRLAF	tgtgctgtgggtgcatcaggggggaacaacagactcgctttt			CASSYAGGPNQPQHF	tgtgccagcagttacgcggggggccccaatcagccccagcatttt	1	0	1	1	1
clonotype352	UNK_S	1	TRAV30*01	TRAJ37*01			TRBV30*01	TRBJ2-7*01	CATVRNTGKLIF	tgcgccactgtgcgcaacacaggcaaactaatcttt			CAWSRGGRGTQYF	tgtgcctggagccgagggggccgggggacgcagtacttc	1	0	1	1	1
clonotype3520	UNK_S	1	TRAV8-4*01	TRAJ44*01			TRBV6-6*01	TRBJ1-3*01	CAVGNTGTASKLTF	tgtgctgtgggcaataccggcactgccagtaaactcaccttt			CASSYGQGIGNTIYF	tgtgccagcagttacggacagggaataggaaacaccatatatttt	1	0	1	1	1
clonotype3521	UNK_S	1	TRAV3*01	TRAJ26*01			TRBV6-5*01	TRBJ1-2*01	CAVRGDNYGQNFVF	tgtgctgtgagaggagataactatggtcagaattttgtcttt			CASNPEGRGLYGYTF	tgtgccagcaatccggagggcagggggctttatggctacaccttc	1	0	1	1	1
clonotype3523	UNK_S	1	TRAV19*01	TRAJ23*01	TRAV36/DV7*01	TRAJ48*01	TRBV6-5*01	TRBJ2-1*01	CALSAALYNQGGKLIF	tgtgctctgagtgccgccctttataaccagggaggaaagcttatcttc	CAAVSNFGNEKLTF	tgtgctgcggtatctaactttggaaatgagaaattaaccttt	CASSYLAGGINEQFF	tgtgccagcagttacctagcgggagggatcaatgagcagttcttc	2	1	2	2	1
clonotype3524	UNK_S	1	TRAV34*01	TRAJ32*01			TRBV6-5*01	TRBJ2-4*01	CGADERNGATNKLIF	tgtggagcagacgaaaggaatggtgctacaaacaagctcatcttt			CASSYGQLAKNIQYF	tgtgccagcagttacggacaactagccaaaaacattcagtacttc	1	0	1	1	1
clonotype3525	UNK_S	1	TRAV13-1*01	TRAJ5*01			TRBV6-5*01	TRBJ2-5*01	CAATLWDTGRRALTF	tgtgcagcaaccctctgggacacgggcaggagagcacttactttt			CASSYSLVAGETQYF	tgtgccagcagttactcgttggtagcgggagagacccagtacttc	1	0	1	1	1
clonotype3526	UNK_S	1	TRAV21*01	TRAJ23*01			TRBV6-1*01	TRBJ2-3*01	CAVRPAYNQGGKLIF	tgtgctgtgaggccggcgtataaccagggaggaaagcttatcttc			CASRAIAGGPDTQYF	tgtgccagcagagccatagcgggagggcccgatacgcagtatttt	1	0	1	1	1
clonotype3527	UNK_S	1	TRAV21*01	TRAJ35*01			TRBV6-1*01	TRBJ2-1*01	CAVKMRIGFGNVLHC	tgtgctgtgaagatgaggataggctttgggaatgtgctgcattgc			CASSEGGITYNEQFF	tgtgccagcagtgaagggggaatcacttacaatgagcagttcttc	1	0	1	1	1
clonotype3528	UNK_S	1	TRAV8-4*01	TRAJ9*01			TRBV6-1*01	TRBJ1-1*01	CAVSGDTGGFKTIF	tgtgctgtgagtggggacactggaggcttcaaaactatcttt			CASSEGLGGGTEAFF	tgtgccagcagtgaaggtttagggggcggcactgaagctttcttt	1	0	1	1	1
clonotype3529	UNK_S	1	TRAV8-1*01	TRAJ13*01			TRBV6-1*01	TRBJ2-1*01	CAVIPARGYQKVTF	tgtgccgtgattcctgctaggggttaccagaaagttaccttt			CASSETGGSYNEQFF	tgtgccagcagtgagacgggagggtcctacaatgagcagttcttc	1	0	1	1	1
clonotype353	UNK_S	1	TRAV35*01	TRAJ57*01			TRBV30*01	TRBJ1-5*01	CAGPGQGGSEKLVF	tgtgctggaccgggtcagggcggatctgaaaagctggtcttt			CAWSVGGGQPQHF	tgtgcctggagtgtcgggggtggacagccccagcatttt	1	0	1	1	1
clonotype3530	UNK_S	1	TRAV3*01	TRAJ4*01			TRBV6-1*01	TRBJ1-5*01	CAVINSGGYNKLIF	tgtgctgttataaactctggtggctacaataagctgattttt			CASSEARGREQPQHF	tgtgccagcagtgaggcgagggggcgcgaacagccccagcatttt	1	0	1	1	1
clonotype3531	UNK_S	1	TRAV38-1*01	TRAJ37*01			TRBV16*01	TRBJ2-7*01	CALASNTGKLIF	tgtgcccttgctagcaacacaggcaaactaatcttt			CASVTLATPSEQYF	tgtgccagcgtgacactagcgaccccctccgagcagtacttc	1	0	1	1	1
clonotype3532	UNK_S	1	TRAV12-3*01	TRAJ5*01			TRBV16*01	TRBJ1-2*01	CAMRDTGRRALTF	tgtgcaatgcgtgacacgggcaggagagcacttactttt			CASATGLANYGYTF	tgtgccagtgcgacagggttagctaactatggctacaccttc	1	0	1	1	1
clonotype3533	UNK_S	1	TRAV13-2*01	TRAJ6*01			TRBV6-2*01	TRBJ2-3*01	CAENLRGGSYIPTF	tgtgcagagaaccttcgaggaggaagctacatacctacattt			CASKLAGGPTDTQYF	tgtgccagcaaattagcgggagggcccacagatacgcagtatttt	1	0	1	1	1
clonotype3534	UNK_S	1	TRAV8-3*01	TRAJ10*01			TRBV6-2*01	TRBJ2-3*01	CAVGFTGGGNKLTF	tgtgctgtgggtttcacgggaggaggaaacaaactcaccttt			CASSQIAGGPDTQYF	tgtgccagcagccaaatagcgggaggcccagatacgcagtatttt	1	0	1	1	1
clonotype3535	UNK_S	1	TRAV5*01	TRAJ6*01			TRBV6-2*01	TRBJ2-3*01	CAESSSGGSYIPTF	tgtgcagagagttcatcaggaggaagctacatacctacattt			CASSYPGSAGDTQYF	tgtgccagcagttacccaggatcagcgggggatacgcagtatttt	1	0	1	1	1
clonotype3536	UNK_S	1	TRAV19*01	TRAJ36*01			TRBV6-2*01	TRBJ2-1*01	CALSTGANNLFF	tgtgctctttcaactggggcaaacaacctcttcttt			CASSYALLVGNEQFF	tgtgccagcagttacgccctcctagtgggtaatgagcagttcttc	1	0	1	1	1
clonotype3537	UNK_S	1	TRAV19*01	TRAJ4*01			TRBV6-2*01	TRBJ2-7*01	CALTGGYNKLIF	tgtgctctgacgggaggctacaataagctgattttt			CASSSLAGGNYEQYV	tgtgccagcagttcactagcgggaggaaactacgagcagtacgtc	1	0	1	1	1
clonotype3538	UNK_S	1	TRAV19*01	TRAJ31*01			TRBV6-2*01	TRBJ2-7*01	CAQSDNNARLMF	tgtgcccaatcggataacaatgccagactcatgttt			CASSSVGTGAYEQYV	tgtgccagcagttcagttgggactggagcctacgagcagtacgtc	1	0	1	1	1
clonotype3539	UNK_S	1	TRAV8-4*01	TRAJ48*01			TRBV6-2*01	TRBJ1-1*01	CAVSPNFGNEKLTF	tgtgctgtgagccctaactttggaaatgagaaattaaccttt			CASASGDRRSTEAFF	tgtgccagcgcctcaggggacaggaggtccactgaagctttcttt	1	0	1	1	1
clonotype3540	UNK_S	1	TRAV24*01	TRAJ40*01			TRBV30*01	TRBJ2-3*01	CAFSPGTYKYIF	tgtgccttttcgccaggaacctacaaatacatcttt			CAWGSFPVHRSTDTQYF	tgtgcctggggttcttttcccgtgcacagaagcacagatacgcagtatttt	1	0	1	1	1
clonotype3541	UNK_S	1	TRAV38-2/DV8*01	TRAJ20*01			TRBV20-1*01	TRBJ1-1*01	CAYTSNDYKLSF	tgtgcttataccagtaacgactacaagctcagcttt			CSAREYGTGDLNTEAFF	tgcagtgctagagaatacgggacaggggacctgaacactgaagctttcttt	1	0	1	1	1
clonotype3542	UNK_S	1	TRAV23/DV6*01	TRAJ39*01	TRAV9-2*01	TRAJ52*01	TRBV20-1*01	TRBJ1-5*01	CAASIGNMLTF	tgtgcagcaagcataggcaacatgctcaccttt	CALIGGGTSYGKLTF	tgtgctctgatcggtggtggtactagctatggaaagctgacattt	CSARVAGDRGYNQPQHF	tgcagtgctagagtcgcgggagacagggggtacaatcagccccagcatttt	2	1	2	2	1
clonotype3543	UNK_S	1	TRAV12-1*01	TRAJ41*01			TRBV20-1*01	TRBJ2-4*01	CVVYSFSNSGYALNF	tgtgtggtgtatagtttctcaaattccgggtatgcactcaacttc			CSARRGLAGGVVNIQYF	tgcagtgctagaaggggactagcgggaggggtagtaaacattcagtacttc	1	0	1	1	1
clonotype3544	UNK_S	1	TRAV8-1*01	TRAJ42*01			TRBV20-1*01	TRBJ2-3*01	CAVRPWGSQGNLIF	tgtgccgtgagaccctggggaagccaaggaaatctcatcttt			CSARVASGSEGGDTQYF	tgcagtgctagagtggctagcgggagtgaggggggagatacgcagtatttt	1	0	1	1	1
clonotype3545	UNK_S	1	TRAV21*01	TRAJ28*01			TRBV18*01	TRBJ2-2*01	CAANPSGAGSYQLTF	tgtgctgccaacccttctggggctgggagttaccaactcactttc			CASSPLGGTGELFF	tgtgccagctcaccactcggcggcaccggggagctgtttttt	1	0	1	1	1
clonotype3546	UNK_S	1	TRAV9-2*01	TRAJ33*01			TRBV18*01	TRBJ2-5*01	CALSDPGDSNYQLIW	tgtgctctgagtgatccaggggatagcaactatcagttaatctgg			CASSPGGARETQYF	tgtgccagctcaccaggaggagcgcgagagacccagtacttc	1	0	1	1	1
clonotype3547	UNK_S	1	TRAV20*01	TRAJ53*01			TRBV18*01	TRBJ2-3*01	CAVQAPGGSNYKLTF	tgtgctgtgcaagctcctggaggtagcaactataaactgacattt			CASSPRVLTDTQYF	tgtgccagctcaccgcgggtcctcacagatacgcagtatttt	1	0	1	1	1
clonotype3548	UNK_S	1	TRAV20*01	TRAJ37*01			TRBV18*01	TRBJ2-7*01	CAVRVGSSNTGKLIF	tgtgctgtgcgggttggctctagcaacacaggcaaactaatcttt			CASSPADSSYEQYV	tgtgccagctcaccggccgacagctcctacgagcagtacgtc	1	0	1	1	1
clonotype3549	UNK_S	1	TRAV16*01	TRAJ53*01	TRAV38-1*01	TRAJ42*01	TRBV18*01	TRBJ2-3*01	CALSGGLNSGGSNYKLTF	tgtgctctaagtggggggcttaatagtggaggtagcaactataaactgacattt	CAFMRGGSQGNLIF	tgtgctttcatgaggggaggaagccaaggaaatctcatcttt	CASSPSGSTDTQYF	tgtgccagctcacctagcgggagtacagatacgcagtatttt	2	1	2	2	1
clonotype355	UNK_S	1	TRAV25*01	TRAJ52*01			TRBV29-1*01	TRBJ1-3*01	CAGPGGTSYGKLTF	tgtgcagggccgggtggtactagctatggaaagctgacattt			CSVGTGNGNTIYF	tgcagcgtgggaacagggaacggaaacaccatatatttt	1	0	1	1	1
clonotype3550	UNK_S	1	TRAV8-6*01	TRAJ41*01	TRAV24*01	TRAJ31*01	TRBV18*01	TRBJ2-7*01	CAVSLHSNSGYALNF	tgtgctgtgagtctacactcaaattccgggtatgcactcaacttc	CAFLRLNARLMF	tgtgccttcctccgcctcaatgccagactcatgttt	CATREGPASSEQYF	tgtgccactagggagggtcccgcttcctccgagcagtacttc	2	1	2	2	1
clonotype3551	UNK_S	1	TRAV8-3*01	TRAJ6*01			TRBV18*01	TRBJ1-6*01	CAVGASGGSYIPTF	tgtgctgtgggtgcatcaggaggaagctacatacctacattt			CASSPPVNNSPLHF	tgtgccagctcaccaccggtgaataattcacccctccacttt	1	0	1	1	1
clonotype3552	UNK_S	1	TRAV17*01	TRAJ56*01			TRBV12-3*01	TRBJ2-5*01	CATDQRPGANSKLTF	tgtgctacggaccagcggcctggagccaatagtaagctgacattt			CASTMGTGHETQYF	tgtgccagcactatggggacagggcacgagacccagtacttc	1	0	1	1	1
clonotype3553	UNK_S	1	TRAV5*01	TRAJ23*01			TRBV12-3*01	TRBJ1-3*01	CAEKGENQGGKLIF	tgtgcagagaagggagagaaccagggaggaaagcttatcttc			CASRGRYSGNTIYF	tgtgccagcaggggacggtactctggaaacaccatatatttt	1	0	1	1	1
clonotype3554	UNK_S	1	TRAV13-1*01	TRAJ21*01			TRBV12-3*01	TRBJ2-2*01	CAAIPPPYNFNKFYF	tgtgcagcaatccctcccccatacaacttcaacaaattttacttt			CASSSGGNTGELFF	tgtgccagcagtagcgggggtaacaccggggagctgtttttt	1	0	1	1	1
clonotype3555	UNK_S	1	TRAV20*01	TRAJ28*01			TRBV12-3*01	TRBJ2-7*01	CAVQAPGAGSYQLTF	tgtgctgtgcaggcccctggggctgggagttaccaactcactttc			CASSQGIFSYEQYF	tgtgccagcagtcaagggatcttttcctacgagcagtacttc	1	0	1	1	1
clonotype3556	UNK_S	1	TRAV8-4*01	TRAJ3*01			TRBV12-3*01	TRBJ2-5*01	CAVTSYSSASKIIF	tgtgctgtgacctcgtacagcagtgcttccaagataatcttt			CASSGGRGEETQYF	tgtgccagcagtgggggcaggggagaggagacccagtacttc	1	0	1	1	1
clonotype3557	UNK_S	1	TRAV8-2*01	TRAJ23*01			TRBV12-3*01	TRBJ1-1*01	CVVIFYNQGGKLIF	tgtgttgtgattttttataaccagggaggaaagcttatcttc			CASSLLGMNTEAFF	tgtgccagcagtttactggggatgaacactgaagctttcttt	1	0	1	1	1
clonotype3559	UNK_S	1	TRAV38-2/DV8*01	TRAJ44*01			TRBV2*01	TRBJ2-2*01	CAYRVTASKLTF	tgtgcttatagagtcactgccagtaaactcaccttt			CAKGRELNTGELFF	tgtgccaagggacgggagctaaacaccggggagctgtttttt	1	0	1	1	1
clonotype356	UNK_S	1	TRAV21*01	TRAJ49*01			TRBV29-1*01	TRBJ1-4*01	CAVSATGNQFYF	tgtgctgtgagtgcaaccggtaaccagttctatttt			CSVEGSPNEKLFF	tgcagcgttgaagggtccccaaatgaaaaactgtttttt	1	0	1	1	1
clonotype3560	UNK_S	1	TRAV9-2*01	TRAJ22*01			TRBV2*01	TRBJ2-7*01	CALSPSPGSARQLTF	tgtgctctgagcccgtcaccaggttctgcaaggcaactgaccttt			CASKQGSSSYEQYF	tgtgccagcaaacaggggtcttcctcctacgagcagtacttc	1	0	1	1	1
clonotype3561	UNK_S	1	TRAV8-2*01	TRAJ21*01			TRBV2*01	TRBJ2-2*01	CVVSDGDNFNKFYF	tgtgttgtgagtgatggggacaacttcaacaaattttacttt			CASTEDPNTGELFF	tgtgccagcacggaggacccgaacaccggggagctgtttttt	1	0	1	1	1
clonotype3562	UNK_S	1	TRAV38-2/DV8*01	TRAJ30*01			TRBV2*01	TRBJ2-1*01	CAYRNRDDKIIF	tgtgcttataggaacagagatgacaagatcatcttt			CASTATSGRDEQFF	tgtgccagcactgcgactagcgggagggatgagcagttcttc	1	0	1	1	1
clonotype3563	UNK_S	1	TRAV20*01	TRAJ4*01			TRBV2*01	TRBJ2-5*01	CAVLKPRGGYNKLIF	tgtgctgtgctaaagcccaggggtggctacaataagctgattttt			CASRRETGTETQYF	tgtgccagcagaagagagacagggacggagacccagtacttc	1	0	1	1	1
clonotype3564	UNK_S	1	TRAV38-1*01	TRAJ23*01			TRBV2*01	TRBJ1-4*01	CAAFNQGGKLIF	tgtgctgcctttaaccagggaggaaagcttatcttc			CASSATGVREKLFF	tgtgccagcagcgcgacaggggtgagggaaaaactgtttttt	1	0	1	1	1
clonotype3565	UNK_S	1	TRAV13-1*01	TRAJ48*01	TRAV9-2*01	TRAJ45*01	TRBV2*01	TRBJ2-2*01	CAASGSNFGNEKLTF	tgtgcagcaagtgggtctaactttggaaatgagaaattaaccttt	CASQSSGGGADGLTF	tgtgcttcccagtcttcaggaggaggtgctgacggactcaccttt	CASRGDRGTGELFF	tgtgccagcaggggggacaggggcaccggggagctgtttttt	2	1	2	2	1
clonotype3566	UNK_S	1	TRAV13-2*01	TRAJ42*01			TRBV2*01	TRBJ1-5*01	CAENYGGSQGNLIF	tgtgcagagaattatggaggaagccaaggaaatctcatcttt			CASSKRESNQPQHF	tgtgccagcagtaaacgggaatccaatcagccccagcatttt	1	0	1	1	1
clonotype3567	UNK_S	1	TRAV8-6*01	TRAJ40*01	TRAV19*01	TRAJ40*01	TRBV2*01	TRBJ1-5*01	CAVKVPSGTYKYIF	tgtgctgtgaaggtcccctcaggaacctacaaatacatcttt	CALSAAGTYKYIF	tgtgctctgagtgccgctggaacctacaaatacatcttt	CASSENRARQPQHF	tgtgccagcagtgaaaacagggctagacagccccagcatttt	2	1	2	2	1
clonotype3568	UNK_S	1	TRAV8-3*01	TRAJ26*01			TRBV24-1*01	TRBJ2-3*01	CAVALSHYGQNFVF	tgtgctgtggccctttcccactatggtcagaattttgtcttt			CATSDETGGQDTQYF	tgtgccaccagtgatgagacgggagggcaagatacgcagtatttt	1	0	1	1	1
clonotype357	UNK_S	1	TRAV17*01	TRAJ9*01			TRBV29-1*01	TRBJ2-1*01	CATPTGGFKTIF	tgtgctacgcctactggaggcttcaaaactatcttt			CSVGVGAEGEQFF	tgcagcgttggggtgggagctgaaggtgagcagttcttc	1	0	1	1	1
clonotype3570	UNK_S	1	TRAV8-6*01	TRAJ4*01			TRBV28*01	TRBJ2-7*01	CAVIPSGGYNKLIF	tgtgctgtgattccttctggtggctacaataagctgattttt			CASTRTGTGSYEQYF	tgtgccagcactcggaccgggacaggttcctacgagcagtacttc	1	0	1	1	1
clonotype3571	UNK_S	1	TRAV8-3*01	TRAJ33*01			TRBV28*01	TRBJ1-3*01	CAVDEGDSNYQLIW	tgtgctgtggacgaaggggatagcaactatcagttaatctgg			CASSQGTGAYNTIYF	tgtgccagcagccaagggacaggggcatataacaccatatatttt	1	0	1	1	1
clonotype3572	UNK_S	1	TRAV3*01	TRAJ7*01			TRBV28*01	TRBJ2-7*01	CAVRFYYGNNRLAF	tgtgctgtgaggttctactatgggaacaacagactcgctttt			CASSEPGQAAYEQYF	tgtgccagcagcgaaccgggacaggccgcctacgagcagtacttc	1	0	1	1	1
clonotype3573	UNK_S	1	TRAV3*01	TRAJ9*01			TRBV28*01	TRBJ1-1*01	CAVREAPGGFKTIF	tgtgctgtgagagaggcccctggaggcttcaaaactatcttt			CASRLPTGVDTEAFF	tgtgccagcaggctcccaacaggggtcgacactgaagctttcttt	1	0	1	1	1
clonotype3574	UNK_S	1	TRAV8-1*01	TRAJ44*01			TRBV28*01	TRBJ1-6*01	CALKRAGTASKLTF	tgtgccctaaaaagggccggcactgccagtaaactcaccttt			CASSLGDRGYSPLHF	tgtgccagcagtttaggggacaggggttattcacccctccacttt	1	0	1	1	1
clonotype3575	UNK_S	1	TRAV30*01	TRAJ42*01			TRBV28*01	TRBJ1-6*01	CGTADYGGSQGNLIF	tgcggcaccgccgattatggaggaagccaaggaaatctcatcttt			CASSLLRTVGWPLHF	tgtgccagcagtttattgaggacagtcggatggcccctccacttt	1	0	1	1	1
clonotype3576	UNK_S	1	TRAV9-2*01	TRAJ9*01			TRBV28*01	TRBJ2-3*01	CALSDPNTGGFKTIF	tgtgctctgagtgatccaaatactggaggcttcaaaactatcttt			CASSLQDRGLDTQYF	tgtgccagcagtttgcaggacaggggattagatacgcagtatttt	1	0	1	1	1
clonotype3577	UNK_S	1	TRAV13-2*01	TRAJ22*01			TRBV28*01	TRBJ1-6*01	CAEGGSGSARQLTF	tgtgcagaggggggttctggttctgcaaggcaactgaccttt			CASSLGAARNSPLHF	tgtgccagcagtttgggagcggctaggaattcacccctccacttt	1	0	1	1	1
clonotype3578	UNK_S	1	TRAV5*01	TRAJ30*01			TRBV5-8*01	TRBJ2-2*01	CAESLLHRDDKIIF	tgtgcagagagtctcctacacagagatgacaagatcatcttt			CASSATRGSTGELFF	tgtgccagcagcgcgacgaggggatccaccggggagctgtttttt	1	0	1	1	1
clonotype3579	UNK_S	1	TRAV3*01	TRAJ9*01			TRBV5-8*01	TRBJ2-7*01	CAVSPLTGGFKTIF	tgtgctgtgagccccttaactggaggcttcaaaactatcttt			CASSLGTTVVYEQYF	tgtgccagcagcttggggactaccgtagtctacgagcagtacttc	1	0	1	1	1
clonotype358	UNK_S	1	TRAV13-1*01	TRAJ9*01			TRBV20-1*01	TRBJ1-1*01	CAAPTGGFKTIF	tgtgcagcacccactggaggcttcaaaactatcttt			CSATTGENTEAFF	tgcagtgccacaacaggagagaacactgaagctttcttt	1	0	1	1	1
clonotype3580	UNK_S	1	TRAV13-2*01	TRAJ49*01			TRBV10-3*01	TRBJ1-5*01	CAEIPSDTGNQFYF	tgtgcagagatcccctccgacaccggtaaccagttctatttt			CAISEWGAGGQPQHF	tgtgccatcagtgagtggggggccggcggtcagccccagcatttt	1	0	1	1	1
clonotype3581	UNK_S	1	TRAV36/DV7*01	TRAJ57*01			TRBV7-9*01	TRBJ1-5*01	CAVFSQGGSEKLVF	tgtgctgtgttttctcagggcggatctgaaaagctggtcttt			CASSPTGSNQPQHF	tgtgccagcagcccgacagggagcaatcagccccagcatttt	1	0	1	1	1
clonotype3582	UNK_S	1	TRAV19*01	TRAJ11*01			TRBV7-9*01	TRBJ1-5*01	CALSKGYSTLTF	tgtgctctgagtaaaggatacagcaccctcaccttt			CASSLDAGNQPQHF	tgtgccagcagcttagacgcgggcaatcagccccagcatttt	1	0	1	1	1
clonotype3583	UNK_S	1	TRAV8-4*01	TRAJ58*01			TRBV7-9*01	TRBJ2-1*01	CAVSLITSGSRLTF	tgtgctgtgagtctaataaccagtggctctaggttgaccttt			CASSFSGNYNEQFF	tgtgccagcagcttcagcgggaactacaatgagcagttcttc	1	0	1	1	1
clonotype3584	UNK_S	1	TRAV5*01	TRAJ29*01			TRBV7-9*01	TRBJ2-5*01	CAESPPSGNTPLVF	tgtgcagagagtcctccttcaggaaacacacctcttgtcttt			CASSTNVVQETQYF	tgtgccagcagcaccaacgtggttcaagagacccagtacttc	1	0	1	1	1
clonotype3585	UNK_S	1	TRAV10*01	TRAJ43*01			TRBV7-9*01	TRBJ1-5*01	CVVNSFRNNDMRF	tgtgtggtgaactcctttaggaacaatgacatgcgcttt			CASSQSGYNQPQHF	tgtgccagcagccaatcagggtacaatcagccccagcatttt	1	0	1	1	1
clonotype3586	UNK_S	1	TRAV35*01	TRAJ52*01			TRBV7-9*01	TRBJ1-5*01	CAGQLGAGGTSYGKLTF	tgtgctgggcagctcggggctggtggtactagctatggaaagctgacattt			CASSPGTTNQPQHF	tgtgccagcagcccggggacaacaaatcagccccagcatttt	1	0	1	1	1
clonotype3587	UNK_S	1	TRAV17*01	TRAJ44*01			TRBV7-9*01	TRBJ2-7*01	CATFINTGTASKLTF	tgtgctacctttataaataccggcactgccagtaaactcaccttt			CASSSWDAPYEQYF	tgtgccagcagctcgtgggacgcgccctacgagcagtacttc	1	0	1	1	1
clonotype3588	UNK_S	1	TRAV8-1*01	TRAJ33*01			TRBV7-9*01	TRBJ2-3*01	CAVNTFDSNYQLIW	tgtgccgtgaatactttcgatagcaactatcagttaatctgg			CASSLGGGTDTQYF	tgtgccagcagcttgggagggggcacagatacgcagtatttt	1	0	1	1	1
clonotype3589	UNK_S	1	TRAV38-1*01	TRAJ43*01	TRAV41*01	TRAJ42*01	TRBV7-3*01	TRBJ2-1*01	CAFMNANNDMRF	tgtgctttcatgaatgccaacaatgacatgcgcttt	CAVWRYGGSQGNLIF	tgtgctgtctggcgatatggaggaagccaaggaaatctcatcttt	CASSSGPWGGEQFF	tgtgccagcagctccggcccctggggaggtgagcagttcttc	2	1	2	2	1
clonotype359	UNK_S	1	TRAV9-2*01	TRAJ17*01			TRBV20-1*01	TRBJ1-5*01	CALRTAGNKLTF	tgtgctctgaggactgcaggcaacaagctaactttt			CSATGTGDQPQHF	tgcagtgctaccgggacaggggatcagccccagcatttt	1	0	1	1	1
clonotype3590	UNK_S	1	TRAV13-2*01	TRAJ6*01			TRBV11-2*01	TRBJ2-7*01	CAESASGGSYIPTF	tgtgcagagtcggcatcaggaggaagctacatacctacattt			CASSLEYRGYEQYF	tgtgccagcagcttagaatacaggggttacgagcagtacttc	1	0	1	1	1
clonotype3591	UNK_S	1	TRAV17*01	TRAJ10*01			TRBV11-2*01	TRBJ1-4*01	CAKVSLTGGGNKLTF	tgtgctaaggtgtcgctcacgggaggaggaaacaaactcaccttt			CASSFNRANEKLFF	tgtgccagcagcttcaacagggctaatgaaaaactgtttttt	1	0	1	1	1
clonotype3592	UNK_S	1	TRAV5*01	TRAJ37*01			TRBV11-2*01	TRBJ2-7*01	CAESSSSNTGKLIF	tgtgcagagagctcctctagcaacacaggcaaactaatcttt			CASSLDRGKYEQYF	tgtgccagcagcttggacaggggtaaatacgagcagtacttc	1	0	1	1	1
clonotype3593	UNK_S	1	TRAV5*01	TRAJ8*01			TRBV7-8*01	TRBJ1-1*01	CAERANTGFQKLVF	tgtgcagagagagcgaacacaggctttcagaaacttgtattt			CASSKDRENTEAFF	tgtgccagcagcaaggacagggagaacactgaagctttcttt	1	0	1	1	1
clonotype3594	UNK_S	1	TRAV13-2*01	TRAJ37*01			TRBV7-8*01	TRBJ1-4*01	CAENKASNTGKLIF	tgtgcagagaataaagcgagcaacacaggcaaactaatcttt			CASSSGFLGEKLFF	tgtgccagcagctcagggtttttaggtgaaaaactgtttttt	1	0	1	1	1
clonotype3595	UNK_S	1	TRAV12-2*01	TRAJ15*01			TRBV7-8*01	TRBJ2-2*01	CAVTVGQAGTALIF	tgtgccgtgacggtcggacaggcaggaactgctctgatcttt			CASSLVRSAGELFF	tgtgccagcagcttagtaaggagtgccggggagctgtttttt	1	0	1	1	1
clonotype3596	UNK_S	1	TRAV13-1*01	TRAJ17*01			TRBV7-8*01	TRBJ1-1*01	CAAIPTKAAGNKLTF	tgtgcagcaatcccgaccaaagctgcaggcaacaagctaactttt			CASSLGRANTEAFF	tgtgccagcagcttggggcgcgcgaacactgaagctttcttt	1	0	1	1	1
clonotype3597	UNK_S	1	TRAV8-2*01	TRAJ9*01			TRBV7-2*01	TRBJ1-5*01	CVVSEGTGGFKTIF	tgtgttgtgagtgaaggaactggaggcttcaaaactatcttt			CASSSAGSNQPQHF	tgtgccagcagctctgcaggtagcaatcagccccagcatttt	1	0	1	1	1
clonotype3598	UNK_S	1	TRAV36/DV7*01	TRAJ58*01			TRBV7-2*01	TRBJ2-5*01	CAVYGETSGSRLTF	tgtgctgtgtatggcgaaaccagtggctctaggttgaccttt			CASSLAGARETQYF	tgtgccagcagcttagcgggagcccgggagacccagtacttc	1	0	1	1	1
clonotype3599	UNK_S	1	TRAV12-2*01	TRAJ52*01			TRBV7-6*01	TRBJ2-5*01	CAVIGGTSYGKLTF	tgtgccgtgattggtggtactagctatggaaagctgacattt			CASSSRRIQETQYF	tgtgccagcagctcaaggcggatccaagagacccagtacttc	1	0	1	1	1
clonotype36	UNK_S	3	TRAV12-2*01	TRAJ9*01			TRBV6-6*01	TRBJ2-3*01	CAANTGGFKTIF	tgtgccgcgaatactggaggcttcaaaactatcttt			CASSYGPTGGGTSTDTQYF	tgtgccagcagttacgggcctacgggtgggggcactagcacagatacgcagtatttt	3	0	3	1	1
clonotype360	UNK_S	1	TRAV12-1*01	TRAJ9*01			TRBV20-1*01	TRBJ2-5*01	CVVNTGGFKTIF	tgtgtggtgaatactggaggcttcaaaactatcttt			CSATPGGRETQYF	tgcagtgctacccccgggggcagagagacccagtacttc	1	0	1	1	1
clonotype3600	UNK_S	1	TRAV2*01	TRAJ28*01			TRBV10-1*01	TRBJ2-3*01	CAARYSGAGSYQLTF	tgtgctgcccgatactctggggctgggagttaccaactcactttc			CASSESPTSTDTQYF	tgcgccagcagtgagtcccctactagcacagatacgcagtatttt	1	0	1	1	1
clonotype3601	UNK_S	1	TRAV5*01	TRAJ12*01			TRBV10-1*01	TRBJ1-3*01	CAETLSRSSYKLIF	tgtgcagagaccctttcaagaagcagctataaattgatcttc			CASSESTGPGNTIYF	tgcgccagcagtgagtcgacaggtcctggaaacaccatatatttt	1	0	1	1	1
clonotype3602	UNK_S	1	TRAV41*01	TRAJ42*01			TRBV10-1*01	TRBJ2-5*01	CAVMNYGGSQGNLIF	tgtgctgtcatgaattatggaggaagccaaggaaatctcatcttt			CASSDAGGPQGTQYF	tgcgccagcagtgatgcgggaggccctcagggaacccagtacttc	1	0	1	1	1
clonotype3603	UNK_S	1	TRAV3*01	TRAJ37*01			TRBV10-1*01	TRBJ2-5*01	CAVRDWGNTGKLIF	tgtgctgtgagagactggggcaacacaggcaaactaatcttt			CASSGGGTGQETQYF	tgcgccagcagtggcggggggacaggtcaagagacccagtacttc	1	0	1	1	1
clonotype3604	UNK_S	1	TRAV17*01	TRAJ52*01			TRBV27*01	TRBJ2-6*01	CASLKGGTSYGKLTF	tgtgcttccctaaagggtggtactagctatggaaagctgacattt			CASSRTAAGANVLTF	tgtgccagcagccggacggctgctggggccaacgtcctgactttc	1	0	1	1	1
clonotype3605	UNK_S	1	TRAV2*01	TRAJ45*01			TRBV27*01	TRBJ1-5*01	CAVGPPGGGADGLTF	tgtgctgtgggacccccaggaggaggtgctgacggactcaccttt			CASSAPGQINQPQHF	tgtgccagcagcgccccgggacagataaatcagccccagcatttt	1	0	1	1	1
clonotype3606	UNK_S	1	TRAV39*01	TRAJ52*01			TRBV27*01	TRBJ1-5*01	CAVDWDGGGTSYGKLTF	tgtgccgtggactgggatggtggtggtactagctatggaaagctgacattt			CASSYQGRRNQPQHF	tgtgccagcagctatcaggggaggcgcaatcagccccagcatttt	1	0	1	1	1
clonotype3607	UNK_S	1	TRAV9-2*01	TRAJ8*01			TRBV27*01	TRBJ2-3*01	CALSDLNTGFQKLVF	tgtgctctgagtgacttaaacacaggctttcagaaacttgtattt			CASSSGQTSTDTQYF	tgtgccagcagctcggggcagaccagcacagatacgcagtatttt	1	0	1	1	1
clonotype3608	UNK_S	1	TRAV13-2*01	TRAJ8*01			TRBV27*01	TRBJ2-3*01	CAEIMNTGFQKLVF	tgtgcagagatcatgaacacaggctttcagaaacttgtattt			CASRLIAGVGNTQYF	tgtgccagcaggttgatagcgggagtcgggaatacgcagtatttt	1	0	1	1	1
clonotype3609	UNK_S	1	TRAV35*01	TRAJ52*01			TRBV27*01	TRBJ1-6*01	CAGQLSGGGTSYGKLTF	tgtgctgggcagctgtctggtggtggtactagctatggaaagctgacattt			CASSKRTGGISPLHF	tgtgccagcagtaaaaggacagggggcatttcacccctccacttt	1	0	1	1	1
clonotype361	UNK_S	1	TRAV5*01	TRAJ11*01			TRBV20-1*01	TRBJ1-3*01	CAEDRYSTLTF	tgtgcagaggacagatacagcaccctcaccttt			CSARVGVGNTIYF	tgcagtgctagagtaggggtcggaaacaccatatatttt	1	0	1	1	1
clonotype3610	UNK_S	1	TRAV19*01	TRAJ30*01			TRBV27*01	TRBJ2-7*01	CAVMNRDDKIIF	tgtgctgtgatgaacagagatgacaagatcatcttt			CASSTRTSGRDEQYF	tgtgccagcagtacccggactagcgggagggatgagcagtacttc	1	0	1	1	1
clonotype3611	UNK_S	1	TRAV21*01	TRAJ18*01			TRBV27*01	TRBJ2-1*01	CAVRHRGSTLGRLYF	tgtgctgtgaggcacagaggctcaaccctggggaggctatacttt			CASSLTSGSRDEQFF	tgtgccagcagtcttactagcgggagtagagatgagcagttcttc	1	0	1	1	1
clonotype3612	UNK_S	1	TRAV8-3*01	TRAJ27*01			TRBV27*01	TRBJ2-4*01	CAVGVGTNAGKSTF	tgtgctgtgggtgtggggaccaatgcaggcaaatcaaccttt			CASSLTALAKNIQYF	tgtgccagcagtttaactgccttagccaaaaacattcagtacttc	1	0	1	1	1
clonotype3613	UNK_S	1	TRAV19*01	TRAJ36*01	TRAV8-3*01	TRAJ49*01	TRBV27*01	TRBJ2-7*01	CALIKTGANNLFF	tgtgctctgatcaaaactggggcaaacaacctcttcttt	CAVGVLLAGNQFYF	tgtgctgtgggtgtcctgttggccggtaaccagttctatttt	CASSLSTGGSYEQYF	tgtgccagcagtttatcgaccggggggtcctacgagcagtacttc	2	1	2	2	1
clonotype3614	UNK_S	1	TRAV8-6*01	TRAJ33*01			TRBV27*01	TRBJ1-5*01	CAVSYMDSNYQLIW	tgtgctgtgagttacatggatagcaactatcagttaatctgg			CASSLWGDSNQPQHF	tgtgccagcagtttatggggtgatagcaatcagccccagcatttt	1	0	1	1	1
clonotype3615	UNK_S	1	TRAV8-3*01	TRAJ40*01			TRBV27*01	TRBJ2-2*01	CAAGTTSGTYKYIF	tgtgctgcgggaactacctcaggaacctacaaatacatcttt			CASSFGRGDTGELFF	tgtgccagcagtttcggcaggggggacaccggggagctgtttttt	1	0	1	1	1
clonotype3616	UNK_S	1	TRAV8-3*01	TRAJ44*01			TRBV27*01	TRBJ2-3*01	CAVGGGGTASKLTF	tgtgctgtgggcggtgggggcactgccagtaaactcaccttt			CASSLTSGRADTQYF	tgtgccagcagtttgactagcgggagggcagatacgcagtatttt	1	0	1	1	1
clonotype3617	UNK_S	1	TRAV8-2*01	TRAJ23*01			TRBV27*01	TRBJ2-7*01	CVVSYYNQGGKLIF	tgtgttgtgagttattataaccagggaggaaagcttatcttc			CASSLRGGGLYEQYF	tgtgccagcagtttgcggggcgggggactttacgagcagtacttc	1	0	1	1	1
clonotype3618	UNK_S	1	TRAV8-4*01	TRAJ44*01			TRBV5-6*01	TRBJ1-1*01	CAVRVGGTASKLTF	tgtgctgtgagagtaggcggcactgccagtaaactcaccttt			CASTLTGTGSGEAFF	tgtgccagcacccttaccgggacaggctccggtgaagctttcttt	1	0	1	1	1
clonotype3619	UNK_S	1	TRAV8-3*01	TRAJ3*01			TRBV5-6*01	TRBJ2-3*01	CAVGAKSSASKIIF	tgtgctgtgggtgcgaagagcagtgcttccaagataatcttt			CASSLGQRGTDTQYF	tgtgccagcagcttgggccagcggggcacagatacgcagtatttt	1	0	1	1	1
clonotype362	UNK_S	1	TRAV26-1*01	TRAJ37*01			TRBV20-1*01	TRBJ1-6*01	CIVRVVGSSNTGKLIF	tgcatcgtcagagtcgtgggctctagcaacacaggcaaactaatcttt			CSARVPGNSPLHF	tgcagtgctagagtcccgggcaattcacccctccacttt	1	0	1	1	1
clonotype3620	UNK_S	1	TRAV9-2*01	TRAJ53*01			TRBV5-6*01	TRBJ1-1*01	CALSGGGGSNYKLTF	tgtgctctgagtggtggcggaggtagcaactataaactgacattt			CASIFLQGSGTEAFF	tgtgccagcatcttcctccaggggagtggcactgaagctttcttt	1	0	1	1	1
clonotype3621	UNK_S	1	TRAV5*01	TRAJ22*01			TRBV5-6*01	TRBJ1-5*01	CAESITGSARQLTF	tgtgcagagagtataactggttctgcaaggcaactgaccttt			CASSLGTLRNQPQHF	tgtgccagcagcttggggacgttgaggaatcagccccagcatttt	1	0	1	1	1
clonotype3622	UNK_S	1	TRAV8-3*01	TRAJ8*01			TRBV5-6*01	TRBJ2-2*01	CAVGAVTGFQKLVF	tgtgctgtgggtgcggtcacaggctttcagaaacttgtattt			CASQGDSRTSGELFF	tgtgccagccagggtgactccagaacatctggggagctgtttttt	1	0	1	1	1
clonotype3623	UNK_S	1	TRAV13-2*01	TRAJ26*01			TRBV5-4*01	TRBJ1-1*01	CAEKSRNYGQNFVF	tgtgcagagaagtctcgtaactatggtcagaattttgtcttt			CASSLVRGAGTEAFF	tgtgccagcagcttggttcggggggctggcactgaagctttcttt	1	0	1	1	1
clonotype3624	UNK_S	1	TRAV12-1*01	TRAJ29*01			TRBV5-4*01	TRBJ2-5*01	CVVNTARRGNTPLVF	tgtgtggtgaacacagcacggcgaggaaacacacctcttgtcttt			CASSSGRAGQETQYF	tgtgccagctccagcgggagggcggggcaagagacccagtacttc	1	0	1	1	1
clonotype3625	UNK_S	1	TRAV13-1*01	TRAJ48*01			TRBV5-5*01	TRBJ1-4*01	CAGQKANFGNEKLTF	tgtgcaggtcagaaggcgaactttggaaatgagaaattaaccttt			CASSTHGGGNEKLFF	tgtgccagcagcacccacggggggggtaatgaaaaactgtttttt	1	0	1	1	1
clonotype3626	UNK_S	1	TRAV12-2*01	TRAJ28*01			TRBV5-5*01	TRBJ2-5*01	CAVYAGAGSYQLTF	tgtgccgtgtacgctggggctgggagttaccaactcactttc			CASSLGTGGRETQYF	tgtgccagcagcttggggacaggggggcgagagacccagtacttc	1	0	1	1	1
clonotype3627	UNK_S	1	TRAV13-1*01	TRAJ23*01	TRAV8-1*01	TRAJ13*01	TRBV5-5*01	TRBJ1-1*01	CAATESYNQGGKLIF	tgtgcagcaaccgagtcttataaccagggaggaaagcttatcttc	CAVMRRGGYQKVTF	tgtgccgtgatgcggcgggggggttaccagaaagttaccttt	CASSLGDSLNTEAFF	tgtgccagcagcttgggggacagtttgaacactgaagctttcttt	2	1	2	2	1
clonotype3628	UNK_S	1	TRAV8-6*01	TRAJ10*01			TRBV5-4*01	TRBJ1-5*01	CAVSDRGGGNKLTF	tgtgctgtgagtgatcggggaggaggaaacaaactcaccttt			CASSAGTGVLEPQHF	tgtgccagcagcgcggggacaggggttttggagccccagcatttt	1	0	1	1	1
clonotype3629	UNK_S	1	TRAV12-2*01	TRAJ3*01			TRBV5-1*01	TRBJ2-2*01	CAVKRGSSASKIIF	tgtgccgtgaaaagggggagcagtgcttccaagataatcttt			CASSPGTGRPGELFF	tgcgccagcagcccagggacgggcagacccggggagctgtttttt	1	0	1	1	1
clonotype3630	UNK_S	1	TRAV10*01	TRAJ48*01			TRBV5-1*01	TRBJ2-3*01	CVVSAWRNEKLTF	tgtgtggtgagcgcttggagaaatgagaaattaaccttt			CASSPVGQGADTQYF	tgcgccagcagcccggtgggacagggagcggatacgcagtatttt	1	0	1	1	1
clonotype3631	UNK_S	1	TRAV3*01	TRAJ20*01			TRBV5-1*01	TRBJ2-1*01	CAVRDPLIDYKLSF	tgtgctgtgagagacccccttatcgactacaagctcagcttt			CASSFRSGSYNEQFF	tgcgccagcagcttccgtagcgggagctacaatgagcagttcttc	1	0	1	1	1
clonotype3632	UNK_S	1	TRAV8-3*01	TRAJ48*01			TRBV5-1*01	TRBJ1-1*01	CAVTPNFGNEKLTF	tgtgctgtgacccctaactttggaaatgagaaattaaccttt			CASSLNMGLNTEAFF	tgcgccagcagcttgaatatgggtctgaacactgaagctttcttt	1	0	1	1	1
clonotype3633	UNK_S	1	TRAV3*01	TRAJ18*01	TRAV12-1*01	TRAJ12*01	TRBV5-1*01	TRBJ2-7*01	CAVRIDRGSTLGRLYF	tgtgctgtgagaattgacagaggctcaaccctggggaggctatacttt	CVVNIWLDSSYKLIF	tgtgtggtgaacatttggctggatagcagctataaattgatcttc	CASSLTSGTYYEQYF	tgcgccagcagcttgactagcgggacttactacgagcagtacttc	2	1	2	2	1
clonotype3634	UNK_S	1	TRAV8-6*01	TRAJ49*01			TRBV5-1*01	TRBJ1-2*01	CAVFPLSTGNQFYF	tgtgctgtgttccccttgagtaccggtaaccagttctatttt			CASSLSGQGTYGYTF	tgcgccagcagcttgagcggacagggaacctatggctacaccttc	1	0	1	1	1
clonotype3635	UNK_S	1	TRAV30*01	TRAJ23*01			TRBV5-1*01	TRBJ2-1*01	CGTDGVYNQGGKLIF	tgcggcacagacggggtttataaccagggaggaaagcttatcttc			CASSLPRISYNEQFF	tgcgccagcagcttgcctagaatctcctacaatgagcagttcttc	1	0	1	1	1
clonotype3637	UNK_S	1	TRAV8-4*01	TRAJ56*01			TRBV5-1*01	TRBJ1-4*01	CAVSDPGANSKLTF	tgtgctgtgagtgatcccggagccaatagtaagctgacattt			CASSLAGTPNEKLFF	tgcgccagcagcttggccgggacgccgaatgaaaaactgtttttt	1	0	1	1	1
clonotype3638	UNK_S	1	TRAV36/DV7*01	TRAJ15*01			TRBV5-1*01	TRBJ2-1*01	CAGPKWQAGTALIF	tgtgctgggcctaagtggcaggcaggaactgctctgatcttt			CASSLGDRVTNEQFF	tgcgccagcagcttgggggacagggtcaccaatgagcagttcttc	1	0	1	1	1
clonotype3639	UNK_S	1	TRAV24*01	TRAJ15*01			TRBV5-1*01	TRBJ1-4*01	CALNQAGTALIF	tgtgccttgaaccaggcaggaactgctctgatcttt			CASSLSGARNEKLFF	tgcgccagcagcttgtccggggctcgtaatgaaaaactgtttttt	1	0	1	1	1
clonotype364	UNK_S	1	TRAV13-1*01	TRAJ43*01			TRBV20-1*01	TRBJ1-5*01	CAASIWDNDMRF	tgtgcagcaagtatctgggacaatgacatgcgcttt			CSASTDSNQPQHF	tgcagtgcttcgacagatagcaatcagccccagcatttt	1	0	1	1	1
clonotype3640	UNK_S	1	TRAV13-2*01	TRAJ5*01			TRBV5-1*01	TRBJ2-2*01	CAEILDTGRRALTF	tgtgcagagattctggacacgggcaggagagcacttactttt			CASSFAGRITGELFF	tgcgccagcagctttgctgggaggatcaccggggagctgtttttt	1	0	1	1	1
clonotype3641	UNK_S	1	TRAV8-6*01	TRAJ57*01			TRBV12-4*01	TRBJ1-2*01	CAYISEGGSEKLVF	tgtgcttatataagcgagggcggatctgaaaagctggtcttt			CASSRDHPSHGYTF	tgtgccagcagtcgggaccacccaagccatggctacaccttc	1	0	1	1	1
clonotype3642	UNK_S	1	TRAV8-6*01	TRAJ34*01			TRBV12-4*01	TRBJ1-2*01	CAVIPPTGTDKLIF	tgtgctgtgattccgcctacggggaccgacaagctcatcttt			CASSLGTGLYGYTF	tgtgccagcagtttggggacagggctctatggctacaccttc	1	0	1	1	1
clonotype3643	UNK_S	1	TRAV8-6*01	TRAJ3*01			TRBV12-4*01	TRBJ2-3*01	CAVTGYSSASKIIF	tgtgctgtgacagggtacagcagtgcttccaagataatcttt			CASSFGRESDTQYF	tgtgccagcagttttgggcgggagtcagatacgcagtatttt	1	0	1	1	1
clonotype3644	UNK_S	1	TRAV3*01	TRAJ15*01			TRBV12-4*01	TRBJ1-5*01	CAVRDNQAGTALIF	tgtgctgtgagagacaaccaggcaggaactgctctgatcttt			CASSTGPLNQPQHF	tgtgccagctctacaggtcccttaaatcagccccagcatttt	1	0	1	1	1
clonotype3645	UNK_S	1	TRAV8-3*01	TRAJ6*01			TRBV3-1*01	TRBJ2-1*01	CAVGALGGSYIPTF	tgtgctgtgggtgccttaggaggaagctacatacctacattt			CASSQNAQSYNEQFF	tgtgccagcagccaaaatgcccagtcctacaatgagcagttcttc	1	0	1	1	1
clonotype3646	UNK_S	1	TRAV9-2*01	TRAJ10*01	TRAV12-3*01	TRAJ8*01	TRBV3-1*01	TRBJ2-1*01	CALSPNTGGGNKLTF	tgtgctctgagccctaatacgggaggaggaaacaaactcaccttt	CAMIGNKDTGFQKLVF	tgtgcaatgattgggaataaggacacaggctttcagaaacttgtattt	CASSQPPSSYNEQFF	tgtgccagcagccaacctccgagctcctacaatgagcagttcttc	2	1	2	2	1
clonotype3647	UNK_S	1	TRAV2*01	TRAJ40*01			TRBV3-1*01	TRBJ1-5*01	CAVEDRGSGTYKYIF	tgtgctgtggaggatcgaggctcaggaacctacaaatacatcttt			CASSQDQGYGQPQHF	tgtgccagcagccaagatcaagggtatgggcagccccagcatttt	1	0	1	1	1
clonotype3648	UNK_S	1	TRAV2*01	TRAJ40*01			TRBV3-1*01	TRBJ2-7*01	CAVEDRTSGTYKYIF	tgtgctgtggaggatcggacctcaggaacctacaaatacatcttt			CASSQVGALSYEQYF	tgtgccagcagccaagttggtgcactatcctacgagcagtacttc	1	0	1	1	1
clonotype3649	UNK_S	1	TRAV8-6*01	TRAJ26*01			TRBV3-1*01	TRBJ2-1*01	CAVSRQGPGQNFVF	tgtgctgtgagtcgtcaggggcctggtcagaattttgtcttt			CASSPHPNTANEQFF	tgtgccagcagccctcacccaaacacggccaatgagcagttcttc	1	0	1	1	1
clonotype365	UNK_S	1	TRAV3*01	TRAJ54*01			TRBV28*01	TRBJ2-1*01	CALDLQGAQKLVF	tgtgctctagaccttcagggagcccagaagctggtattt			CALQGSGEQFF	tgtgccctccaggggtctggtgagcagttcttc	1	0	1	1	1
clonotype3650	UNK_S	1	TRAV17*01	TRAJ35*01			TRBV4-1*01	TRBJ1-4*01	CASADLIGFGNVLHC	tgtgcttccgctgacctgataggctttgggaatgtgctgcattgc			CASSQIRSNNEKLFF	tgcgccagcagccaaataaggtcgaataatgaaaaactgtttttt	1	0	1	1	1
clonotype3651	UNK_S	1	TRAV12-2*01	TRAJ50*01	TRAV29/DV5*01	TRAJ39*01	TRBV4-1*01	TRBJ1-4*01	CAVDGKTSYDKVIF	tgtgccgtggacggaaaaacctcctacgacaaggtgatattt	CAATYKNAGNMLTF	tgtgcagcaacatacaaaaatgcaggcaacatgctcaccttt	CASSQAPGGNEKLFF	tgcgccagcagccaagcgccaggcggcaatgaaaaactgtttttt	2	1	2	2	1
clonotype3652	UNK_S	1	TRAV36/DV7*01	TRAJ27*01			TRBV4-1*01	TRBJ1-2*01	CAVVGNTNAGKSTF	tgtgctgtggttggaaacaccaatgcaggcaaatcaaccttt			CASSQGTGRRYGYTF	tgcgccagcagccaagggacaggccggcgctatggctacaccttc	1	0	1	1	1
clonotype3653	UNK_S	1	TRAV38-2/DV8*01	TRAJ40*01			TRBV4-2*01	TRBJ2-7*01	CAYRSGTYKYIF	tgtgcttataggagcggaacctacaaatacatcttt			CASSQSSGFSYEQYF	tgtgccagcagccaatctagcggcttctcctacgagcagtacttc	1	0	1	1	1
clonotype3654	UNK_S	1	TRAV8-6*01	TRAJ37*01			TRBV4-2*01	TRBJ1-5*01	CAVSHSSNTGKLIF	tgtgctgtgagccactctagcaacacaggcaaactaatcttt			CASSPEGGNNQPQHF	tgtgccagcagcccagaggggggcaataatcagccccagcatttt	1	0	1	1	1
clonotype3655	UNK_S	1	TRAV12-3*01	TRAJ20*01			TRBV4-2*01	TRBJ2-5*01	CAMSSSNDYKLSF	tgtgcaatgagttcttctaacgactacaagctcagcttt			CASSGTGTSGETQYF	tgtgccagcagcgggaccgggactagcggggagacccagtacttc	1	0	1	1	1
clonotype3656	UNK_S	1	TRAV19*01	TRAJ13*01			TRBV4-3*01	TRBJ1-1*01	CALSGGYQKVTF	tgtgctctgagcgggggttaccagaaagttaccttt			CASSQVGGTGTEAFF	tgcgccagcagccaagttggagggactggcactgaagctttcttt	1	0	1	1	1
clonotype3657	UNK_S	1	TRAV8-4*01	TRAJ8*01			TRBV9*01	TRBJ2-3*01	CAVSVETGFQKLVF	tgtgctgtgagtgtagagacaggctttcagaaacttgtattt			CASSRGQGGTDTQYF	tgtgccagcagcagaggacaggggggcacagatacgcagtatttt	1	0	1	1	1
clonotype3658	UNK_S	1	TRAV17*01	TRAJ40*01			TRBV9*01	TRBJ2-1*01	CATDQWTSGTYKYIF	tgtgctacggaccagtggacctcaggaacctacaaatacatcttt			CASSQLAGAYNEQFF	tgtgccagcagccaactagcgggtgcctacaatgagcagttcttc	1	0	1	1	1
clonotype3659	UNK_S	1	TRAV14/DV4*01	TRAJ49*01			TRBV9*01	TRBJ1-3*01	CAMREGWNQFYF	tgtgcaatgagagagggctggaaccagttctatttt			CASSPTDRGRNTIYF	tgtgccagcagccccacggacaggggccgaaacaccatatatttt	1	0	1	1	1
clonotype366	UNK_S	1	TRAV39*01	TRAJ40*01			TRBV7-9*01	TRBJ1-1*01	CAVESTSGTYKYIF	tgtgccgtggagtctacctcaggaacctacaaatacatcttt			CASSPIEAFF	tgtgccagcagccccattgaagctttcttt	1	0	1	1	1
clonotype3660	UNK_S	1	TRAV8-3*01	TRAJ42*01			TRBV9*01	TRBJ1-4*01	CAVGAGGSQGNLIF	tgtgctgtgggtgcgggaggaagccaaggaaatctcatcttt			CASSLSGRTNEKLFF	tgtgccagcagcctctcagggagaactaatgaaaaactgtttttt	1	0	1	1	1
clonotype3661	UNK_S	1	TRAV13-1*01	TRAJ37*01			TRBV9*01	TRBJ2-1*01	CAATSLSSNTGKLIF	tgtgcagcaacctcactttctagcaacacaggcaaactaatcttt			CASSLSGASYNEQFF	tgtgccagcagcctctccggggcctcctacaatgagcagttcttc	1	0	1	1	1
clonotype3662	UNK_S	1	TRAV8-1*01	TRAJ17*01			TRBV9*01	TRBJ2-5*01	CAVNRQAAGNKLTF	tgtgccgtgaatagacaagctgcaggcaacaagctaactttt			CASSVEGLAQETQYF	tgtgccagcagcgtagagggactagcgcaagagacccagtacttc	1	0	1	1	1
clonotype3663	UNK_S	1	TRAV12-1*01	TRAJ6*01			TRBV9*01	TRBJ1-1*01	CVVTHASGGSYIPTF	tgtgtggttactcatgcatcaggaggaagctacatacctacattt			CASSVEWQMNTEAFF	tgtgccagcagcgtagagtggcagatgaacactgaagctttcttt	1	0	1	1	1
clonotype3664	UNK_S	1	TRAV12-3*01	TRAJ17*01			TRBV9*01	TRBJ2-7*01	CAMSKAAGNKLTF	tgtgcaatgagcaaagctgcaggcaacaagctaactttt			CASSVATSGPYEQYF	tgtgccagcagcgtagctacttcgggtccctacgagcagtacttc	1	0	1	1	1
clonotype3665	UNK_S	1	TRAV38-2/DV8*01	TRAJ20*01			TRBV9*01	TRBJ1-6*01	CAYRISDYKLSF	tgtgcttataggataagcgactacaagctcagcttt			CASSVGTGEMSPLHF	tgtgccagcagcgtagggacaggggaaatgtcacccctccacttt	1	0	1	1	1
clonotype3666	UNK_S	1	TRAV8-6*01	TRAJ57*01			TRBV9*01	TRBJ2-3*01	CAVLSQGGSEKLVF	tgtgctgttctttctcagggcggatctgaaaagctggtcttt			CASSVGRGTTDTQYF	tgtgccagcagcgtaggtcggggaaccacagatacgcagtatttt	1	0	1	1	1
clonotype3667	UNK_S	1	TRAV38-2/DV8*01	TRAJ21*01			TRBV9*01	TRBJ2-1*01	CAYRSARSVFYF	tgtgcttataggagcgcgcggtctgtattttacttt			CASSVRDRGYNEQFF	tgtgccagcagcgttcgggacaggggatacaatgagcagttcttc	1	0	1	1	1
clonotype3668	UNK_S	1	TRAV19*01	TRAJ27*01			TRBV11-3*01	TRBJ2-1*01	CVFNTNAGKSTF	tgtgtttttaacaccaatgcaggcaaatcaaccttt			CASSPSLIDNEQFF	tgtgccagcagcccatccctaatagacaatgagcagttcttc	1	0	1	1	1
clonotype3669	UNK_S	1	TRAV8-1*01	TRAJ21*01			TRBV11-3*01	TRBJ2-7*01	CAVNAISNFNKFYF	tgtgccgtgaatgccatatccaacttcaacaaattttacttt			CASSPRDKPYEQYF	tgtgccagcagccctcgggacaaaccctacgagcagtacttc	1	0	1	1	1
clonotype367	UNK_S	1	TRAV12-2*01	TRAJ40*01			TRBV7-9*01	TRBJ1-2*01	CAVNVAYKYIF	tgtgccgtgaacgtggcctacaaatacatcttt			CASSLDGYTF	tgtgccagcagcttagatggctacaccttc	1	0	1	1	1
clonotype3670	UNK_S	1	TRAV24*01	TRAJ33*01			TRBV15*01	TRBJ2-5*01	CAFLGSNYQLIW	tgtgcctttctgggtagcaactatcagttaatctgg			CATSRDGGRQETQYF	tgtgccaccagcagagacggcggcagacaagagacccagtacttc	1	0	1	1	1
clonotype3671	UNK_S	1	TRAV2*01	TRAJ17*01			TRBV15*01	TRBJ1-5*01	CAVEDRKAAGNKLTF	tgtgctgtggaggatcgaaaagctgcaggcaacaagctaactttt			CATSRGDGDNQPQHF	tgtgccaccagcagaggggacggagacaatcagccccagcatttt	1	0	1	1	1
clonotype3672	UNK_S	1	TRAV12-1*01	TRAJ36*01			TRBV14*01	TRBJ2-1*01	CVVNPVKTGANNLFF	tgtgtggtgaacccggtcaaaactggggcaaacaacctcttcttt			CASSPWNRGNEQFF	tgtgccagcagcccctggaacaggggcaatgagcagttcttc	1	0	1	1	1
clonotype3673	UNK_S	1	TRAV8-4*01	TRAJ7*01			TRBV6-4*01	TRBJ2-3*01	CAVSPRGYGNNRLAF	tgtgctgtgagtccccggggttatgggaacaacagactcgctttt			CASSETGVGTDTQYF	tgtgccagcagtgagacaggggtagggacagatacgcagtatttt	1	0	1	1	1
clonotype3674	UNK_S	1	TRAV3*01	TRAJ40*01			TRBV6-4*01	TRBJ2-3*01	CAVRSPYSGTYKYIF	tgtgctgtgagatccccttactcaggaacctacaaatacatcttt			CASSGGQASADTQYF	tgtgccagcagtggaggacaggccagcgcagatacgcagtatttt	1	0	1	1	1
clonotype3675	UNK_S	1	TRAV8-4*01	TRAJ11*01			TRBV19*01	TRBJ2-1*01	CAVSDLGSGYSTLTF	tgtgctgtgagtgatctcgggtcaggatacagcaccctcaccttt			CASGPSGKSYNEQFF	tgtgccagcgggccgagcgggaaatcctacaatgagcagttcttc	1	0	1	1	1
clonotype3676	UNK_S	1	TRAV38-1*01	TRAJ42*01			TRBV19*01	TRBJ2-3*01	CAFGRGSQGNLIF	tgtgctttcggaagaggaagccaaggaaatctcatcttt			CASSLLAGGPDTQYF	tgtgccagtagcctactagcgggagggccagatacgcagtatttt	1	0	1	1	1
clonotype3677	UNK_S	1	TRAV8-3*01	TRAJ38*01			TRBV19*01	TRBJ1-5*01	CAVVPNAGNNRKLIW	tgtgctgtggttcctaatgctggcaacaaccgtaagctgatttgg			CASSTDRGGNQPQHF	tgtgccagtagtaccgacaggggtggcaatcagccccagcatttt	1	0	1	1	1
clonotype3678	UNK_S	1	TRAV8-3*01	TRAJ18*01			TRBV19*01	TRBJ2-2*01	CAVATEGSTLGRLYF	tgtgctgtggcgacggaaggctcaaccctggggaggctatacttt			CASSIGRLNTGELFF	tgtgccagtagtatcggcagactgaacaccggggagctgtttttt	1	0	1	1	1
clonotype3679	UNK_S	1	TRAV10*01	TRAJ17*01			TRBV19*01	TRBJ2-3*01	CVVSLKAAGNKLTF	tgtgtggtgagcctcaaagctgcaggcaacaagctaactttt			CASSIETLSTDTQYF	tgtgccagtagtattgagactcttagcacagatacgcagtatttt	1	0	1	1	1
clonotype368	UNK_S	1	TRAV12-2*01	TRAJ15*01			TRBV15*01	TRBJ2-5*01	CAVTAGTALIF	tgtgccgtgacagcaggaactgctctgatcttt			CATSREETQYF	tgtgccaccagcagagaagagacccagtacttc	1	0	1	1	1
clonotype3680	UNK_S	1	TRAV3*01	TRAJ39*01			TRBV19*01	TRBJ2-1*01	CAVRDRNNAGNMLTF	tgtgctgtgagagatcgaaataatgcaggcaacatgctcaccttt			CASTPESHSYNEQFF	tgtgccagcacccctgagtcccactcctacaatgagcagttcttc	1	0	1	1	1
clonotype3681	UNK_S	1	TRAV3*01	TRAJ3*01			TRBV19*01	TRBJ2-1*01	CAVRDKDSSASKIIF	tgtgctgtgagagacaaggacagcagtgcttccaagataatcttt			CASRGRTSALNEQFF	tgtgccagtagaggacggactagtgcccttaatgagcagttcttc	1	0	1	1	1
clonotype3682	UNK_S	1	TRAV13-2*01	TRAJ28*01			TRBV19*01	TRBJ2-7*01	CAEGLAGAGSYQLTF	tgtgcagagggtttagccggggctgggagttaccaactcactttc			CASSSRAAGGAEQYF	tgtgccagtagctcccgggccgcgggaggggccgagcagtacttc	1	0	1	1	1
clonotype3684	UNK_S	1	TRAV8-4*01	TRAJ54*01			TRBV19*01	TRBJ2-1*01	CAVRGLIQGAQKLVF	tgtgctgtgagggggctcattcagggagcccagaagctggtattt			CASSIGTGLYNEQFF	tgtgccagtagtatagggacagggctttacaatgagcagttcttc	1	0	1	1	1
clonotype3685	UNK_S	1	TRAV13-1*01	TRAJ52*01			TRBV19*01	TRBJ2-1*01	CAASMRGGTSYGKLTF	tgtgcagcaagtatgagaggtggtactagctatggaaagctgacattt			CASSIGTSGRTEQFF	tgtgccagtagtatcgggactagcgggagaactgagcagttcttc	1	0	1	1	1
clonotype3686	UNK_S	1	TRAV10*01	TRAJ36*01			TRBV19*01	TRBJ2-5*01	CVVSLQTGANNLFF	tgtgtggtgagccttcaaactggggcaaacaacctcttcttt			CASSINSGPTGTQYF	tgtgccagtagtattaacagtggcccgacagggacccagtacttc	1	0	1	1	1
clonotype3687	UNK_S	1	TRAV13-1*01	TRAJ12*01			TRBV6-6*01	TRBJ1-2*01	CAAHGGVMDSSYKLIF	tgtgcagcacacgggggggtgatggatagcagctataaattgatcttc			CASSYSGQINPGYTF	tgtgccagcagttactccggacagataaacccgggctacaccttc	1	0	1	1	1
clonotype3688	UNK_S	1	TRAV5*01	TRAJ3*01			TRBV6-5*01	TRBJ1-5*01	CAEVTSYSSASKIIF	tgtgcagaggttactagctacagcagtgcttccaagataatcttt			CASSSDRGGNQPQHF	tgtgccagcagcagcgacaggggcggcaatcagccccagcatttt	1	0	1	1	1
clonotype3689	UNK_S	1	TRAV8-3*01	TRAJ48*01			TRBV6-5*01	TRBJ1-6*01	CAVGAPNFGNEKLTF	tgtgctgtgggtgcccctaactttggaaatgagaaattaaccttt			CASSPTTGSNSPLHF	tgtgccagcagtcccacgacagggagcaattcacccctccacttt	1	0	1	1	1
clonotype3690	UNK_S	1	TRAV38-2/DV8*01	TRAJ42*01			TRBV6-5*01	TRBJ2-5*01	CAYNRGSQGNLIF	tgtgcttataatcgaggaagccaaggaaatctcatcttt			CASSYSNYAQETQYF	tgtgccagcagttactcaaactacgcccaagagacccagtacttc	1	0	1	1	1
clonotype3691	UNK_S	1	TRAV22*01	TRAJ42*01			TRBV6-5*01	TRBJ1-3*01	CAVVSFTNYGGSQGNLIF	tgtgctgtggtaagttttacgaattatggaggaagccaaggaaatctcatcttt			CASSYSGSPGNTIYF	tgtgccagcagttactcaggcagccctggaaacaccatatatttt	1	0	1	1	1
clonotype3692	UNK_S	1	TRAV24*01	TRAJ29*01			TRBV6-5*01	TRBJ1-4*01	CAFWNSGNTPLVF	tgtgccttttggaattcaggaaacacacctcttgtcttt			CASSYSTATNEKLFF	tgtgccagcagttactcgacggcaactaatgaaaaactgtttttt	1	0	1	1	1
clonotype3693	UNK_S	1	TRAV8-3*01	TRAJ49*01			TRBV6-5*01	TRBJ2-2*01	CAVGGVENTGNQFYF	tgtgctgtgggtggagtggagaacaccggtaaccagttctatttt			CASSYSVLTTGELFF	tgtgccagcagttactcggttcttaccaccggggagctgtttttt	1	0	1	1	1
clonotype3694	UNK_S	1	TRAV3*01	TRAJ3*01			TRBV6-5*01	TRBJ2-2*01	CAVRALYSSASKIIF	tgtgctgtgagagccctgtacagcagtgcttccaagataatcttt			CASSFTSGGAGELFF	tgtgccagcagttttactagcgggggtgccggggagctgtttttt	1	0	1	1	1
clonotype3695	UNK_S	1	TRAV3*01	TRAJ32*01			TRBV6-5*01	TRBJ2-3*01	CAVRDAGGATNKLIF	tgtgctgtgagagacgcgggtggtgctacaaacaagctcatcttt			CASSPRPSRTDTQYF	tgtgccagctctcccaggccttctcggacagatacgcagtatttt	1	0	1	1	1
clonotype3697	UNK_S	1	TRAV38-1*01	TRAJ39*01			TRBV6-1*01	TRBJ2-5*01	CALQNNAGNMLTF	tgtgctcttcaaaataatgcaggcaacatgctcaccttt			CASSELGGPFVTQYF	tgtgccagcagtgaattagggggccccttcgtgacccagtacttc	1	0	1	1	1
clonotype3699	UNK_S	1	TRAV3*01	TRAJ9*01			TRBV6-1*01	TRBJ1-5*01	CAVRDPGTGGFKTIF	tgtgctgtgagagacccagggactggaggcttcaaaactatcttt			CASILGGDSNQPQHF	tgtgccagcatattggggggcgatagcaatcagccccagcatttt	1	0	1	1	1
clonotype370	UNK_S	1	TRAV13-1*01	TRAJ6*01			TRBV19*01	TRBJ1-2*01	CAAREGGSYIPTF	tgtgcagcaagggaaggaggaagctacatacctacattt			CASSMVDGYTF	tgtgccagtagtatggttgatggctacaccttc	1	0	1	1	1
clonotype3700	UNK_S	1	TRAV8-4*01	TRAJ53*01			TRBV6-2*01	TRBJ1-5*01	CAVSLSGGSNYKLTF	tgtgctgtgagtcttagtggaggtagcaactataaactgacattt			CASSYRGRSNQPQHF	tgtgccagcagttatcgaggcaggagcaatcagccccagcatttt	1	0	1	1	1
clonotype3701	UNK_S	1	TRAV21*01	TRAJ32*01			TRBV6-2*01	TRBJ1-1*01	CAVNLPYGGATNKLIF	tgtgctgtgaacctcccttatggtggtgctacaaacaagctcatcttt			CASIYGSQGNTEAFF	tgtgccagcatctacggttcacaggggaacactgaagctttcttt	1	0	1	1	1
clonotype3702	UNK_S	1	TRAV13-2*01	TRAJ3*01			TRBV20-1*01	TRBJ1-6*01	CAETRGYSSASKIIF	tgtgcagagacgcgagggtacagcagtgcttccaagataatcttt			CSARDQRPQGYNSPLHF	tgcagtgctagagatcaacgcccacagggttataattcacccctccacttt	1	0	1	1	1
clonotype3703	UNK_S	1	TRAV12-2*01	TRAJ4*01			TRBV20-1*01	TRBJ1-6*01	CAVNRVSGGYNKLIF	tgtgccgtgaaccgggtttctggtggctacaataagctgattttt			CSARGLASQSHNSPLHF	tgcagtgctagagggttagcatctcaaagccataattcacccctccacttt	1	0	1	1	1
clonotype3704	UNK_S	1	TRAV41*01	TRAJ42*01			TRBV18*01	TRBJ1-2*01	CAARPYYGGSQGNLIF	tgtgctgcccgaccctattatggaggaagccaaggaaatctcatcttt			CASSPPVGGSGYTF	tgtgccagctcaccaccggtgggggggtctggctacaccttc	1	0	1	1	1
clonotype3705	UNK_S	1	TRAV12-3*01	TRAJ54*01	TRAV41*01	TRAJ54*01	TRBV18*01	TRBJ2-5*01	CAMSAREGAQKLVF	tgtgcaatgagcgcgagggagggagcccagaagctggtattt	CAVRFVKIQGAQKLVF	tgtgctgtcagatttgtaaaaattcagggagcccagaagctggtattt	CASSRSLSWETQYF	tgtgccagctcacgaagtttgtcgtgggagacccagtacttc	2	1	2	2	1
clonotype3706	UNK_S	1	TRAV14/DV4*01	TRAJ8*01			TRBV12-4*01	TRBJ1-2*01	CAMRDTGFQKLVF	tgtgcaatgagggacacaggctttcagaaacttgtattt			CASSFGVSTYGYTF	tgtgccagcagttttggggtttccacctatggctacaccttc	1	0	1	1	1
clonotype3707	UNK_S	1	TRAV38-1*01	TRAJ37*01			TRBV12-3*01	TRBJ1-4*01	CAFMTSNTGKLIF	tgtgctttcatgactagcaacacaggcaaactaatcttt			CASSPGTGEEKLFF	tgtgccagtagtccggggacaggagaagaaaaactgtttttt	1	0	1	1	1
clonotype3708	UNK_S	1	TRAV8-3*01	TRAJ10*01			TRBV2*01	TRBJ1-4*01	CAVGPVTGGGNKLTF	tgtgctgtgggtccggtcacgggaggaggaaacaaactcaccttt			CATKDRGLVEKLFF	tgtgccaccaaggacagggggctcgttgaaaaactgtttttt	1	0	1	1	1
clonotype3709	UNK_S	1	TRAV14/DV4*01	TRAJ21*01	TRAV8-4*01	TRAJ40*01	TRBV2*01	TRBJ1-1*01	CAMREGGPLNKFYF	tgtgcaatgagagagggggggcccctcaacaaattttacttt	CAVSASASGTYKYIF	tgtgctgtgagtgcctccgcctcaggaacctacaaatacatcttt	CASNFEGRGTEAFF	tgtgccagcaattttgagggcaggggcactgaagctttcttt	2	1	2	2	1
clonotype371	UNK_S	1	TRAV12-2*01	TRAJ9*01			TRBV6-5*01	TRBJ1-6*01	CAEGGGGFKTIF	tgtgccgaggggggtggaggcttcaaaactatcttt			CASSYDSVLHF	tgtgccagcagttacgattccgtcctccacttt	1	0	1	1	1
clonotype3710	UNK_S	1	TRAV12-3*01	TRAJ23*01			TRBV2*01	TRBJ1-5*01	CAMSAYNQGGKLIF	tgtgcaatgagcgcgtataaccagggaggaaagcttatcttc			CASRYMGSNQPQHF	tgtgccagcagatatatgggaagcaatcagccccagcatttt	1	0	1	1	1
clonotype3711	UNK_S	1	TRAV8-3*01	TRAJ40*01			TRBV2*01	TRBJ2-1*01	CAVGPTTSGTYKYIF	tgtgctgtgggacctactacctcaggaacctacaaatacatcttt			CASRVLATYNEQFF	tgtgccagcagggttttggctacttacaatgagcagttcttc	1	0	1	1	1
clonotype3712	UNK_S	1	TRAV13-2*01	TRAJ13*01			TRBV2*01	TRBJ1-5*01	CAENIMPGGYQKVTF	tgtgcagagaatataatgcctgggggttaccagaaagttaccttt			CASSRQGPRRPQHF	tgtgccagcagtagacagggccctaggcggccccagcatttt	1	0	1	1	1
clonotype3713	UNK_S	1	TRAV3*01	TRAJ40*01			TRBV2*01	TRBJ2-7*01	CAVRDKTSGTYKYIF	tgtgctgtgagagacaaaacctcaggaacctacaaatacatcttt			CASSPGTGGSEQYF	tgtgccagcagtcccgggaccggtggatccgagcagtacttc	1	0	1	1	1
clonotype3714	UNK_S	1	TRAV12-1*01	TRAJ8*01			TRBV2*01	TRBJ1-5*01	CVVNGVEDTGFQKLVF	tgtgtggtgaacggggtggaggacacaggctttcagaaacttgtattt			CASSPGDSNQPQHF	tgtgccagcagtccgggagatagcaatcagccccagcatttt	1	0	1	1	1
clonotype3715	UNK_S	1	TRAV12-3*01	TRAJ42*01			TRBV2*01	TRBJ1-3*01	CAMNYGGSQGNLIF	tgtgcaatgaattatggaggaagccaaggaaatctcatcttt			CASILDWAGNTIYF	tgtgccagcatcctagactgggctggaaacaccatatatttt	1	0	1	1	1
clonotype3716	UNK_S	1	TRAV38-1*01	TRAJ43*01			TRBV2*01	TRBJ1-5*01	CAFIAYNNNDMRF	tgtgctttcattgcgtacaataacaatgacatgcgcttt			CASMTGGVRQPQHF	tgtgccagcatgactggcggcgtaagacagccccagcatttt	1	0	1	1	1
clonotype3717	UNK_S	1	TRAV13-2*01	TRAJ17*01			TRBV2*01	TRBJ1-3*01	CAENGNKAAGNKLTF	tgtgcagagaatgggaacaaagctgcaggcaacaagctaactttt			CASGPTYSGNTIYF	tgtgccagcgggccgacttactctggaaacaccatatatttt	1	0	1	1	1
clonotype3718	UNK_S	1	TRAV3*01	TRAJ4*01			TRBV2*01	TRBJ2-3*01	CAVRDFAGGYNKLIF	tgtgctgtgagagacttcgctggtggctacaataagctgattttt			CASLTPDHTDTQYF	tgtgccagtttgaccccagaccacacagatacgcagtatttt	1	0	1	1	1
clonotype3719	UNK_S	1	TRAV12-1*01	TRAJ4*01			TRBV24-1*01	TRBJ2-6*01	CVVNIGGSGGYNKLIF	tgtgtggtgaacattgggggttctggtggctacaataagctgattttt			CATSPRGSGANVLTF	tgtgccaccagccccaggggatctggggccaacgtcctgactttc	1	0	1	1	1
clonotype372	UNK_S	1	TRAV25*01	TRAJ22*01			TRBV6-1*01	TRBJ1-5*01	CAGLESSGSARQLTF	tgtgcagggctggagtcttctggttctgcaaggcaactgaccttt			CASSDYQPQHF	tgtgccagcagcgactatcagccccagcatttt	1	0	1	1	1
clonotype3720	UNK_S	1	TRAV5*01	TRAJ26*01			TRBV24-1*01	TRBJ1-5*01	CAEILLYSYGQNFVF	tgtgcagagatccttctctatagctatggtcagaattttgtcttt			CATSDADRENQPQHF	tgtgccaccagtgatgcggacagggaaaatcagccccagcatttt	1	0	1	1	1
clonotype3721	UNK_S	1	TRAV8-3*01	TRAJ28*01			TRBV24-1*01	TRBJ1-5*01	CAVGPQGAGSYQLTF	tgtgctgtgggcccacagggggctgggagttaccaactcactttc			CATSDSGTGMQPQHF	tgtgccaccagtgattctgggacagggatgcagccccagcatttt	1	0	1	1	1
clonotype3722	UNK_S	1	TRAV17*01	TRAJ37*01			TRBV28*01	TRBJ2-3*01	CATVGRGSSNTGKLIF	tgtgctacggtcggccggggctctagcaacacaggcaaactaatcttt			CASSQPGLGTDTQYF	tgtgccagcagtcaaccgggactgggcacagatacgcagtatttt	1	0	1	1	1
clonotype3723	UNK_S	1	TRAV19*01	TRAJ39*01			TRBV28*01	TRBJ2-2*01	CALGDNAGNMLTF	tgtgctctgggagataatgcaggcaacatgctcaccttt			CASSPLPIITGELFF	tgtgccagcagtccactacccataattaccggggagctgtttttt	1	0	1	1	1
clonotype3724	UNK_S	1	TRAV8-6*01	TRAJ39*01			TRBV28*01	TRBJ2-7*01	CAVSDRSNAGNMLTF	tgtgctgtgagtgatcggagtaatgcaggcaacatgctcaccttt			CASSSTDGIPYEQYF	tgtgccagcagttcgacggacgggatcccctacgagcagtacttc	1	0	1	1	1
clonotype3725	UNK_S	1	TRAV8-1*01	TRAJ3*01			TRBV28*01	TRBJ2-7*01	CAVNTWYSSASKIIF	tgtgccgtgaatacctggtacagcagtgcttccaagataatcttt			CASSSASGSRGEQYF	tgtgccagcagttctgctagcgggagtcgtggcgagcagtacttc	1	0	1	1	1
clonotype3726	UNK_S	1	TRAV8-6*01	TRAJ32*01			TRBV28*01	TRBJ2-6*01	CAVSVRGGATNKLIF	tgtgctgtgagtgttaggggtggtgctacaaacaagctcatcttt			CASSLGNSGANVLTF	tgtgccagcagtttagggaactctggggccaacgtcctgactttc	1	0	1	1	1
clonotype3727	UNK_S	1	TRAV10*01	TRAJ36*01			TRBV28*01	TRBJ2-7*01	CVVSPQTGANNLFF	tgtgtggtgagccctcaaactggggcaaacaacctcttcttt			CASSLLDRDDYEQYF	tgtgccagcagtttattggacagggacgactacgagcagtacttc	1	0	1	1	1
clonotype3728	UNK_S	1	TRAV38-1*01	TRAJ26*01			TRBV28*01	TRBJ2-3*01	CAFMTEWGQNFVF	tgtgctttcatgacagaatggggtcagaattttgtcttt			CASLPRGPRADTQYF	tgtgccagcctccccagggggcctagagcagatacgcagtatttt	1	0	1	1	1
clonotype3729	UNK_S	1	TRAV14/DV4*01	TRAJ48*01			TRBV5-8*01	TRBJ1-1*01	CAMRGFGNEKLTF	tgtgcaatgaggggctttggaaatgagaaattaaccttt			CASSPQGAPRTEAFF	tgtgccagcagccctcaaggggcgccgcgcactgaagctttcttt	1	0	1	1	1
clonotype373	UNK_S	1	TRAV34*01	TRAJ58*01			TRBV6-1*01	TRBJ1-1*01	CGADETSGSRLTF	tgtggagcagacgaaaccagtggctctaggttgaccttt			CASSVYTEAFF	tgtgccagcagtgtctacaccgaagctttcttt	1	0	1	1	1
clonotype3730	UNK_S	1	TRAV8-6*01	TRAJ12*01			TRBV10-3*01	TRBJ1-1*01	CAVSVWMDSSYKLIF	tgtgctgtgagtgtctggatggatagcagctataaattgatcttc			CAISEVGTGNTEAFF	tgtgccatcagtgaggttgggacagggaacactgaagctttcttt	1	0	1	1	1
clonotype3731	UNK_S	1	TRAV12-3*01	TRAJ38*01			TRBV7-9*01	TRBJ2-5*01	CAILNAGNNRKLIW	tgtgcaatccttaatgctggcaacaaccgtaagctgatttgg			CASSLSGSWETQYF	tgtgccagcagccttagcgggagttgggagacccagtacttc	1	0	1	1	1
clonotype3732	UNK_S	1	TRAV38-1*01	TRAJ58*01			TRBV7-9*01	TRBJ1-4*01	CAFGGTSGSRLTF	tgtgctttcggaggaaccagtggctctaggttgaccttt			CASSLLRSGEKLFF	tgtgccagcagcttgctcaggtcgggtgaaaaactgtttttt	1	0	1	1	1
clonotype3733	UNK_S	1	TRAV36/DV7*01	TRAJ40*01			TRBV7-9*01	TRBJ1-6*01	CALVGTTSGTYKYIF	tgtgctctagttggtactacctcaggaacctacaaatacatcttt			CASGPRDVASPLHF	tgtgccagcggcccccgggacgtcgcttcacccctccacttt	1	0	1	1	1
clonotype3735	UNK_S	1	TRAV19*01	TRAJ43*01			TRBV11-2*01	TRBJ2-7*01	CALSERGQYDMRF	tgtgctctgagtgagcgggggcaatatgacatgcgcttt			CASSLEAILYEQYF	tgtgccagcagcttagaggctattctctacgagcagtacttc	1	0	1	1	1
clonotype3736	UNK_S	1	TRAV3*01	TRAJ39*01			TRBV11-2*01	TRBJ2-6*01	CAVRDAGDAGNMLTF	tgtgctgtgagagacgccggggatgcaggcaacatgctcaccttt			CASSLSSGANVLTF	tgtgccagcagcttgagctctggggccaacgtcctgactttc	1	0	1	1	1
clonotype3737	UNK_S	1	TRAV3*01	TRAJ15*01			TRBV11-2*01	TRBJ1-4*01	CAVRDIGEAGTALIF	tgtgctgtgagagacatcggcgaggcaggaactgctctgatcttt			CASSLDRGSEKLFF	tgtgccagcagcttggacaggggcagtgaaaaactgtttttt	1	0	1	1	1
clonotype3738	UNK_S	1	TRAV38-1*01	TRAJ41*01			TRBV7-8*01	TRBJ2-7*01	CAFISNSGYALNF	tgtgctttcatctcaaattccgggtatgcactcaacttc			CASSLDPQGYEQYV	tgtgccagcagcttagaccctcagggttacgagcagtacgtc	1	0	1	1	1
clonotype3739	UNK_S	1	TRAV8-4*01	TRAJ6*01			TRBV7-2*01	TRBJ1-6*01	CAVSDRSGGSYIPTF	tgtgctgtgagtgatcgatcaggaggaagctacatacctacattt			CASSPGTNNSPLHF	tgtgccagcagccccgggaccaataattcacccctccacttt	1	0	1	1	1
clonotype3740	UNK_S	1	TRAV8-2*01	TRAJ40*01			TRBV7-2*01	TRBJ1-1*01	CVVSDLGSGTYKYIF	tgtgttgtgagtgatcttggctcaggaacctacaaatacatcttt			CASSLRGGNTEAFF	tgtgccagcagcttaaggggggggaacactgaagctttcttt	1	0	1	1	1
clonotype3741	UNK_S	1	TRAV10*01	TRAJ36*01			TRBV7-2*01	TRBJ1-6*01	CVVSAKTGANNLFF	tgtgtggtgagcgcgaagactggggcaaacaacctcttcttt			CASSLGDSHSPLHF	tgtgccagcagcttaggggacagtcattcacccctccacttt	1	0	1	1	1
clonotype3742	UNK_S	1	TRAV13-2*01	TRAJ44*01			TRBV7-2*01	TRBJ2-1*01	CAESPNTGTASKLTF	tgtgcagagagtccaaataccggcactgccagtaaactcaccttt			CASSYSGAYNEQFF	tgtgccagcagctatagcggggcctacaatgagcagttcttc	1	0	1	1	1
clonotype3743	UNK_S	1	TRAV38-1*01	TRAJ7*01			TRBV27*01	TRBJ2-2*01	CAFMDYGNNRLAF	tgtgctttcatggattatgggaacaacagactcgctttt			CATSTDRGRTGELFF	tgtgccacctcaacggacagggggcgaaccggggagctgtttttt	1	0	1	1	1
clonotype3744	UNK_S	1	TRAV14/DV4*01	TRAJ22*01	TRAV6*01	TRAJ42*01	TRBV27*01	TRBJ2-7*01	CAIISGSARQLTF	tgtgcaataatatctggttctgcaaggcaactgaccttt	CALDIPRDYGGSQGNLIF	tgtgctctagacatacccagggattatggaggaagccaaggaaatctcatcttt	CASSSFSQGPYEQYF	tgtgccagcagttcatttagccagggcccctacgagcagtacttc	2	1	2	2	1
clonotype3745	UNK_S	1	TRAV8-3*01	TRAJ15*01			TRBV27*01	TRBJ2-2*01	CAVAPKNQAGTALIF	tgtgctgtggcccctaagaaccaggcaggaactgctctgatcttt			CASSLRGSWTGELFF	tgtgccagcagtttgcgggggagttggaccggggagctgtttttt	1	0	1	1	1
clonotype3746	UNK_S	1	TRAV38-2/DV8*01	TRAJ44*01			TRBV5-6*01	TRBJ2-2*01	CALLPGTASKLTF	tgtgcccttctccccggcactgccagtaaactcaccttt			CASSTLWRNTGELFF	tgtgccagcagcacactttggaggaacaccggggagctgtttttt	1	0	1	1	1
clonotype3747	UNK_S	1	TRAV3*01	TRAJ6*01			TRBV5-6*01	TRBJ2-2*01	CAVRDPRGGSYIPTF	tgtgctgtgagagacccccgaggaggaagctacatacctacattt			CASHSGSANTGELFF	tgtgccagccatagcgggagcgcgaacaccggggagctgtttttt	1	0	1	1	1
clonotype3748	UNK_S	1	TRAV13-2*01	TRAJ3*01			TRBV5-6*01	TRBJ1-2*01	CAERGAYSSASKIIF	tgtgcagagagaggggcttacagcagtgcttccaagataatcttt			CASSLVGTGDPGYTF	tgtgccagcagcttggtcgggacaggggatcccggctacaccttc	1	0	1	1	1
clonotype3749	UNK_S	1	TRAV8-2*01	TRAJ22*01			TRBV5-4*01	TRBJ2-7*01	CVVRPPGSSARQLTF	tgtgttgtgaggcccccggggagttctgcaaggcaactgaccttt			CASSLPPGQGYEQYF	tgtgccagcagcctccctccgggacagggctacgagcagtacttc	1	0	1	1	1
clonotype375	UNK_S	1	TRAV41*01	TRAJ48*01			TRBV6-2*01	TRBJ1-1*01	CAVSNFGNEKLTF	tgtgctgtttctaactttggaaatgagaaattaaccttt			CASSQGIEAFF	tgtgccagcagccaggggattgaagctttcttt	1	0	1	1	1
clonotype3750	UNK_S	1	TRAV36/DV7*01	TRAJ32*01			TRBV5-5*01	TRBJ1-1*01	CAVANYGGATNKLIF	tgtgctgtggcgaattatggtggtgctacaaacaagctcatcttt			CASSLGGQGLTEAFF	tgtgccagcagcctggggggacaggggttgactgaagctttcttt	1	0	1	1	1
clonotype3751	UNK_S	1	TRAV8-3*01	TRAJ39*01			TRBV5-4*01	TRBJ2-3*01	CAVGANNNAGNMLTF	tgtgctgtgggtgcgaataataatgcaggcaacatgctcaccttt			CASRNRGWSTDTQYF	tgtgccagcagaaatcgtggatggagcacagatacgcagtatttt	1	0	1	1	1
clonotype3752	UNK_S	1	TRAV36/DV7*01	TRAJ16*01			TRBV5-4*01	TRBJ2-3*01	CAVEASLPDGQKLLF	tgtgctgtggaggcgtctttgccagatggccagaagctgctcttt			CASSPLAGVADTQYF	tgtgccagcagccctttagcgggagttgcagatacgcagtatttt	1	0	1	1	1
clonotype3753	UNK_S	1	TRAV8-3*01	TRAJ45*01			TRBV5-4*01	TRBJ2-1*01	CAVGLPGGGADGLTF	tgtgctgtgggcctcccaggaggaggtgctgacggactcaccttt			CASSSTGEVYNEQFF	tgtgccagcagctctacgggagaagtctacaatgagcagttcttc	1	0	1	1	1
clonotype3754	UNK_S	1	TRAV8-3*01	TRAJ45*01			TRBV5-4*01	TRBJ1-1*01	CAVGAQGGGADGLTF	tgtgctgtgggtgcgcaaggaggaggtgctgacggactcaccttt			CASSLSGRGDTEAFF	tgtgccagcagcttgtcgggcagaggggacactgaagctttcttt	1	0	1	1	1
clonotype3755	UNK_S	1	TRAV24*01	TRAJ6*01	TRAV19*01	TRAJ35*01	TRBV5-1*01	TRBJ2-3*01	CAKQLGGSYIPTF	tgtgccaagcaactgggaggaagctacatacctacattt	CALSEDAPGFGNVLHC	tgtgctctgagtgaggatgccccaggctttgggaatgtgctgcattgc	CASSPRDRATDTQYF	tgcgccagcagcccacgggacagggcgacagatacgcagtatttt	2	1	2	2	1
clonotype3756	UNK_S	1	TRAV12-2*01	TRAJ34*01			TRBV5-1*01	TRBJ2-3*01	CAVPTPSYNTDKLIF	tgtgccgtgccgaccccatcttataacaccgacaagctcatcttt			CASSLGLALTDTQYF	tgcgccagcagccttggactagctctcacagatacgcagtatttt	1	0	1	1	1
clonotype3757	UNK_S	1	TRAV19*01	TRAJ26*01			TRBV5-1*01	TRBJ1-4*01	CALDRNYGQNFVF	tgtgctctggatcgtaactatggtcagaattttgtcttt			CASSSPGTGNEKLFF	tgcgccagcagctcccccgggacagggaatgaaaaactgtttttt	1	0	1	1	1
clonotype3758	UNK_S	1	TRAV8-3*01	TRAJ16*01			TRBV5-1*01	TRBJ2-1*01	CAVGAVFSDGQKLLF	tgtgctgtgggtgcggtcttttcagatggccagaagctgctcttt			CASSLGQGLNNEQFF	tgcgccagcagcttgggacagggcttgaacaatgagcagttcttc	1	0	1	1	1
clonotype3759	UNK_S	1	TRAV13-2*01	TRAJ32*01			TRBV5-1*01	TRBJ2-2*01	CAETPWGGATNKLIF	tgtgcagagaccccttggggtggtgctacaaacaagctcatcttt			CASSLGAGRTGELFF	tgcgccagcagcttgggggcagggaggaccggggagctgtttttt	1	0	1	1	1
clonotype376	UNK_S	1	TRAV17*01	TRAJ40*01			TRBV6-2*01	TRBJ2-1*01	CATGSSGTYKYIF	tgtgctacggggtcctcaggaacctacaaatacatcttt			CASIRENEQFF	tgtgccagcatacgagaaaatgagcagttcttc	1	0	1	1	1
clonotype3760	UNK_S	1	TRAV10*01	TRAJ43*01			TRBV5-1*01	TRBJ2-2*01	CVVSARGPRDDMRF	tgtgtggtgagcgcgaggggcccaagggatgacatgcgcttt			CASQRASPNTGELFF	tgcgccagccaaagggccagcccgaacaccggggagctgtttttt	1	0	1	1	1
clonotype3761	UNK_S	1	TRAV8-2*01	TRAJ5*01			TRBV12-4*01	TRBJ2-5*01	CVVSETDTGRRALTF	tgtgttgtgagtgagacggacacgggcaggagagcacttactttt			CASNKAGSPKTQYF	tgtgccagcaataaagcggggtcccccaagacccagtacttc	1	0	1	1	1
clonotype3762	UNK_S	1	TRAV12-2*01	TRAJ11*01			TRBV3-1*01	TRBJ1-6*01	CAVNILNSGYSTLTF	tgtgccgtgaacatcttgaattcaggatacagcaccctcaccttt			CASSQNSGEYSPLHF	tgtgccagcagccaaaactcaggggagtactcacccctccacttt	1	0	1	1	1
clonotype3763	UNK_S	1	TRAV14/DV4*01	TRAJ43*01			TRBV3-1*01	TRBJ1-6*01	CAMREGANNDMRF	tgtgcaatgagagagggcgctaacaatgacatgcgcttt			CASSSRGSYNSPLHF	tgtgccagcagctcccggggctcctataattcacccctccacttt	1	0	1	1	1
clonotype3764	UNK_S	1	TRAV19*01	TRAJ9*01			TRBV4-1*01	TRBJ2-1*01	CALSYTGGFKTIF	tgtgctctgagttatactggaggcttcaaaactatcttt			CASSQVLAEYNEQFF	tgcgccagcagccaagtactagcggagtacaatgagcagttcttc	1	0	1	1	1
clonotype3765	UNK_S	1	TRAV12-3*01	TRAJ8*01			TRBV4-1*01	TRBJ2-7*01	CAMSLNTGFQKLVF	tgtgcaatgagcctgaacacaggctttcagaaacttgtattt			CASSPGGLANDEQYF	tgcgccagcagcccagggggactagcgaacgacgagcagtacttc	1	0	1	1	1
clonotype3766	UNK_S	1	TRAV3*01	TRAJ12*01			TRBV4-2*01	TRBJ2-1*01	CAVRDGMDSSYKLIF	tgtgctgtgagagacgggatggatagcagctataaattgatcttc			CASSQDKTGGDEQFF	tgtgccagcagccaagataaaacgggaggcgatgagcagttcttc	1	0	1	1	1
clonotype3767	UNK_S	1	TRAV14/DV4*01	TRAJ43*01			TRBV4-2*01	TRBJ1-4*01	CAMREVVNNDMRF	tgtgcaatgagagaggtcgttaacaatgacatgcgcttt			CASSPDRGLSEKLFF	tgtgccagcagcccggacagggggcttagcgaaaaactgtttttt	1	0	1	1	1
clonotype3768	UNK_S	1	TRAV13-2*01	TRAJ52*01			TRBV4-3*01	TRBJ1-6*01	CAERAGGTSYGKLTF	tgtgcagagcgagctggtggtactagctatggaaagctgacattt			CASSQVVWGNSPLHF	tgcgccagcagccaagtagtatggggcaattcacccctccacttt	1	0	1	1	1
clonotype3769	UNK_S	1	TRAV12-2*01	TRAJ37*01			TRBV4-3*01	TRBJ1-5*01	CAVNEGSSNTGKLIF	tgtgccgtgaatgaaggctctagcaacacaggcaaactaatcttt			CASRLRRMSNQPQHF	tgcgccagcaggttaaggaggatgagcaatcagccccagcatttt	1	0	1	1	1
clonotype377	UNK_S	1	TRAV21*01	TRAJ11*01	TRAV20*01	TRAJ15*01	TRBV30*01	TRBJ1-3*01	CAPRRESGYSTLTF	tgtgctccccgccgagaatcaggatacagcaccctcaccttt	CATFNQAGTALIF	tgtgctaccttcaaccaggcaggaactgctctgatcttt	CAWSHLRVDTIYF	tgtgcctggagtcacctccgggtagacaccatatatttt	2	1	2	2	1
clonotype3770	UNK_S	1	TRAV12-2*01	TRAJ44*01			TRBV4-3*01	TRBJ1-6*01	CAVNPRTGTASKLTF	tgtgccgtgaacccccggaccggcactgccagtaaactcaccttt			CASSVQGSGNSPLHF	tgcgccagctcagtacagggttcgggaaattcacccctccacttt	1	0	1	1	1
clonotype3771	UNK_S	1	TRAV30*01	TRAJ42*01			TRBV9*01	TRBJ2-2*01	CGTESVEGGSQGNLIF	tgcggcacagagtcggtggagggaggaagccaaggaaatctcatcttt			CASRGAGGISGELFF	tgtgccagcagaggagcgggagggatttccggggagctgtttttt	1	0	1	1	1
clonotype3772	UNK_S	1	TRAV17*01	TRAJ42*01			TRBV9*01	TRBJ2-1*01	CATDVDYGGSQGNLIF	tgtgctacggacgtggattatggaggaagccaaggaaatctcatcttt			CASSPTSGRANEQFF	tgtgccagcagcccgactagcgggagggcgaatgagcagttcttc	1	0	1	1	1
clonotype3773	UNK_S	1	TRAV8-4*01	TRAJ9*01			TRBV9*01	TRBJ1-3*01	CAVSDSGTGGFKTIF	tgtgctgtgagtgattctggtactggaggcttcaaaactatcttt			CASSPGTGSGNTIYF	tgtgccagcagccctgggacagggtctggaaacaccatatatttt	1	0	1	1	1
clonotype3774	UNK_S	1	TRAV38-2/DV8*01	TRAJ12*01			TRBV9*01	TRBJ1-2*01	CAFEMDSSYKLIF	tgtgcttttgagatggatagcagctataaattgatcttc			CASSGRQGSNYGYTF	tgtgccagcagcggacgacaggggagcaactatggctacaccttc	1	0	1	1	1
clonotype3775	UNK_S	1	TRAV19*01	TRAJ20*01			TRBV9*01	TRBJ2-3*01	CALSEASDYKLSF	tgtgctctgagtgaggcgtccgactacaagctcagcttt			CASSGTGTQPDTQYF	tgtgccagcagcggtaccgggacccagccagatacgcagtatttt	1	0	1	1	1
clonotype3776	UNK_S	1	TRAV5*01	TRAJ45*01			TRBV9*01	TRBJ2-5*01	CAESIEGGGADGLTF	tgtgcagagagtatagagggaggaggtgctgacggactcaccttt			CASSVGVAGAETQYF	tgtgccagcagcgtaggggtagcgggtgcagagacccagtacttc	1	0	1	1	1
clonotype3777	UNK_S	1	TRAV36/DV7*01	TRAJ29*01			TRBV9*01	TRBJ1-1*01	CAVHLRNSGNTPLVF	tgtgctgtccacttgcggaattcaggaaacacacctcttgtcttt			CASSVVGTSGTEAFF	tgtgccagcagcgtagtcggcacctcaggaactgaagctttcttt	1	0	1	1	1
clonotype3778	UNK_S	1	TRAV13-1*01	TRAJ56*01			TRBV14*01	TRBJ2-1*01	CAASIPTTGANSKLTF	tgtgcagcaagtatccccactactggagccaatagtaagctgacattt			CASSRRARYNEQFF	tgtgccagcagccggagggccaggtacaatgagcagttcttc	1	0	1	1	1
clonotype3779	UNK_S	1	TRAV17*01	TRAJ18*01			TRBV19*01	TRBJ1-1*01	CATANFDRGSTLGRLYF	tgtgctacggccaacttcgacagaggctcaaccctggggaggctatacttt			CASSRQGALNTEAFF	tgtgccagtagccgacagggggcgttgaacactgaagctttcttt	1	0	1	1	1
clonotype378	UNK_S	1	TRAV2*01	TRAJ17*01			TRBV30*01	TRBJ2-1*01	CAVAGAAGNKLTF	tgtgctgtggcgggagctgcaggcaacaagctaactttt			CAWSARTSDEQFF	tgtgcctggagtgctcggactagcgatgagcagttcttc	1	0	1	1	1
clonotype3780	UNK_S	1	TRAV14/DV4*01	TRAJ43*01			TRBV19*01	TRBJ2-7*01	CAMREVYNNNDMRF	tgtgcaatgagagaggtatacaataacaatgacatgcgcttt			CASRTGTGISYEQYF	tgtgccagtaggaccgggacagggatatcctacgagcagtacttc	1	0	1	1	1
clonotype3781	UNK_S	1	TRAV8-6*01	TRAJ17*01			TRBV19*01	TRBJ1-2*01	CAVSDRRSAAGNKLTF	tgtgctgtgagtgatcggcgcagtgctgcaggcaacaagctaactttt			CASSPRFLQGYGYTF	tgtgccagtagtcctcggtttttacaagggtatggctacaccttc	1	0	1	1	1
clonotype3782	UNK_S	1	TRAV8-3*01	TRAJ4*01			TRBV6-6*01	TRBJ2-7*01	CAVGPKFSGGYNKLIF	tgtgctgtgggtcctaagttttctggtggctacaataagctgattttt			CASTATGFSSYEQYF	tgtgccagcaccgctacagggtttagctcctacgagcagtacttc	1	0	1	1	1
clonotype3783	UNK_S	1	TRAV12-2*01	TRAJ38*01			TRBV6-5*01	TRBJ1-2*01	CAVLPVYAGNNRKLIW	tgtgccgtccttcctgtttatgctggcaacaaccgtaagctgatttgg			CASSYSRGGDYGYTF	tgtgccagcagttactctcggggcggtgactatggctacaccttc	1	0	1	1	1
clonotype3784	UNK_S	1	TRAV38-1*01	TRAJ49*01			TRBV6-2*01	TRBJ2-1*01	CAFMKHYTGNQFYF	tgtgctttcatgaagcattacaccggtaaccagttctatttt			CASSYGTVQPREQFF	tgtgccagcagttacgggacggtgcaaccccgtgagcagttcttc	1	0	1	1	1
clonotype3785	UNK_S	1	TRAV19*01	TRAJ13*01			TRBV6-2*01	TRBJ1-5*01	CALVGSGGYQKVTF	tgtgctctcgtcggttctgggggttaccagaaagttaccttt			CASSYSLTANQPQHF	tgtgccagcagttactctctgacagcgaatcagccccagcatttt	1	0	1	1	1
clonotype3786	UNK_S	1	TRAV38-1*01	TRAJ54*01			TRBV2*01	TRBJ1-5*01	CAFMKPQGAQKLVF	tgtgctttcatgaagccccagggagcccagaagctggtattt			CASSPRGQYQPQHF	tgtgccagcagtcctaggggacagtatcagccccagcatttt	1	0	1	1	1
clonotype3787	UNK_S	1	TRAV12-1*01	TRAJ13*01			TRBV28*01	TRBJ2-4*01	CVVKRDMNSGGYQKVTF	tgtgtggtgaagcgggatatgaattctgggggttaccagaaagttaccttt			CASTADRVTKNIQYF	tgtgccagcaccgcggacagggtgaccaaaaacattcagtacttc	1	0	1	1	1
clonotype3788	UNK_S	1	TRAV8-1*01	TRAJ37*01			TRBV28*01	TRBJ1-5*01	CAVNARGSSNTGKLIF	tgtgccgtgaatgcacggggctctagcaacacaggcaaactaatcttt			CASSPIRRSNQPQHF	tgtgccagcagcccaatcagacggagcaatcagccccagcatttt	1	0	1	1	1
clonotype3789	UNK_S	1	TRAV38-2/DV8*01	TRAJ44*01			TRBV28*01	TRBJ1-6*01	CAYRSPGTASKLTF	tgtgcttataggagccccggcactgccagtaaactcaccttt			CASRPPDRPNSPLHF	tgtgccagcaggcctccggaccgaccaaattcacccctccacttt	1	0	1	1	1
clonotype379	UNK_S	1	TRAV12-1*01	TRAJ33*01			TRBV30*01	TRBJ1-2*01	CVVSAVGNYQLIW	tgtgtggtgagtgcggttggcaactatcagttaatctgg			CAWAPGGNYGYTF	tgtgcctgggccccgggggggaactatggctacaccttc	1	0	1	1	1
clonotype3790	UNK_S	1	TRAV14/DV4*01	TRAJ56*01			TRBV28*01	TRBJ1-2*01	CAMRDVGAGSKLTF	tgtgcaatgagagacgtgggggcggggagtaagctgacattt			CASRSRGLHNYGYTF	tgtgccagcaggtcgagggggctgcataactatggctacaccttc	1	0	1	1	1
clonotype3791	UNK_S	1	TRAV12-3*01	TRAJ6*01			TRBV28*01	TRBJ2-7*01	CAMSFASGGSYIPTF	tgtgcaatgagctttgcatcaggaggaagctacatacctacattt			CASSPGTGGYYEQYF	tgtgccagcagtccggggacagggggctactacgagcagtacttc	1	0	1	1	1
clonotype3792	UNK_S	1	TRAV13-1*01	TRAJ45*01			TRBV28*01	TRBJ1-6*01	CAASRGGSGGGADGLTF	tgtgcagcaagtcgaggagggtcaggaggaggtgctgacggactcaccttt			CASSLYQGAYSPLHF	tgtgccagcagtttataccagggggcgtattcacccctccacttt	1	0	1	1	1
clonotype3793	UNK_S	1	TRAV8-1*01	TRAJ32*01			TRBV28*01	TRBJ2-5*01	CAVNGAHGGATNKLIF	tgtgccgtgaatggtgcccacggtggtgctacaaacaagctcatcttt			CASSFRRRPRETQYF	tgtgccagcagtttcagacggcggccccgcgagacccagtacttc	1	0	1	1	1
clonotype3795	UNK_S	1	TRAV8-6*01	TRAJ48*01			TRBV7-9*01	TRBJ2-7*01	CAVSPTSNFGNEKLTF	tgtgctgtgagtccaacatctaactttggaaatgagaaattaaccttt			CASSLTGEFYEQYF	tgtgccagcagtttaacaggggaattctacgagcagtacttc	1	0	1	1	1
clonotype3796	UNK_S	1	TRAV19*01	TRAJ31*01			TRBV7-3*01	TRBJ2-3*01	CALSESYNNARLMF	tgtgctctgagtgagtcctataacaatgccagactcatgttt			CASSFRGATDTQYF	tgtgccagcagctttaggggtgccacagatacgcagtatttt	1	0	1	1	1
clonotype3797	UNK_S	1	TRAV38-1*01	TRAJ40*01			TRBV11-2*01	TRBJ2-3*01	CAFMTPRRTYKYIF	tgtgctttcatgacccctaggcgaacctacaaatacatcttt			CASSTTARADTQYF	tgtgccagcagcaccacggcgagagcggatacgcagtatttt	1	0	1	1	1
clonotype3798	UNK_S	1	TRAV3*01	TRAJ24*01			TRBV7-8*01	TRBJ2-7*01	CAVRDLTTDSWGKLQF	tgtgctgtgagagacttgacaactgacagctgggggaaattgcagttt			CASTNNRDTYEQYF	tgtgccagcaccaataaccgggacacctacgagcagtacttc	1	0	1	1	1
clonotype3799	UNK_S	1	TRAV19*01	TRAJ30*01			TRBV7-8*01	TRBJ2-1*01	CALSEADRDDKIIF	tgtgctctgagtgaggccgacagagatgacaagatcatcttt			CASSISGVYNEQFF	tgtgccagcagcataagcggagtttacaatgagcagttcttc	1	0	1	1	1
clonotype38	UNK_S	2	TRAV5*01	TRAJ31*01			TRBV20-1*01	TRBJ1-2*01	CAEDNNARLMF	tgtgcagaggataacaatgccagactcatgttt			CSARDRVGNGYTF	tgcagtgctagagatcgggttggtaatggctacaccttc	2	0	2	1	1
clonotype3800	UNK_S	1	TRAV38-2/DV8*01	TRAJ42*01			TRBV7-8*01	TRBJ2-5*01	CAYLGGGSQGNLIF	tgtgcttacctagggggaggaagccaaggaaatctcatcttt			CASSLGTRQETQYF	tgtgccagcagcttagggacacgacaagagacccagtacttc	1	0	1	1	1
clonotype3801	UNK_S	1	TRAV19*01	TRAJ16*01			TRBV7-8*01	TRBJ1-5*01	CALTLLSDGQKLLF	tgtgctctgaccttgctttcagatggccagaagctgctcttt			CASSLTGFYQPQHF	tgtgccagcagcttgacaggtttctatcagccccagcatttt	1	0	1	1	1
clonotype3802	UNK_S	1	TRAV13-2*01	TRAJ18*01			TRBV7-2*01	TRBJ2-5*01	CAEKGNRGSTLGRLYF	tgtgcagagaaagggaacagaggctcaaccctggggaggctatacttt			CASSPHRARETQYF	tgtgccagcagccctcaccgggcgcgggagacccagtacttc	1	0	1	1	1
clonotype3803	UNK_S	1	TRAV19*01	TRAJ31*01			TRBV7-2*01	TRBJ2-2*01	CALSEVWNNARLMF	tgtgctctgagtgaggtgtggaacaatgccagactcatgttt			CASSLNKNTGELFF	tgtgccagcagcttgaacaagaacaccggggagctgtttttt	1	0	1	1	1
clonotype3804	UNK_S	1	TRAV12-3*01	TRAJ45*01			TRBV10-2*01	TRBJ1-1*01	CAMRVAGGGADGLTF	tgtgcaatgagggtggcaggaggaggtgctgacggactcaccttt			CASSPLGAQNTEAFF	tgcgccagcagcccgttaggggcccagaacactgaagctttcttt	1	0	1	1	1
clonotype3805	UNK_S	1	TRAV8-3*01	TRAJ45*01			TRBV7-6*01	TRBJ2-3*01	CAVGRGSGGGADGLTF	tgtgctgtggggaggggttcaggaggaggtgctgacggactcaccttt			CASSNQQSTDTQYF	tgtgccagcagcaaccaacagagcacagatacgcagtatttt	1	0	1	1	1
clonotype3806	UNK_S	1	TRAV8-2*01	TRAJ4*01			TRBV27*01	TRBJ1-5*01	CVVSALGSGGYNKLIF	tgtgttgtgagtgctctaggatctggtggctacaataagctgattttt			CASSPGLGSGQPQHF	tgtgccagcagtccgggactggggagcggtcagccccagcatttt	1	0	1	1	1
clonotype3807	UNK_S	1	TRAV29/DV5*01	TRAJ41*01	TRAV23/DV6*01	TRAJ31*01	TRBV27*01	TRBJ1-5*01	CAAGPWALNF	tgtgcagcggggccgtgggcactcaacttc	CAARDNARLMF	tgtgcagcaagggacaatgccagactcatgttt	CASSLDRRSNQPQHF	tgtgccagcagtttggacagacgtagcaatcagccccagcatttt	2	1	2	2	1
clonotype3808	UNK_S	1	TRAV14/DV4*01	TRAJ49*01			TRBV27*01	TRBJ1-6*01	CAMREGPTGNQFYF	tgtgcaatgagagagggccccaccggtaaccagttctatttt			CASQKRAIYNSPLHF	tgtgccagtcagaagcgggccatatataattcacccctccacttt	1	0	1	1	1
clonotype3809	UNK_S	1	TRAV3*01	TRAJ42*01			TRBV5-6*01	TRBJ1-6*01	CAVRDGLFGSQGNLIF	tgtgctgtgagagacggactcttcggaagccaaggaaatctcatcttt			CASTTSGYYNSPLHF	tgtgccagcaccacctcaggttattataattcacccctccacttt	1	0	1	1	1
clonotype381	UNK_S	1	TRAV12-1*01	TRAJ40*01			TRBV29-1*01	TRBJ1-1*01	CVAVISGTYKYIF	tgtgtggcggtcatctcaggaacctacaaatacatcttt			CSVGGPLNTEAFF	tgcagcgtgggcggacctttgaacactgaagctttcttt	1	0	1	1	1
clonotype3810	UNK_S	1	TRAV14/DV4*01	TRAJ11*01			TRBV5-6*01	TRBJ2-5*01	CAMSPETRYSTLTF	tgtgcaatgagcccagagacaagatacagcaccctcaccttt			CASSLGQRFQETQYF	tgtgccagcagcttaggacagcgattccaagagacccagtacttc	1	0	1	1	1
clonotype3811	UNK_S	1	TRAV21*01	TRAJ42*01			TRBV5-6*01	TRBJ1-1*01	CAVSPWNYGGSQGNLIF	tgtgctgtgagcccctggaattatggaggaagccaaggaaatctcatcttt			CASSLPRSLNTEAFF	tgtgccagcagcttgccccgcagcctgaacactgaagctttcttt	1	0	1	1	1
clonotype3812	UNK_S	1	TRAV38-1*01	TRAJ49*01			TRBV5-4*01	TRBJ2-1*01	CAFMNLNTGNQFYF	tgtgctttcatgaatctgaacaccggtaaccagttctatttt			CASSSRTGHYNEQFF	tgtgccagcagctcgaggacaggacactacaatgagcagttcttc	1	0	1	1	1
clonotype3813	UNK_S	1	TRAV9-2*01	TRAJ53*01			TRBV5-5*01	TRBJ1-5*01	CALRTSYSGGSNYKLTF	tgtgctctgaggacgtcttatagtggaggtagcaactataaactgacattt			CASSLPDRVGQPQHF	tgtgccagcagcttgcccgacagggtaggtcagccccagcatttt	1	0	1	1	1
clonotype3814	UNK_S	1	TRAV8-3*01	TRAJ42*01			TRBV5-4*01	TRBJ2-2*01	CAVGRPYGGSQGNLIF	tgtgctgtggggcggccttatggaggaagccaaggaaatctcatcttt			CASSTRDRVPGELFF	tgtgccagcagcacccgggacagggtacccggggagctgtttttt	1	0	1	1	1
clonotype3815	UNK_S	1	TRAV38-2/DV8*01	TRAJ30*01			TRBV5-4*01	TRBJ2-3*01	CAYRSLNRDDKIIF	tgtgcttataggtccttgaacagagatgacaagatcatcttt			CASSLKRLGGDTQYF	tgtgccagcagcttgaaaaggttggggggagatacgcagtatttt	1	0	1	1	1
clonotype3816	UNK_S	1	TRAV12-3*01	TRAJ10*01			TRBV5-4*01	TRBJ1-3*01	CAMRTLTGGGNKLTF	tgtgcaatgaggacactcacgggaggaggaaacaaactcaccttt			CASSLGTGSGNTIYF	tgtgccagcagcttgggtacgggctctggaaacaccatatatttt	1	0	1	1	1
clonotype3817	UNK_S	1	TRAV14/DV4*01	TRAJ5*01			TRBV5-4*01	TRBJ1-1*01	CAMRVDTGRRALTF	tgtgcaatgagagtggacacgggcaggagagcacttactttt			CASRRLTELNTEAFF	tgtgccagcaggaggctaacggagttgaacactgaagctttcttt	1	0	1	1	1
clonotype3818	UNK_S	1	TRAV8-6*01	TRAJ23*01			TRBV5-4*01	TRBJ2-1*01	CAVSGMIYNQGGKLIF	tgtgctgtgagtggtatgatttataaccagggaggaaagcttatcttc			CASDSGTLESNEQFF	tgtgccagcgactccgggacacttgaaagtaatgagcagttcttc	1	0	1	1	1
clonotype3819	UNK_S	1	TRAV19*01	TRAJ6*01			TRBV5-1*01	TRBJ2-5*01	CALSLSGGSYIPTF	tgtgctctgagtctatcaggaggaagctacatacctacattt			CASSPSRVHQETQYF	tgcgccagcagcccgagtagggtccaccaagagacccagtacttc	1	0	1	1	1
clonotype382	UNK_S	1	TRAV25*01	TRAJ53*01			TRBV29-1*01	TRBJ1-1*01	CAGQNSGGSNYKLTF	tgtgcagggcagaatagtggaggtagcaactataaactgacattt			CSVERRLNTEAFF	tgcagcgttgaaaggcgcctgaacactgaagctttcttt	1	0	1	1	1
clonotype3820	UNK_S	1	TRAV17*01	TRAJ52*01			TRBV5-1*01	TRBJ2-5*01	CATGPNAGGTSYGKLTF	tgtgctacgggccccaatgctggtggtactagctatggaaagctgacattt			CASSVTGARGQTQYF	tgcgccagcagcgtgacaggggcccggggtcagacccagtacttc	1	0	1	1	1
clonotype3821	UNK_S	1	TRAV13-2*01	TRAJ45*01			TRBV5-1*01	TRBJ2-1*01	CAENIRSGGGADGLTF	tgtgcagagaatatacgatcaggaggaggtgctgacggactcaccttt			CASSLQGVHVNEQFF	tgcgccagcagcttgcaaggggttcacgtcaatgagcagttcttc	1	0	1	1	1
clonotype3822	UNK_S	1	TRAV14/DV4*01	TRAJ48*01			TRBV12-4*01	TRBJ1-1*01	CAMSPNFGNEKLTF	tgtgcaatgagtccaaactttggaaatgagaaattaaccttt			CASRDRGGDTEAFF	tgtgccagcagggacagggggggtgacactgaagctttcttt	1	0	1	1	1
clonotype3823	UNK_S	1	TRAV14/DV4*01	TRAJ39*01			TRBV12-4*01	TRBJ1-1*01	CAMRSNNAGNMLTF	tgtgcaatgaggagtaataatgcaggcaacatgctcaccttt			CASSLRGRKTEAFF	tgtgccagcagtttaaggggaagaaagactgaagctttcttt	1	0	1	1	1
clonotype3825	UNK_S	1	TRAV14/DV4*01	TRAJ9*01			TRBV3-1*01	TRBJ2-5*01	CAMREDTGGFKTIF	tgtgcaatgagagaagatactggaggcttcaaaactatcttt			CASSRTSGRVETQYF	tgtgccagcagccggactagcgggagggtagagacccagtacttc	1	0	1	1	1
clonotype3826	UNK_S	1	TRAV38-1*01	TRAJ49*01			TRBV4-1*01	TRBJ2-7*01	CAFLKGNTGNQFYF	tgtgctttcttgaaggggaacaccggtaaccagttctatttt			CASSDTGTGVYEQYF	tgcgccagcagcgataccgggacaggggtttacgagcagtacttc	1	0	1	1	1
clonotype3827	UNK_S	1	TRAV8-1*01	TRAJ32*01			TRBV4-2*01	TRBJ2-2*01	CAVNAEYGGATNKLIF	tgtgccgtgaatgcggaatatggtggtgctacaaacaagctcatcttt			CASSQGTMNTGELFF	tgtgccagcagccaagggaccatgaacaccggggagctgtttttt	1	0	1	1	1
clonotype3828	UNK_S	1	TRAV20*01	TRAJ52*01			TRBV4-2*01	TRBJ1-5*01	CAVTLNAGGTSYGKLTF	tgtgctgtgacattaaatgctggtggtactagctatggaaagctgacattt			CASSQTTGGGQPQHF	tgtgccagcagccagaccacagggggcggtcagccccagcatttt	1	0	1	1	1
clonotype3829	UNK_S	1	TRAV9-1*01	TRAJ39*01			TRBV4-3*01	TRBJ1-1*01	CALSLRLPRNAGNMLTF	tgtgctctgagtcttagactaccccgtaatgcaggcaacatgctcaccttt			CASSRAGTGNTEAFF	tgcgccagcagccgagccgggacagggaacactgaagctttcttt	1	0	1	1	1
clonotype383	UNK_S	1	TRAV12-3*01	TRAJ50*01			TRBV29-1*01	TRBJ1-5*01	CATVGGDKVIF	tgtgcaacggtggggggcgacaaggtgatattt			CSVVVQGGQPQHF	tgcagcgttgtagttcagggagggcagccccagcatttt	1	0	1	1	1
clonotype3830	UNK_S	1	TRAV19*01	TRAJ33*01			TRBV9*01	TRBJ2-5*01	CALSGMDSNYQLIW	tgtgctctgagtgggatggatagcaactatcagttaatctgg			CASSGSGRLQETQYF	tgtgccagcagcggtagcgggaggttgcaagagacccagtacttc	1	0	1	1	1
clonotype3831	UNK_S	1	TRAV38-2/DV8*01	TRAJ39*01			TRBV9*01	TRBJ2-3*01	CAYRTPDAGNMLTF	tgtgcttataggactcctgatgcaggcaacatgctcaccttt			CASSVQGLSTDTQYF	tgtgccagcagcgtacagggactgagcacagatacgcagtatttt	1	0	1	1	1
clonotype3832	UNK_S	1	TRAV41*01	TRAJ45*01			TRBV9*01	TRBJ2-1*01	CAVSPMYSGGGADGLTF	tgtgctgtctcccccatgtattcaggaggaggtgctgacggactcaccttt			CASSVGVAGYNEQFF	tgtgccagcagcgtaggggtagcgggatacaatgagcagttcttc	1	0	1	1	1
clonotype3833	UNK_S	1	TRAV41*01	TRAJ42*01			TRBV11-3*01	TRBJ2-1*01	CAVGSRGYGGSQGNLIF	tgtgctgtcgggtctcgggggtatggaggaagccaaggaaatctcatcttt			CASSLAGTYNEQFF	tgtgccagcagcctagcggggacctacaatgagcagttcttc	1	0	1	1	1
clonotype3834	UNK_S	1	TRAV19*01	TRAJ35*01			TRBV19*01	TRBJ2-1*01	CALSEAEGFGNVLHC	tgtgctctgagtgaggcagaaggctttgggaatgtgctgcattgc			CASSISAGGPGEQFF	tgtgccagtagtatttccgcgggagggccaggagagcagttcttc	1	0	1	1	1
clonotype3835	UNK_S	1	TRAV14/DV4*01	TRAJ26*01			TRBV19*01	TRBJ1-6*01	CAMREGDNYGQNFVF	tgtgcaatgagagagggggataactatggtcagaattttgtcttt			CASSPTGGYNSPLHF	tgtgccagtagtcccacagggggctataattcacccctccacttt	1	0	1	1	1
clonotype3836	UNK_S	1	TRAV3*01	TRAJ28*01			TRBV19*01	TRBJ2-3*01	CAVRDIDSGAGSYQLTF	tgtgctgtgagagacatagactctggggctgggagttaccaactcactttc			CASSVRTGRADTQYF	tgtgccagtagtgttcggacagggcgggcagatacgcagtatttt	1	0	1	1	1
clonotype3837	UNK_S	1	TRAV8-2*01	TRAJ12*01			TRBV19*01	TRBJ1-5*01	CVVSDRRRGDSSYKLIF	tgtgttgtgagtgatcggcggaggggggatagcagctataaattgatcttc			CASSTSVYSNQPQHF	tgtgccagtagcacaagcgtttatagcaatcagccccagcatttt	1	0	1	1	1
clonotype3838	UNK_S	1	TRAV14/DV4*01	TRAJ40*01			TRBV6-6*01	TRBJ1-1*01	CAMREGTSGTYKYIF	tgtgcaatgagagaggggacctcaggaacctacaaatacatcttt			CASSPGQGKRTEAFF	tgtgccagcagtcccggacaggggaaacggactgaagctttcttt	1	0	1	1	1
clonotype3839	UNK_S	1	TRAV38-2/DV8*01	TRAJ40*01			TRBV6-6*01	TRBJ1-1*01	CAYLPSTSGTYKYIF	tgtgcttatcttccatctacctcaggaacctacaaatacatcttt			CASSFLRPSNTEAFF	tgtgccagcagtttccttaggccctcgaacactgaagctttcttt	1	0	1	1	1
clonotype384	UNK_S	1	TRAV21*01	TRAJ37*01	TRAV20*01	TRAJ42*01	TRBV29-1*01	TRBJ2-1*01	CAHGSSNTGKLIF	tgtgcacatggctctagcaacacaggcaaactaatcttt	CAVHSGGSQGNLIF	tgtgctgtgcattctggaggaagccaaggaaatctcatcttt	CSSWTSLYNEQFF	tgcagctcgtggacaagtctttacaatgagcagttcttc	2	1	2	2	1
clonotype3840	UNK_S	1	TRAV14/DV4*01	TRAJ32*01			TRBV6-5*01	TRBJ1-5*01	CAMRGPGGATNKLIF	tgtgcaatgagaggtcctggtggtgctacaaacaagctcatcttt			CASSWGRGTYQPQHF	tgtgccagcagttggggacggggaacttatcagccccagcatttt	1	0	1	1	1
clonotype3841	UNK_S	1	TRAV19*01	TRAJ45*01			TRBV6-1*01	TRBJ1-3*01	CALSGPRGGADGLTF	tgtgctctgagtggcccgcgtgggggtgctgacggactcaccttt			CASRAGISVGNTIYF	tgtgccagcagagcggggatctctgtcggaaacaccatatatttt	1	0	1	1	1
clonotype3842	UNK_S	1	TRAV13-1*01	TRAJ39*01			TRBV6-1*01	TRBJ2-1*01	CAASIRVGGNNAGNMLTF	tgtgcagcaagtatacgggtgggggggaataatgcaggcaacatgctcaccttt			CASSPGLVSYNEQFF	tgtgccagcagtccgggactagtctcctacaatgagcagttcttc	1	0	1	1	1
clonotype3843	UNK_S	1	TRAV12-2*01	TRAJ52*01			TRBV6-1*01	TRBJ2-7*01	CAVRGNAGGTSYGKLTF	tgtgccgtgagagggaatgctggtggtactagctatggaaagctgacattt			CASSENPGPSYEQYF	tgtgccagcagtgaaaacccgggaccttcctacgagcagtacttc	1	0	1	1	1
clonotype3844	UNK_S	1	TRAV8-6*01	TRAJ42*01			TRBV6-2*01	TRBJ1-5*01	CAVSDRNYGGSQGNLIF	tgtgctgtgagtgatcgaaattatggaggaagccaaggaaatctcatcttt			CASRSGQPGAQPQHF	tgtgccagcagatcgggacagcctggagctcagccccagcatttt	1	0	1	1	1
clonotype3845	UNK_S	1	TRAV29/DV5*01	TRAJ11*01			TRBV6-2*01	TRBJ1-5*01	CAASGYSTLTF	tgtgcagcttcaggatacagcaccctcaccttt			CASSFSFRARLPQHF	tgtgccagcagtttctccttccgggcccggttgccccagcatttt	1	0	1	1	1
clonotype3846	UNK_S	1	TRAV38-2/DV8*01	TRAJ57*01			TRBV18*01	TRBJ1-1*01	CAYRRAQGGSEKLVF	tgtgcttataggagagctcagggcggatctgaaaagctggtcttt			CASSWDRANTEAFF	tgtgccagctcatgggacagggcgaacactgaagctttcttt	1	0	1	1	1
clonotype3847	UNK_S	1	TRAV19*01	TRAJ54*01			TRBV12-4*01	TRBJ1-4*01	CALSERASGAQKLVF	tgtgctctgagtgagcgagcgtcaggagcccagaagctggtattt			CASSLNWGGAELFF	tgtgccagcagtttaaattgggggggagcggaactgtttttt	1	0	1	1	1
clonotype3848	UNK_S	1	TRAV29/DV5*01	TRAJ47*01			TRBV12-3*01	TRBJ1-1*01	CAARDGNKLVF	tgtgcagcaagggatggaaacaagctggtcttt			CASSLGQGGTEAFF	tgtgccagcagtttaggacaggggggcactgaagctttcttt	1	0	1	1	1
clonotype3849	UNK_S	1	TRAV38-1*01	TRAJ22*01			TRBV2*01	TRBJ2-1*01	CAFMKRVFHKRQLTF	tgtgctttcatgaagcgcgttttccataaaaggcaactgaccttt			CASSPGLADQEQFF	tgtgccagcagtccgggactagcagatcaagagcagttcttc	1	0	1	1	1
clonotype385	UNK_S	1	TRAV12-1*01	TRAJ15*01			TRBV29-1*01	TRBJ1-1*01	CVVNSQAGTALIF	tgtgtggtgaacagccaggcaggaactgctctgatcttt			CSLSVAGALGAFF	tgcagcttatcggtggcaggggcattaggagctttcttt	1	0	1	1	1
clonotype3851	UNK_S	1	TRAV14/DV4*01	TRAJ16*01	TRAV6*01	TRAJ36*01	TRBV28*01	TRBJ1-5*01	CAMRGVFSDGQKLLF	tgtgcaatgagaggggtattttcagatggccagaagctgctcttt	CALDPKTGANNLFF	tgtgctctagaccctaaaactggggcaaacaacctcttcttt	CASSSGQYSNQPQHF	tgtgccagcagctcgggacaatatagcaatcagccccagcatttt	2	1	2	2	1
clonotype3852	UNK_S	1	TRAV14/DV4*01	TRAJ48*01			TRBV28*01	TRBJ2-6*01	CAMRPTNFGNEKLTF	tgtgcaatgagaccaactaactttggaaatgagaaattaaccttt			CASSLTLSGANVLTF	tgtgccagcagtctgacactctcgggggccaacgtcctgactttc	1	0	1	1	1
clonotype3853	UNK_S	1	TRAV20*01	TRAJ17*01			TRBV28*01	TRBJ1-2*01	CAVHHPDLIKAAGNKLTF	tgtgctgtgcatcacccagacctgatcaaagctgcaggcaacaagctaactttt			CASSLGGARIYGYTF	tgtgccagcagtttgggaggggccagaatctatggctacaccttc	1	0	1	1	1
clonotype3854	UNK_S	1	TRAV38-1*01	TRAJ40*01			TRBV10-3*01	TRBJ2-2*01	CAFMRGTSGTYKYIF	tgtgctttcatgaggggtacctcaggaacctacaaatacatcttt			CANSVAGGNTGELFF	tgtgccaactcggtagcgggagggaacaccggggagctgtttttt	1	0	1	1	1
clonotype3855	UNK_S	1	TRAV19*01	TRAJ34*01			TRBV10-3*01	TRBJ2-1*01	CALSEAFPNTDKLIF	tgtgctctgagtgaggcgttccctaacaccgacaagctcatcttt			CAISERTSGSYEQFF	tgtgccatcagcgagaggactagcgggagctatgagcagttcttc	1	0	1	1	1
clonotype3856	UNK_S	1	TRAV36/DV7*01	TRAJ45*01	TRAV29/DV5*01	TRAJ54*01	TRBV7-9*01	TRBJ2-4*01	CAVETVFSGGGADGLTF	tgtgctgtggagacagtattctcaggaggaggtgctgacggactcaccttt	CAASVRGAQKLVF	tgtgcagcaagcgttcggggagcccagaagctggtattt	CASSLKGTKNIQYF	tgtgccagcagcttaaaagggaccaaaaacattcagtacttc	2	1	2	2	1
clonotype3857	UNK_S	1	TRAV14/DV4*01	TRAJ34*01			TRBV7-8*01	TRBJ2-1*01	CAMREGLYNTDKLIF	tgtgcaatgagagagggcttgtataacaccgacaagctcatcttt			CASSPGLEGNEQFF	tgtgccagcagcccgggactagagggtaatgagcagttcttc	1	0	1	1	1
clonotype3858	UNK_S	1	TRAV24*01	TRAJ3*01			TRBV7-6*01	TRBJ2-5*01	CAFKGPDSSASKIIF	tgtgcctttaaagggcctgacagcagtgcttccaagataatcttt			CASSQGPGLETQYF	tgtgccagcagccagggacctgggttagagacccagtacttc	1	0	1	1	1
clonotype3859	UNK_S	1	TRAV14/DV4*01	TRAJ54*01			TRBV27*01	TRBJ2-1*01	CAMRGIIQGAQKLVF	tgtgcaatgagaggtataattcagggagcccagaagctggtattt			CASTPQILSYNEQFF	tgtgccagcaccccccagattctctcctacaatgagcagttcttc	1	0	1	1	1
clonotype386	UNK_S	1	TRAV21*01	TRAJ39*01	TRAV21*01	TRAJ52*01	TRBV20-1*01	TRBJ1-4*01	CAALPGAGNMLTF	tgtgctgctctccctggtgcaggcaacatgctcaccttt	CAVSGAGGTSYGKLTF	tgtgctgtgagtggcgctggtggtactagctatggaaagctgacattt	CSAPDRDDEKLFF	tgcagtgccccggacagggatgatgaaaaactgtttttt	2	1	2	2	1
clonotype3860	UNK_S	1	TRAV19*01	TRAJ27*01			TRBV27*01	TRBJ2-5*01	CALSEEDTNAGKSTF	tgtgctctgagtgaagaagacaccaatgcaggcaaatcaaccttt			CASSSATALTETQYF	tgtgccagcagttcagccacggccctcacggagacccagtacttc	1	0	1	1	1
clonotype3861	UNK_S	1	TRAV19*01	TRAJ39*01			TRBV5-6*01	TRBJ1-3*01	CALSGLNNAGNMLTF	tgtgctctgagtgggcttaataatgcaggcaacatgctcaccttt			CASSPGTTFGNTIYF	tgtgccagcagcccagggaccacgtttggaaacaccatatatttt	1	0	1	1	1
clonotype3862	UNK_S	1	TRAV8-2*01	TRAJ12*01			TRBV5-6*01	TRBJ2-3*01	CVVSDGGWKDSSYKLIF	tgtgttgtgagtgacggggggtggaaggatagcagctataaattgatcttc			CASSPVRGSTDTQYF	tgtgccagcagcccggtacggggttccacagatacgcagtatttt	1	0	1	1	1
clonotype3863	UNK_S	1	TRAV24*01	TRAJ52*01			TRBV5-4*01	TRBJ2-5*01	CALNAGGTSYGKLTF	tgtgccttaaatgctggtggtactagctatggaaagctgacattt			CASSLLAGTKETQYF	tgtgccagcagcctactagcgggaacgaaggagacccagtacttc	1	0	1	1	1
clonotype3864	UNK_S	1	TRAV10*01	TRAJ4*01			TRBV5-1*01	TRBJ2-5*01	CVVSEMFSGGYNKLIF	tgtgtggtgagcgagatgttttctggtggctacaataagctgattttt			CASSWGRAIQETQYF	tgcgccagcagctggggaagggcgatccaagagacccagtacttc	1	0	1	1	1
clonotype3865	UNK_S	1	TRAV14/DV4*01	TRAJ6*01			TRBV12-4*01	TRBJ2-1*01	CAMREGRGGSYIPTF	tgtgcaatgagagagggccgaggaggaagctacatacctacattt			CASRPAGSYNEQFF	tgtgccagcaggccagcgggatcctacaatgagcagttcttc	1	0	1	1	1
clonotype3866	UNK_S	1	TRAV14/DV4*01	TRAJ16*01			TRBV4-1*01	TRBJ1-1*01	CAMREGNSDGQKLLF	tgtgcaatgagagaagggaactcagatggccagaagctgctcttt			CASSLSGGLNTEAFF	tgcgccagcagcctcagcggaggtttgaacactgaagctttcttt	1	0	1	1	1
clonotype3867	UNK_S	1	TRAV19*01	TRAJ29*01	TRAV23/DV6*01	TRAJ37*01	TRBV9*01	TRBJ2-2*01	CALSAPNSGNTPLVF	tgtgctctgagcgcccctaattcaggaaacacacctcttgtcttt	CAASVGTGKLIF	tgtgcagcaagcgtaggcacaggcaaactaatcttt	CASSTTGRVTGELFF	tgtgccagcagcacgacagggagggtcaccggggagctgtttttt	2	1	2	2	1
clonotype3868	UNK_S	1	TRAV13-2*01	TRAJ50*01			TRBV9*01	TRBJ2-1*01	CAEGGKGLKTSYDKVIF	tgtgcagaaggagggaaggggctgaaaacctcctacgacaaggtgatattt			CASSAGLAGDNEQFF	tgtgccagcagcgccggactagcgggagacaatgagcagttcttc	1	0	1	1	1
clonotype3869	UNK_S	1	TRAV14/DV4*01	TRAJ29*01			TRBV9*01	TRBJ2-2*01	CAMRDGYSGNTPLVF	tgtgcaatgagagacggatattcaggaaacacacctcttgtcttt			CASSGRLANTGELFF	tgtgccagcagcggccgactagcgaacaccggggagctgtttttt	1	0	1	1	1
clonotype387	UNK_S	1	TRAV3*01	TRAJ31*01			TRBV20-1*01	TRBJ2-3*01	CAVRDYGARLMF	tgtgctgtgagagattacggggccagactcatgttt			CSAPGLETDTQYF	tgcagtgccccgggactagagacagatacgcagtatttt	1	0	1	1	1
clonotype3870	UNK_S	1	TRAV19*01	TRAJ36*01			TRBV9*01	TRBJ1-4*01	CALSPSLSGANNLFF	tgtgctctgagtccgtcgctatctggggcaaacaacctcttcttt			CASSVGPVPYEKLFF	tgtgccagcagcgtaggtccagtcccttatgaaaaactgtttttt	1	0	1	1	1
clonotype3871	UNK_S	1	TRAV14/DV4*01	TRAJ9*01			TRBV9*01	TRBJ2-3*01	CAMRVEDTGGFKTIF	tgtgcaatgagagttgaggatactggaggcttcaaaactatcttt			CASSVRDLGTDTQYF	tgtgccagcagcgttcgggacctgggcacagatacgcagtatttt	1	0	1	1	1
clonotype3872	UNK_S	1	TRAV14/DV4*01	TRAJ34*01			TRBV14*01	TRBJ2-3*01	CAMREVFYNTDKLIF	tgtgcaatgagagaggttttttataacaccgacaagctcatcttt			CASSPRPSTDTQYF	tgtgccagcagcccccgacccagcacagatacgcagtatttt	1	0	1	1	1
clonotype3874	UNK_S	1	TRAV14/DV4*01	TRAJ50*01			TRBV6-4*01	TRBJ1-2*01	CAMREGLKTSYDKVIF	tgtgcaatgagagagggcctgaaaacctcctacgacaaggtgatattt			CASSGWTGTHYGYTF	tgtgccagcagtggatggacaggaacccactatggctacaccttc	1	0	1	1	1
clonotype3875	UNK_S	1	TRAV24*01	TRAJ48*01			TRBV19*01	TRBJ1-5*01	CASPNISNFGNEKLTF	tgtgcctcacccaatatatctaactttggaaatgagaaattaaccttt			CASSTYGGSNQPQHF	tgtgccagtagtacttatggggggagcaatcagccccagcatttt	1	0	1	1	1
clonotype3876	UNK_S	1	TRAV10*01	TRAJ4*01			TRBV19*01	TRBJ2-2*01	CVVSAGAFSGGYNKLIF	tgtgtggtgagcgcgggggcgttttctggtggctacaataagctgattttt			CASSIEVGPGGELFF	tgtgccagtagtatagaagtgggccccggcggggagctgtttttt	1	0	1	1	1
clonotype3877	UNK_S	1	TRAV19*01	TRAJ6*01			TRBV19*01	TRBJ2-5*01	CALSGLTSGGSYIPTF	tgtgctctgagtggcctgacatcaggaggaagctacatacctacattt			CASSYGTSGSETQYF	tgtgccagtagttacgggactagcgggagtgagacccagtacttc	1	0	1	1	1
clonotype3878	UNK_S	1	TRAV2*01	TRAJ37*01			TRBV6-6*01	TRBJ2-6*01	CAVEPRLLDGSSNTGKLIF	tgtgctgtggagcccagactacttgatggctctagcaacacaggcaaactaatcttt			CASSYGISGANVLTF	tgtgccagcagttacgggatctctggggccaacgtcctgactttc	1	0	1	1	1
clonotype3879	UNK_S	1	TRAV29/DV5*01	TRAJ39*01			TRBV6-5*01	TRBJ2-3*01	CAASGAGNMLTF	tgtgcagcaagcggtgcaggcaacatgctcaccttt			CASSLTSPGTDTQYF	tgtgccagcagcttgactagcccaggcacagatacgcagtatttt	1	0	1	1	1
clonotype388	UNK_S	1	TRAV9-2*01	TRAJ4*01			TRBV20-1*01	TRBJ1-1*01	CALLSGGYNKLIF	tgtgctctcctatctggtggctacaataagctgattttt			CSAPGGLDTEAFF	tgcagtgcccctggggggttggacactgaagctttcttt	1	0	1	1	1
clonotype3880	UNK_S	1	TRAV23/DV6*01	TRAJ49*01			TRBV6-5*01	TRBJ1-2*01	CAAVSNQFYF	tgtgcagcagtcagtaaccagttctatttt			CASSYSLAGGYGYTF	tgtgccagcagttattcccttgctggtggctatggctacaccttc	1	0	1	1	1
clonotype3881	UNK_S	1	TRAV10*01	TRAJ42*01			TRBV6-5*01	TRBJ2-2*01	CVVSPLNYGGSQGNLIF	tgtgtggtgagcccattgaattatggaggaagccaaggaaatctcatcttt			CASTAGTRNTGELFF	tgtgccagtacggcggggaccagaaacaccggggagctgtttttt	1	0	1	1	1
clonotype3882	UNK_S	1	TRAV13-2*01	TRAJ52*01			TRBV12-3*01	TRBJ1-6*01	CAENASNAGGTSYGKLTF	tgtgcagagaacgcttctaatgctggtggtactagctatggaaagctgacattt			CASSLNSGNSPLHF	tgtgccagcagtttaaattccggaaattcacccctccacttt	1	0	1	1	1
clonotype3883	UNK_S	1	TRAV29/DV5*01	TRAJ34*01			TRBV12-5*01	TRBJ2-7*01	CAASKNTDKLIF	tgtgcagcaagcaaaaacaccgacaagctcatcttt			CASASPGQPYEQYV	tgtgctagtgcctcaccgggacagccctacgagcagtacgtc	1	0	1	1	1
clonotype3884	UNK_S	1	TRAV19*01	TRAJ26*01			TRBV24-1*01	TRBJ2-1*01	CALSEGRDNYGQNFVF	tgtgctctgagtgagggccgggataactatggtcagaattttgtcttt			CATSDAGTLNNEQFF	tgtgccaccagtgatgccgggacccttaacaatgagcagttcttc	1	0	1	1	1
clonotype3885	UNK_S	1	TRAV13-2*01	TRAJ39*01			TRBV28*01	TRBJ1-4*01	CAENPALMNNNAGNMLTF	tgtgcagagaatccggccttgatgaataataatgcaggcaacatgctcaccttt			CASSTQGRGYEKLFF	tgtgccagcagtacacagggtcgtggatatgaaaaactgtttttt	1	0	1	1	1
clonotype3887	UNK_S	1	TRAV19*01	TRAJ3*01			TRBV11-2*01	TRBJ2-5*01	CALSEAGYSSASKIIF	tgtgctctgagtgaggcggggtacagcagtgcttccaagataatcttt			CASSLEPSMKTQYF	tgtgccagcagcttagagccctcgatgaagacccagtacttc	1	0	1	1	1
clonotype3888	UNK_S	1	TRAV19*01	TRAJ32*01			TRBV27*01	TRBJ1-1*01	CALSEGYGGATNKLIF	tgtgctctgagtgagggttatggtggtgctacaaacaagctcatcttt			CASSPTLTVNTEAFF	tgtgccagcagtcccaccttgacagtgaacactgaagctttcttt	1	0	1	1	1
clonotype3889	UNK_S	1	TRAV14/DV4*01	TRAJ50*01			TRBV27*01	TRBJ1-5*01	CAMRGTMKTSYDKVIF	tgtgcaatgagagggaccatgaaaacctcctacgacaaggtgatattt			CASSFAAYSNQPQHF	tgtgccagcagttttgcagcgtatagcaatcagccccagcatttt	1	0	1	1	1
clonotype389	UNK_S	1	TRAV9-2*01	TRAJ27*01			TRBV20-1*01	TRBJ2-2*01	CALRGTNAGKSTF	tgtgctctcaggggcaccaatgcaggcaaatcaaccttt			CSATRLATGELFF	tgcagtgcgacccgactagcaaccggggagctgtttttt	1	0	1	1	1
clonotype3890	UNK_S	1	TRAV8-2*01	TRAJ45*01			TRBV5-1*01	TRBJ2-2*01	CVVRGGRRSGGGADGLTF	tgtgttgtgaggggggggcgtaggtcaggaggaggtgctgacggactcaccttt			CASSPFGSGTGELFF	tgcgccagcagcccttttgggagtgggaccggggagctgtttttt	1	0	1	1	1
clonotype3891	UNK_S	1	TRAV19*01	TRAJ9*01			TRBV12-4*01	TRBJ1-1*01	CALSELLNTGGFKTIF	tgtgctctgagtgagcttctaaatactggaggcttcaaaactatcttt			CASSPGTQNTEAFF	tgtgccagcagtcccgggacacagaacactgaagctttcttt	1	0	1	1	1
clonotype3892	UNK_S	1	TRAV8-1*01	TRAJ52*01			TRBV9*01	TRBJ2-2*01	CAVNDPNAGGTSYGKLTF	tgtgccgtgaatgaccctaatgctggtggtactagctatggaaagctgacattt			CASSPRTDLPGELFF	tgtgccagcagcccccgaactgatctccccggggagctgtttttt	1	0	1	1	1
clonotype3893	UNK_S	1	TRAV29/DV5*01	TRAJ48*01			TRBV9*01	TRBJ2-2*01	CAAQFGNEKLTF	tgtgcggcccaatttggaaatgagaaattaaccttt			CASSPGGPNTGELFF	tgtgccagcagccctggggggcccaacaccggggagctgtttttt	1	0	1	1	1
clonotype3894	UNK_S	1	TRAV29/DV5*01	TRAJ37*01			TRBV9*01	TRBJ2-1*01	CAASSNTGKLIF	tgtgcagcctctagcaacacaggcaaactaatcttt			CASSELANSYNEQFF	tgtgccagcagcgaactagcgaattcctacaatgagcagttcttc	1	0	1	1	1
clonotype3895	UNK_S	1	TRAV38-2/DV8*01	TRAJ36*01			TRBV11-3*01	TRBJ1-2*01	CAYRSAIGTGANNLFF	tgtgcttataggagcgcgataggaactggggcaaacaacctcttcttt			CASSQQGAYYGYTF	tgtgccagcagccaacagggggcttactatggctacaccttc	1	0	1	1	1
clonotype3896	UNK_S	1	TRAV29/DV5*01	TRAJ49*01			TRBV15*01	TRBJ2-1*01	CAARSFGNQFYF	tgtgcagcaagatcgttcggtaaccagttctatttt			CATSPAGSGVNEQFF	tgtgccaccagccctgccgggagtggggtcaatgagcagttcttc	1	0	1	1	1
clonotype3897	UNK_S	1	TRAV29/DV5*01	TRAJ20*01			TRBV14*01	TRBJ2-3*01	CAASGNDYKLSF	tgtgcagcaagcggtaacgactacaagctcagcttt			CASSQGRHTDTQYF	tgtgccagcagccaaggacggcacacagatacgcagtatttt	1	0	1	1	1
clonotype3898	UNK_S	1	TRAV29/DV5*01	TRAJ13*01			TRBV19*01	TRBJ1-4*01	CAASAQGYQKVTF	tgtgcagcaagcgcgcagggttaccagaaagttaccttt			CASSMSRPTNEKLFF	tgtgccagtagtatgtcccgcccaactaatgaaaaactgtttttt	1	0	1	1	1
clonotype3899	UNK_S	1	TRAV14/DV4*01	TRAJ57*01			TRBV19*01	TRBJ2-1*01	CAMREGLSQGGSEKLVF	tgtgcaatgagagagggcttatctcagggcggatctgaaaagctggtcttt			CASSIADRKLLEQFF	tgtgccagtagtattgcggacaggaaactccttgagcagttcttc	1	0	1	1	1
clonotype39	UNK_S	2	TRAV13-1*01	TRAJ29*01			TRBV20-1*01	TRBJ2-7*01	CAASLRNTPLVF	tgtgcagcaagtttacgaaacacacctcttgtcttt			CSARAVGTGVGYEQYF	tgcagtgctagagcggttgggacaggggtgggctacgagcagtacttc	2	0	2	1	1
clonotype390	UNK_S	1	TRAV13-1*01	TRAJ6*01			TRBV20-1*01	TRBJ2-4*01	CAAFSGGSYIPTF	tgtgcagcattttcaggaggaagctacatacctacattt			CSATTGVQNIQYF	tgcagtgctacgacaggagtccaaaacattcagtacttc	1	0	1	1	1
clonotype3900	UNK_S	1	TRAV14/DV4*01	TRAJ52*01			TRBV6-2*01	TRBJ1-2*01	CAMRANAGGTSYGKLTF	tgtgcaatgagagctaatgctggtggtactagctatggaaagctgacattt			CASNSGGLGGYGYTF	tgtgccagcaactccggggggttaggaggatatggctacaccttc	1	0	1	1	1
clonotype3901	UNK_S	1	TRAV19*01	TRAJ42*01			TRBV30*01	TRBJ1-4*01	CALSEKNYGGSQGNLIF	tgtgctctgagtgagaagaattatggaggaagccaaggaaatctcatcttt			CAWSVPLRQGREEKLFF	tgtgcctggagtgtacccctcagacagggaagagaggaaaaactgtttttt	1	0	1	1	1
clonotype3902	UNK_S	1	TRAV29/DV5*01	TRAJ27*01			TRBV18*01	TRBJ2-2*01	CAAKPTNAGKSTF	tgtgcagcaaaacccaccaatgcaggcaaatcaaccttt			CASSLGVNTGELFF	tgtgccagctcgttgggcgtcaacaccggggagctgtttttt	1	0	1	1	1
clonotype3903	UNK_S	1	TRAV38-1*01	TRAJ57*01			TRBV2*01	TRBJ1-5*01	CAFMKHPTQGGSEKLVF	tgtgctttcatgaagcatccgactcagggcggatctgaaaagctggtcttt			CASTRDRGNQPQHF	tgtgccagcaccagggacaggggcaatcagccccagcatttt	1	0	1	1	1
clonotype3904	UNK_S	1	TRAV29/DV5*01	TRAJ26*01			TRBV2*01	TRBJ1-1*01	CAARNNYGQNFVF	tgtgcagcaagaaataactatggtcagaattttgtcttt			CASSEAETDLEAFF	tgtgccagcagtgaagcagagaccgacttagaagctttcttt	1	0	1	1	1
clonotype3905	UNK_S	1	TRAV29/DV5*01	TRAJ42*01			TRBV2*01	TRBJ1-1*01	CAASGGSQGNLIF	tgtgcagcaagcggaggaagccaaggaaatctcatcttt			CASSVAERGLEAFF	tgtgccagcagtgtcgcagagaggggtcttgaagctttcttt	1	0	1	1	1
clonotype3906	UNK_S	1	TRAV29/DV5*01	TRAJ53*01			TRBV24-1*01	TRBJ2-2*01	CAARGGSNYKLTF	tgtgcagcaaggggaggtagcaactataaactgacattt			CATSTGGVKAGELFF	tgtgccacctcgacagggggcgtaaaggccggggagctgtttttt	1	0	1	1	1
clonotype3907	UNK_S	1	TRAV19*01	TRAJ39*01			TRBV28*01	TRBJ2-2*01	CALSEGLYNNAGNMLTF	tgtgctctgagtgagggcctttataataatgcaggcaacatgctcaccttt			CASTDWGERNGELFF	tgtgccagcaccgactggggggagcggaacggggagctgtttttt	1	0	1	1	1
clonotype3908	UNK_S	1	TRAV29/DV5*01	TRAJ36*01			TRBV28*01	TRBJ1-1*01	CAARGSGANNLFF	tgtgcagcaagaggttctggggcaaacaacctcttcttt			CASSPPHRGTTEAFF	tgtgccagcagtccgcctcaccgggggaccactgaagctttcttt	1	0	1	1	1
clonotype3909	UNK_S	1	TRAV29/DV5*01	TRAJ40*01			TRBV10-3*01	TRBJ2-3*01	CAASDPGTYKYIF	tgtgcagcaagcgacccaggaacctacaaatacatcttt			CAIRQGLAGTDTQYF	tgtgccatcaggcaaggactagcgggcacagatacgcagtatttt	1	0	1	1	1
clonotype391	UNK_S	1	TRAV21*01	TRAJ39*01	TRAV13-1*01	TRAJ28*01	TRBV20-1*01	TRBJ2-1*01	CAVKSNAGNMLTF	tgtgctgtgaagagtaatgcaggcaacatgctcaccttt	CAARGGSGAGSYQLTF	tgtgcagcaagaggagggtctggggctgggagttaccaactcactttc	CSARRMGGIEQFF	tgcagtgctagacggatgggtggtatcgagcagttcttc	2	1	2	2	1
clonotype3910	UNK_S	1	TRAV29/DV5*01	TRAJ39*01			TRBV11-2*01	TRBJ1-2*01	CAASVGPGNMLTF	tgtgcagcaagcgtaggaccaggcaacatgctcaccttt			CASSKGTGDYGYTF	tgtgccagcagcaaagggacgggggactatggctacaccttc	1	0	1	1	1
clonotype3911	UNK_S	1	TRAV12-2*01	TRAJ42*01			TRBV11-2*01	TRBJ1-3*01	CAVNMFNTELGGSQGNLIF	tgtgccgtgaacatgttcaatactgagctaggaggaagccaaggaaatctcatcttt			CASSWTGAGNTIYF	tgtgccagcagctggacaggggctggaaacaccatatatttt	1	0	1	1	1
clonotype3912	UNK_S	1	TRAV38-2/DV8*01	TRAJ16*01			TRBV7-2*01	TRBJ2-1*01	CAYRSAIRFSDGQKLLF	tgtgcttataggagcgcgattcggttttcagatggccagaagctgctcttt			CASSLVAAYNEQFF	tgtgccagcagcttagtagcggcttacaatgagcagttcttc	1	0	1	1	1
clonotype3913	UNK_S	1	TRAV29/DV5*01	TRAJ41*01			TRBV7-2*01	TRBJ2-3*01	CAASSNSGYALNF	tgtgcagcaagttcaaattccgggtatgcactcaacttc			CASSFPGRADTQYF	tgtgccagcagctttccgggaagggcagatacgcagtatttt	1	0	1	1	1
clonotype3914	UNK_S	1	TRAV29/DV5*01	TRAJ47*01			TRBV27*01	TRBJ2-1*01	CAASAGYGNKLVF	tgtgcagcaagcgccggatatggaaacaagctggtcttt			CASTIDRGSYNEQFF	tgtgccagcaccatagacagggggtcctacaatgagcagttcttc	1	0	1	1	1
clonotype3915	UNK_S	1	TRAV38-2/DV8*01	TRAJ4*01			TRBV27*01	TRBJ2-3*01	CAYRSGMFSGGYNKLIF	tgtgcttataggagcgggatgttttctggtggctacaataagctgattttt			CASTTGTVSTDTQYF	tgtgccagcacgaccgggacagttagcacagatacgcagtatttt	1	0	1	1	1
clonotype3916	UNK_S	1	TRAV38-1*01	TRAJ52*01			TRBV27*01	TRBJ2-2*01	CAFLSNAGGTSYGKLTF	tgtgctttcctttctaatgctggtggtactagctatggaaagctgacattt			CASSPQGFNTGELFF	tgtgccagcagtccccagggctttaacaccggggagctgtttttt	1	0	1	1	1
clonotype3917	UNK_S	1	TRAV29/DV5*01	TRAJ43*01			TRBV5-4*01	TRBJ1-2*01	CAASPYNNNDMRF	tgtgcagcaagcccgtacaataacaatgacatgcgcttt			CASSITKGGLGGYTF	tgtgccagcagcataacaaaaggggggcttggtggctacaccttc	1	0	1	1	1
clonotype3918	UNK_S	1	TRAV12-3*01	TRAJ18*01			TRBV5-4*01	TRBJ1-3*01	CAMSAELGRGSTLGRLYF	tgtgcaatgagcgcggaactcggaagaggctcaaccctggggaggctatacttt			CASSRTGGSGNTIYF	tgtgccagcagccggacagggggcagtggaaacaccatatatttt	1	0	1	1	1
clonotype3919	UNK_S	1	TRAV14/DV4*01	TRAJ33*01			TRBV5-1*01	TRBJ2-3*01	CAMREGRGGGSNYQLIW	tgtgcaatgagagaggggagagggggcggtagcaactatcagttaatctgg			CASSSSGLVFDTQYF	tgcgccagcagctcctcgggactagtgttcgatacgcagtatttt	1	0	1	1	1
clonotype392	UNK_S	1	TRAV27*01	TRAJ53*01			TRBV20-1*01	TRBJ1-5*01	CAGENSGGSNYKLTF	tgtgcaggagagaatagtggaggtagcaactataaactgacattt			CSARGSHLPPQHF	tgcagtgctagagggtctcatctcccgccccagcatttt	1	0	1	1	1
clonotype3920	UNK_S	1	TRAV24*01	TRAJ37*01			TRBV5-1*01	TRBJ1-6*01	CAFGGAAGSSNTGKLIF	tgtgcctttgggggggcggccggctctagcaacacaggcaaactaatcttt			CASSLPGQSNSPLHF	tgcgccagcagcttgccgggacagagtaattcacccctccacttt	1	0	1	1	1
clonotype3921	UNK_S	1	TRAV29/DV5*01	TRAJ30*01			TRBV5-1*01	TRBJ1-4*01	CAASRRGDDKIIF	tgtgcagcaagccggcggggagatgacaagatcatcttt			CASSLVLGTNEKLFF	tgcgccagcagcttggtattagggactaatgaaaaactgtttttt	1	0	1	1	1
clonotype3922	UNK_S	1	TRAV14/DV4*01	TRAJ48*01			TRBV4-3*01	TRBJ2-1*01	CAMREGISNFGNEKLTF	tgtgcaatgagagaggggatatctaactttggaaatgagaaattaaccttt			CASSQAGTGANEQFF	tgcgccagcagccaagccgggacaggggccaatgagcagttcttc	1	0	1	1	1
clonotype3923	UNK_S	1	TRAV38-1*01	TRAJ44*01			TRBV9*01	TRBJ2-1*01	CAFMTPGDTGTASKLTF	tgtgctttcatgaccccgggcgataccggcactgccagtaaactcaccttt			CASSKTSGSYNEQFF	tgtgccagcagcaaaactagcgggagctacaatgagcagttcttc	1	0	1	1	1
clonotype3924	UNK_S	1	TRAV29/DV5*01	TRAJ37*01			TRBV25-1*01	TRBJ2-7*01	CAPEGSSNTGKLIF	tgtgcacccgagggctctagcaacacaggcaaactaatcttt			CASSETASGSYEQYF	tgtgccagcagtgaaactgctagcggctcctacgagcagtacttc	1	0	1	1	1
clonotype3925	UNK_S	1	TRAV29/DV5*01	TRAJ40*01			TRBV25-1*01	TRBJ1-6*01	CAASDGSGTYKYIF	tgtgcagcaagcgacggctcaggaacctacaaatacatcttt			CASTKIGVGNSPLHF	tgtgccagcaccaaaatcggggtcggaaattcacccctccacttt	1	0	1	1	1
clonotype3926	UNK_S	1	TRAV14/DV4*01	TRAJ28*01			TRBV19*01	TRBJ2-7*01	CAMREGIDSGAGSYQLTF	tgtgcaatgagagagggcatagactctggggctgggagttaccaactcactttc			CASSIVGYIPYEQYF	tgtgccagtagtatagtcggctacatcccctacgagcagtacttc	1	0	1	1	1
clonotype3927	UNK_S	1	TRAV29/DV5*01	TRAJ39*01			TRBV6-1*01	TRBJ2-2*01	CAASGGNAGNMLTF	tgtgcagcaagcgggggtaatgcaggcaacatgctcaccttt			CASSASGRVTGELFF	tgtgccagcagtgctagcgggagagtcaccggggagctgtttttt	1	0	1	1	1
clonotype3928	UNK_S	1	TRAV29/DV5*01	TRAJ57*01			TRBV6-1*01	TRBJ1-5*01	CAFSSQGGSEKLVF	tgtgcattctcctctcagggcggatctgaaaagctggtcttt			CASSFRGAYGQPQHF	tgtgccagcagtttccggggggcttacgggcagccccagcatttt	1	0	1	1	1
clonotype3929	UNK_S	1	TRAV29/DV5*01	TRAJ44*01			TRBV18*01	TRBJ2-5*01	CAASGTGTASKLTF	tgtgcagcaagcggaaccggcactgccagtaaactcaccttt			CASSRGTGGETQYF	tgtgccagctcacgggggacagggggagagacccagtacttc	1	0	1	1	1
clonotype393	UNK_S	1	TRAV35*01	TRAJ29*01			TRBV20-1*01	TRBJ1-5*01	CAGQIFTSGNTPLVF	tgtgctgggcagatttttacttcaggaaacacacctcttgtcttt			CSARKNRDKPQHF	tgcagtgctaggaagaaccgggacaagccccagcatttt	1	0	1	1	1
clonotype3930	UNK_S	1	TRAV29/DV5*01	TRAJ39*01			TRBV2*01	TRBJ2-1*01	CAASAPNAGNMLTF	tgtgcagcaagcgcccctaatgcaggcaacatgctcaccttt			CASSVTRVYGEQFF	tgtgccagcagtgtaacgagggtttatggtgagcagttcttc	1	0	1	1	1
clonotype3931	UNK_S	1	TRAV29/DV5*01	TRAJ54*01			TRBV24-1*01	TRBJ2-7*01	CAASELQGAQKLVF	tgtgcagcaagcgagttacagggagcccagaagctggtattt			CATSEGTSPGDEQYF	tgtgccaccagtgaagggacttctcccggggacgagcagtacttc	1	0	1	1	1
clonotype3933	UNK_S	1	TRAV29/DV5*01	TRAJ10*01			TRBV10-2*01	TRBJ2-3*01	CAAPVWGGGNKLTF	tgtgcagcacctgtctggggaggaggaaacaaactcaccttt			CASSANSGSTDTQYF	tgcgccagcagcgcaaatagcggaagcacagatacgcagtatttt	1	0	1	1	1
clonotype3934	UNK_S	1	TRAV14/DV4*01	TRAJ52*01			TRBV5-6*01	TRBJ2-1*01	CAMRETNAGGTSYGKLTF	tgtgcaatgagagagactaatgctggtggtactagctatggaaagctgacattt			CASRASGMSYNEQFF	tgtgccagcagagctagcgggatgtcctacaatgagcagttcttc	1	0	1	1	1
clonotype3935	UNK_S	1	TRAV38-1*01	TRAJ52*01			TRBV5-6*01	TRBJ1-6*01	CAFMKLAAGGTSYGKLTF	tgtgctttcatgaagctcgctgctggtggtactagctatggaaagctgacattt			CASSLARDSRPPLHF	tgtgccagcagcttggcccgggatagtcgtccacccctccacttt	1	0	1	1	1
clonotype3936	UNK_S	1	TRAV29/DV5*01	TRAJ3*01			TRBV5-4*01	TRBJ1-4*01	CAARRYSSASKIIF	tgtgcagcaagaaggtacagcagtgcttccaagataatcttt			CASSLGAESNEKLFF	tgtgccagcagcttgggggcggaatctaatgaaaaactgtttttt	1	0	1	1	1
clonotype3937	UNK_S	1	TRAV23/DV6*01	TRAJ9*01			TRBV5-1*01	TRBJ1-2*01	CAAKGGGFKTIF	tgtgcagcaaagggtggaggcttcaaaactatcttt			CASSLLQVPGYGYTF	tgcgccagcagcttgttgcaggtgcccggttatggctacaccttc	1	0	1	1	1
clonotype3938	UNK_S	1	TRAV29/DV5*01	TRAJ6*01			TRBV12-4*01	TRBJ1-6*01	CAARSSGGSYIPTF	tgtgcagcacgctcatcaggaggaagctacatacctacattt			CASSLGGDHSPLHF	tgtgccagcagtttaggaggggaccattcacccctccacttt	1	0	1	1	1
clonotype3939	UNK_S	1	TRAV23/DV6*01	TRAJ34*01			TRBV12-4*01	TRBJ2-5*01	CAARHNTDKLIF	tgtgcagcaaggcataacaccgacaagctcatcttt			CASSFGGQGETQYF	tgtgccagcagtttcgggggccagggagagacccagtacttc	1	0	1	1	1
clonotype394	UNK_S	1	TRAV38-2/DV8*01	TRAJ22*01	TRAV30*01	TRAJ49*01	TRBV20-1*01	TRBJ2-3*01	CACSSGSARQLTF	tgtgcttgtagttctggttctgcaaggcaactgaccttt	CGTEITSGNQFYF	tgcggcacagagatcactagcggtaaccagttctatttt	CSASRAVTNTQYF	tgcagtgctagtcgggcggtgactaatacgcagtatttt	2	1	2	2	1
clonotype3940	UNK_S	1	TRAV23/DV6*01	TRAJ29*01			TRBV3-1*01	TRBJ1-2*01	CAATSGNTPLVF	tgtgcagcaacctcaggaaacacacctcttgtcttt			CASSHWAGLDYGYTF	tgtgccagcagccactgggcagggctggactatggctacaccttc	1	0	1	1	1
clonotype3941	UNK_S	1	TRAV29/DV5*01	TRAJ40*01			TRBV4-2*01	TRBJ2-1*01	CAAIISSGTYKYIF	tgtgcagcaataatctcctcaggaacctacaaatacatcttt			CASSPYQRAYNEQFF	tgtgccagcagcccttaccagcgggcgtacaatgagcagttcttc	1	0	1	1	1
clonotype3942	UNK_S	1	TRAV19*01	TRAJ49*01			TRBV4-3*01	TRBJ2-1*01	CALSEAELGGNTGNQFYF	tgtgctctgagtgaggcagagcttggggggaacaccggtaaccagttctatttt			CASSRTSDEYNEQFF	tgcgccagcagccgaacctctgacgagtacaatgagcagttcttc	1	0	1	1	1
clonotype3943	UNK_S	1	TRAV38-1*01	TRAJ42*01			TRBV19*01	TRBJ1-1*01	CAFSLFGVNYGGSQGNLIF	tgtgctttctccctctttggagtgaattatggaggaagccaaggaaatctcatcttt			CASSMSGGGNTEAFF	tgtgccagtagtatgtcagggggagggaacactgaagctttcttt	1	0	1	1	1
clonotype3944	UNK_S	1	TRAV29/DV5*01	TRAJ47*01			TRBV19*01	TRBJ2-1*01	CAASKREEYGNKLVF	tgtgcagcaagcaaaagggaggaatatggaaacaagctggtcttt			CASRKHFVSYNEQFF	tgtgccagtaggaaacactttgtctcctacaatgagcagttcttc	1	0	1	1	1
clonotype3945	UNK_S	1	TRAV23/DV6*01	TRAJ24*01			TRBV19*01	TRBJ2-4*01	CAAATDSWGKLQF	tgtgcggccgcaactgacagctgggggaaattgcagttt			CASSTPTGAKNIQYF	tgtgccagtagtacccccacgggagccaaaaacattcagtacttc	1	0	1	1	1
clonotype3946	UNK_S	1	TRAV23/DV6*01	TRAJ49*01			TRBV6-1*01	TRBJ1-5*01	CAASKNTGNQFYF	tgtgcagcaagcaagaacaccggtaaccagttctatttt			CASSAGTGNNQPQHF	tgtgccagcagtgccgggacagggaacaatcagccccagcatttt	1	0	1	1	1
clonotype3947	UNK_S	1	TRAV29/DV5*01	TRAJ40*01			TRBV6-2*01	TRBJ2-1*01	CAASAFGSGTYKYIF	tgtgcagcaagcgcgttcggctcaggaacctacaaatacatcttt			CASSYGSGTYNEQFF	tgtgccagcagttacggtagcgggacttacaatgagcagttcttc	1	0	1	1	1
clonotype3948	UNK_S	1	TRAV38-1*01	TRAJ52*01			TRBV20-1*01	TRBJ1-2*01	CAFMKRVRAGGTSYGKLTF	tgtgctttcatgaagcgtgttagggctggtggtactagctatggaaagctgacattt			CSARGMVLDTVLGGYTF	tgcagtgctagaggcatggtcctggacacggttcttggcggctacaccttc	1	0	1	1	1
clonotype395	UNK_S	1	TRAV21*01	TRAJ5*01	TRAV38-2/DV8*01	TRAJ54*01	TRBV20-1*01	TRBJ1-3*01	CAVGDTGRRALTF	tgtgctgttggggacacgggcaggagagcacttactttt	CAYGRGAQKLVF	tgtgcttatgggaggggagcccagaagctggtattt	CSAPGPSGNTIYF	tgcagtgctcctggaccctctggaaacaccatatatttt	2	1	2	2	1
clonotype3950	UNK_S	1	TRAV29/DV5*01	TRAJ48*01			TRBV12-3*01	TRBJ1-4*01	CAASEANFGNEKLTF	tgtgcagcaagcgaggctaactttggaaatgagaaattaaccttt			CASSAAATNEKLFF	tgtgccagcagtgcggccgcaactaatgaaaaactgtttttt	1	0	1	1	1
clonotype3951	UNK_S	1	TRAV23/DV6*01	TRAJ49*01			TRBV2*01	TRBJ2-2*01	CAASENTGNQFYF	tgtgcagcaagcgagaacaccggtaaccagttctatttt			CASTIYGRAGELFF	tgtgccagcaccatatatgggagggccggggagctgtttttt	1	0	1	1	1
clonotype3952	UNK_S	1	TRAV29/DV5*01	TRAJ28*01			TRBV2*01	TRBJ1-5*01	CAASDTGAGSYQLTF	tgtgcagcaagcgatacgggggctgggagttaccaactcactttc			CASTEGTRNQPQHF	tgtgccagcacggaggggacccgcaatcagccccagcatttt	1	0	1	1	1
clonotype3953	UNK_S	1	TRAV29/DV5*01	TRAJ52*01			TRBV2*01	TRBJ2-1*01	CAAFAGGTSYGKLTF	tgtgcagcttttgctggtggtactagctatggaaagctgacattt			CASSVHSLGNEQFF	tgtgccagcagtgtacattccctggggaatgagcagttcttc	1	0	1	1	1
clonotype3954	UNK_S	1	TRAV29/DV5*01	TRAJ46*01			TRBV7-9*01	TRBJ1-6*01	CAASAGKSSGDKLTF	tgtgcagcaagcgcggggaaaagcagcggagacaagctgactttt			CASSLGQGLPPLHF	tgtgccagcagcttaggacagggtttgccacccctccacttt	1	0	1	1	1
clonotype3955	UNK_S	1	TRAV29/DV5*01	TRAJ27*01			TRBV27*01	TRBJ2-4*01	CAASALKTNAGKSTF	tgtgcagcaagcgcgctcaagaccaatgcaggcaaatcaaccttt			CASSLAGVAKNIQYF	tgtgccagcagtttagcgggagtagccaaaaacattcagtacttc	1	0	1	1	1
clonotype3956	UNK_S	1	TRAV29/DV5*01	TRAJ49*01			TRBV9*01	TRBJ2-1*01	CAASANRYTGNQFYF	tgtgcagcaagcgcgaataggtacaccggtaaccagttctatttt			CASSQIRTGYNEQFF	tgtgccagcagccaaatccggacgggttacaatgagcagttcttc	1	0	1	1	1
clonotype3957	UNK_S	1	TRAV29/DV5*01	TRAJ40*01			TRBV9*01	TRBJ1-5*01	CAASNTTSGTYKYIF	tgtgcagcaagcaacactacctcaggaacctacaaatacatcttt			CASSVGTDPNQPQHF	tgtgccagcagcgtaggtacagacccgaatcagccccagcatttt	1	0	1	1	1
clonotype3958	UNK_S	1	TRAV23/DV6*01	TRAJ37*01			TRBV6-6*01	TRBJ2-7*01	CAAILSSNTGKLIF	tgtgcagcaatcctctctagcaacacaggcaaactaatcttt			CASSYEGQGRREQYF	tgtgccagcagttacgagggacagggacgtcgcgagcagtacttc	1	0	1	1	1
clonotype3959	UNK_S	1	TRAV29/DV5*01	TRAJ40*01			TRBV6-2*01	TRBJ1-1*01	CAASALDTSGTYKYIF	tgtgcagcaagcgcgctggatacctcaggaacctacaaatacatcttt			CASSYPTRLNAEAFF	tgtgccagcagttacccgactagacttaacgctgaagctttcttt	1	0	1	1	1
clonotype396	UNK_S	1	TRAV1-2*01	TRAJ6*01			TRBV20-1*01	TRBJ2-1*01	CAVLRGPASGGSYIPTF	tgtgctgtgctaaggggcccggcatcaggaggaagctacatacctacattt			CSAWDPLRDEQFF	tgcagtgcttgggaccccctaagagatgagcagttcttc	1	0	1	1	1
clonotype3960	UNK_S	1	TRAV29/DV5*01	TRAJ24*01			TRBV30*01	TRBJ1-3*01	CAASAVSTDSWGKLQF	tgtgcagcaagcgcggtatcaactgacagctgggggaaattgcagttt			CAWSVGRTKSSGNTIYF	tgtgcctggagtgtaggtcgaacgaaatcctctggaaacaccatatatttt	1	0	1	1	1
clonotype3961	UNK_S	1	TRAV23/DV6*01	TRAJ57*01			TRBV20-1*01	TRBJ1-3*01	CAAQTQGGSEKLVF	tgtgcagcgcaaactcagggcggatctgaaaagctggtcttt			CSAVGQGAQGIGNTIYF	tgcagtgcggttggacagggggcgcaggggattggaaacaccatatatttt	1	0	1	1	1
clonotype3962	UNK_S	1	TRAV29/DV5*01	TRAJ35*01			TRBV12-5*01	TRBJ1-5*01	CAASDSSIGFGNVLHC	tgtgcagcaagcgattcttcgataggctttgggaatgtgctgcattgc			CASGVDRDYQPQHF	tgtgctagtggcgttgacagggactatcagccccagcatttt	1	0	1	1	1
clonotype3963	UNK_S	1	TRAV29/DV5*01	TRAJ44*01			TRBV7-9*01	TRBJ2-3*01	CAGKVKRIGTASKLTF	tgtgcagggaaggtgaagaggatcggcactgccagtaaactcaccttt			CASSLAGTTDTQYF	tgtgccagcagcttagcggggacgacagatacgcagtatttt	1	0	1	1	1
clonotype3964	UNK_S	1	TRAV29/DV5*01	TRAJ52*01			TRBV11-2*01	TRBJ1-1*01	CAASAAGGTSYGKLTF	tgtgcagcaagtgccgctggtggtactagctatggaaagctgacattt			CASSLIQMNTEAFF	tgtgccagcagcttgatacagatgaacactgaagctttcttt	1	0	1	1	1
clonotype3965	UNK_S	1	TRAV29/DV5*01	TRAJ48*01			TRBV7-2*01	TRBJ2-3*01	CAAKGEANFGNEKLTF	tgtgcagcaaagggtgaagctaactttggaaatgagaaattaaccttt			CASSPQRGTDTQYF	tgtgccagcagtcctcagcggggcacagatacgcagtatttt	1	0	1	1	1
clonotype3966	UNK_S	1	TRAV23/DV6*01	TRAJ36*01			TRBV27*01	TRBJ1-3*01	CAASIRTGANNLFF	tgtgcagcaagcattagaactggggcaaacaacctcttcttt			CASRSGTVSGNTIYF	tgtgccagcaggagcgggacagtctctggaaacaccatatatttt	1	0	1	1	1
clonotype3967	UNK_S	1	TRAV23/DV6*01	TRAJ15*01			TRBV5-6*01	TRBJ1-2*01	CAASKNQAGTALIF	tgtgcagcaagcaaaaaccaggcaggaactgctctgatcttt			CASSLSRSSGYGYTF	tgtgccagcagcttgtctcggtccagtgggtatggctacaccttc	1	0	1	1	1
clonotype3968	UNK_S	1	TRAV23/DV6*01	TRAJ31*01			TRBV5-1*01	TRBJ2-7*01	CAASFRNNNARLMF	tgtgcagcaagcttccggaataacaatgccagactcatgttt			CASSLAKTRVHEQYF	tgcgccagcagcttggccaagaccagggtccacgagcagtacttc	1	0	1	1	1
clonotype3969	UNK_S	1	TRAV23/DV6*01	TRAJ11*01			TRBV9*01	TRBJ1-2*01	CAATTVTGYSTLTF	tgtgcagctaccaccgtgacaggatacagcaccctcaccttt			CASSVETGPFRGYTF	tgtgccagcagcgtggagacagggccctttcgaggctacaccttc	1	0	1	1	1
clonotype3970	UNK_S	1	TRAV23/DV6*01	TRAJ48*01			TRBV9*01	TRBJ2-4*01	CAARTNFGNEKLTF	tgtgcagcaagaacgaactttggaaatgagaaattaaccttt			CASSVGGLAKNIQYF	tgtgccagcagcgtgggtggactagccaaaaacattcagtacttc	1	0	1	1	1
clonotype3971	UNK_S	1	TRAV23/DV6*01	TRAJ48*01			TRBV6-5*01	TRBJ2-5*01	CAAKRVNFGNEKLTF	tgtgcagcaaagagggtaaactttggaaatgagaaattaaccttt			CASSLRRATGETQYF	tgtgccagcagtttaaggagggctaccggggagacccagtacttc	1	0	1	1	1
clonotype3972	UNK_S	1	TRAV23/DV6*01	TRAJ28*01			TRBV6-1*01	TRBJ2-7*01	CAASNSGAGSYQLTF	tgtgcagcaagtaactctggggctgggagttaccaactcactttc			CASTDPEGISYEQYF	tgtgccagcaccgacccggaagggatctcctacgagcagtacttc	1	0	1	1	1
clonotype3973	UNK_S	1	TRAV29/DV5*01	TRAJ28*01			TRBV6-2*01	TRBJ2-1*01	CAAGSAYSGAGSYQLTF	tgtgcagcaggttcggcatactctggggctgggagttaccaactcactttc			CASSYILAGNNEQFF	tgtgccagcagttacatcttagcggggaacaatgagcagttcttc	1	0	1	1	1
clonotype3974	UNK_S	1	TRAV29/DV5*01	TRAJ45*01			TRBV7-9*01	TRBJ2-1*01	CAATPIGYSGGGADGLTF	tgtgcagcaaccccgattggatattcaggaggaggtgctgacggactcaccttt			CASSLGYRHNEQFF	tgtgccagcagcctcgggtacagacacaatgagcagttcttc	1	0	1	1	1
clonotype3975	UNK_S	1	TRAV6*01	TRAJ47*01			TRBV19*01	TRBJ2-3*01	CAALYGNKLVF	tgtgccgccctatatggaaacaagctggtcttt			CASSLLAPSTDTQYF	tgtgccagtagtttactagcgcccagcacagatacgcagtatttt	1	0	1	1	1
clonotype3976	UNK_S	1	TRAV6*01	TRAJ41*01			TRBV27*01	TRBJ2-1*01	CAPNSGYALNF	tgtgctccaaattccgggtatgcactcaacttc			CASSFGLAGNNEQFF	tgtgccagcagttttgggctagcgggaaacaatgagcagttcttc	1	0	1	1	1
clonotype3977	UNK_S	1	TRAV6*01	TRAJ16*01			TRBV28*01	TRBJ1-1*01	CALHSDGQKLLF	tgtgctctgcattcagatggccagaagctgctcttt			CASSLPGASNTEAFF	tgtgccagcagtctccccggagcctcgaacactgaagctttcttt	1	0	1	1	1
clonotype3978	UNK_S	1	TRAV6*01	TRAJ5*01			TRBV7-2*01	TRBJ2-2*01	CAPDTGRRALTF	tgtgctccggacacgggcaggagagcacttactttt			CASSLGSGRDGLFF	tgtgccagcagcttgggtagcgggagagatgggctgtttttt	1	0	1	1	1
clonotype3979	UNK_S	1	TRAV6*01	TRAJ9*01			TRBV5-6*01	TRBJ2-3*01	CARGTGGFKTIF	tgtgcccgggggactggaggcttcaaaactatcttt			CASSLRGAFTDTQYF	tgtgccagcagcttacggggggctttcacagatacgcagtatttt	1	0	1	1	1
clonotype398	UNK_S	1	TRAV27*01	TRAJ53*01			TRBV20-1*01	TRBJ2-5*01	CAQRESGGSNYKLTF	tgtgcccaaagagagagtggaggtagcaactataaactgacattt			CSKEAAADGTQYF	tgcagtaaggaagcggcggctgatgggacccagtacttc	1	0	1	1	1
clonotype3981	UNK_S	1	TRAV6*01	TRAJ43*01			TRBV19*01	TRBJ2-3*01	CALFQYNNNDMRF	tgtgctctattccagtacaataacaatgacatgcgcttt			CASSIGTGATDTQYF	tgtgccagtagtatcgggacaggggccacagatacgcagtatttt	1	0	1	1	1
clonotype3982	UNK_S	1	TRAV6*01	TRAJ8*01			TRBV19*01	TRBJ1-1*01	CVARNTGFQKLVF	tgtgttgctaggaacacaggctttcagaaacttgtattt			CASSIEGGADTEAFF	tgtgccagtagtatagaggggggggcagacactgaagctttcttt	1	0	1	1	1
clonotype3983	UNK_S	1	TRAV6*01	TRAJ45*01			TRBV7-3*01	TRBJ2-3*01	CALPGGGADGLTF	tgtgctctcccaggaggaggtgctgacggactcaccttt			CASSLSGVEDTQYF	tgtgccagcagcttatcgggagttgaggatacgcagtatttt	1	0	1	1	1
clonotype3984	UNK_S	1	TRAV6*01	TRAJ26*01			TRBV27*01	TRBJ1-4*01	CALDDNYGQNFVF	tgtgctctagacgataactatggtcagaattttgtcttt			CASSAYEDVGEKLFF	tgtgccagcagtgcgtacgaggatgtgggtgaaaaactgtttttt	1	0	1	1	1
clonotype3985	UNK_S	1	TRAV6*01	TRAJ10*01			TRBV5-1*01	TRBJ2-6*01	CALDAGGGNKLTF	tgtgctctagacgcgggaggaggaaacaaactcaccttt			CASSPTSSGANVLTF	tgcgccagcagcccaacgagctctggggccaacgtcctgactttc	1	0	1	1	1
clonotype3986	UNK_S	1	TRAV6*01	TRAJ17*01			TRBV19*01	TRBJ2-5*01	CALDDRAAGNKLTF	tgtgctctagacgatagagctgcaggcaacaagctaactttt			CASSSTDRDGETQYF	tgtgccagtagttctaccgacagggacggagagacccagtacttc	1	0	1	1	1
clonotype3987	UNK_S	1	TRAV6*01	TRAJ3*01	TRAV6*01	TRAJ11*01	TRBV12-4*01	TRBJ2-7*01	CALNSYSSASKIIF	tgtgctctaaactcgtacagcagtgcttccaagataatcttt	CALTGNSGYSTLTF	tgtgctttaacggggaattcaggatacagcaccctcaccttt	CASSLGTVAYEQYF	tgtgccagcagtttggggacagtcgcctacgagcagtacttc	2	1	2	2	1
clonotype3988	UNK_S	1	TRAV6*01	TRAJ20*01			TRBV11-2*01	TRBJ2-7*01	CALSLSSNDYKLSF	tgtgctctttccctgagttctaacgactacaagctcagcttt			CASSLDRGHYEQYF	tgtgccagcagcttagacagggggcactacgagcagtacttc	1	0	1	1	1
clonotype3989	UNK_S	1	TRAV6*01	TRAJ10*01			TRBV27*01	TRBJ2-7*01	CALNPAGGGNKLTF	tgtgctctaaatcccgcgggaggaggaaacaaactcaccttt			CASSEAATRRYEQYF	tgtgccagcagcgaggcggccacaaggcgctacgagcagtacttc	1	0	1	1	1
clonotype399	UNK_S	1	TRAV2*01	TRAJ16*01			TRBV20-1*01	TRBJ1-1*01	CAVEGRDGQKLLF	tgtgctgtggagggcagagatggccagaagctgctcttt			CSATGTENTEAFF	tgcagtgcaaccgggacggagaacactgaagctttcttt	1	0	1	1	1
clonotype3990	UNK_S	1	TRAV6*01	TRAJ42*01			TRBV20-1*01	TRBJ1-2*01	CALAPNYGGSQGNLIF	tgtgctctagccccgaattatggaggaagccaaggaaatctcatcttt			CSASPRQGRFSNYGYTF	tgcagtgctagcccccgacagggacgattctctaactatggctacaccttc	1	0	1	1	1
clonotype3991	UNK_S	1	TRAV6*01	TRAJ42*01			TRBV11-3*01	TRBJ2-1*01	CALLKNYGGSQGNLIF	tgtgctctattgaagaattatggaggaagccaaggaaatctcatcttt			CASSSRDRRNEQFF	tgtgccagcagctcccgggacaggaggaatgagcagttcttc	1	0	1	1	1
clonotype4	UNK_S	12	TRAV6*01	TRAJ30*01			TRBV12-4*01	TRBJ2-2*01	CALDRDDKIIF	tgtgctctagacagagatgacaagatcatcttt			CATLERLGNTGELFF	tgtgccaccttggagagactggggaacaccggggagctgtttttt	12	0	12	1	1
clonotype40	UNK_S	2	TRAV5*01	TRAJ4*01			TRBV6-1*01	TRBJ2-1*01	CAETSFSGGYNKLIF	tgtgcagagacctcgttttctggtggctacaataagctgattttt			CASSASENEQFF	tgtgccagcagtgcgagcgagaatgagcagttcttc	2	0	2	1	1
clonotype400	UNK_S	1	TRAV21*01	TRAJ53*01	TRAV23/DV6*01	TRAJ23*01	TRBV20-1*01	TRBJ1-1*01	CAVDGGSNYKLTF	tgtgctgtggacggaggtagcaactataaactgacattt	CAASSPPYNQGGKLIF	tgtgcagcaagcagtcctccttataaccagggaggaaagcttatcttc	CSAAEGYNTEAFF	tgcagtgccgcggagggctataacactgaagctttcttt	2	1	2	2	1
clonotype401	UNK_S	1	TRAV21*01	TRAJ15*01			TRBV20-1*01	TRBJ2-6*01	CAVRRQAGTALIF	tgtgctgtgaggcgccaggcaggaactgctctgatcttt			CSASEGVANVLTF	tgcagtgcctcggaaggggtagccaacgtcctgactttc	1	0	1	1	1
clonotype402	UNK_S	1	TRAV17*01	TRAJ24*01	TRAV3*01	TRAJ37*01	TRBV20-1*01	TRBJ1-6*01	CATDADSWGKLQF	tgtgctacggacgctgacagctgggggaaattgcagttt	CAVRAEGGSSNTGKLIF	tgtgctgtgagagccgaggggggctctagcaacacaggcaaactaatcttt	CSARDRGGSPLHF	tgcagtgctagggataggggcggttcacccctccacttt	2	1	2	2	1
clonotype403	UNK_S	1	TRAV35*01	TRAJ49*01			TRBV28*01	TRBJ2-1*01	CAGQLIRDTGNQFYF	tgtgctgggcagcttattcgggacaccggtaaccagttctatttt			CASSRRNEQFF	tgtgccagcagccgccggaatgagcagttcttc	1	0	1	1	1
clonotype404	UNK_S	1	TRAV36/DV7*01	TRAJ48*01			TRBV10-3*01	TRBJ2-7*01	CAGGFGNEKLTF	tgtgctgggggctttggaaatgagaaattaaccttt			CAISPGGEQYV	tgtgccatcagcccaggaggcgagcagtacgtc	1	0	1	1	1
clonotype406	UNK_S	1	TRAV21*01	TRAJ41*01			TRBV5-1*01	TRBJ2-1*01	CAVSTNSGYALNF	tgtgctgtgagcacaaattccgggtatgcactcaacttc			CASSEGNEQFF	tgcgccagcagcgaggggaatgagcagttcttc	1	0	1	1	1
clonotype407	UNK_S	1	TRAV8-4*01	TRAJ20*01	TRAV12-1*01	TRAJ33*01	TRBV5-1*01	TRBJ2-5*01	CAVSDPNDYKLSF	tgtgctgtgagtgaccctaacgactacaagctcagcttt	CVVNKASNYQLIW	tgtgtggtgaacaaggccagcaactatcagttaatctgg	CASSFEETQYF	tgcgccagcagcttcgaagagacccagtacttc	2	1	2	2	1
clonotype4074	UNK_S	1	TRAV9-2*01	TRAJ27*01	TRAV1-1*01	TRAJ30*01	TRBV18*01	TRBJ2-1*01	CALSDHTNAGKSTF	tgtgctctgagtgatcacaccaatgcaggcaaatcaaccttt	CAPGDDKIIF	tgcgccccgggggatgacaagatcatcttt	CASSPKTSGSGEQFF	tgtgccagctcacccaagactagcgggagtggtgagcagttcttc	2	1	2	2	1
clonotype4075	UNK_S	1	TRAV8-3*01	TRAJ28*01	TRAV25*01	TRAJ47*01	TRBV12-3*01	TRBJ2-1*01	CAVGPSGAGSYQLTF	tgtgctgtgggcccctctggggctgggagttaccaactcactttc	CDGNKLVF	tgtgatggaaacaagctggtcttt	CASSLAGTGGNEQFF	tgtgccagcagtttagctgggacagggggcaatgagcagttcttc	2	1	2	2	1
clonotype4076	UNK_S	1	TRAV4*01	TRAJ37*01			TRBV7-9*01	TRBJ2-3*01	CLVGEGKLIF	tgcctcgtgggagaaggcaaactaatcttt			CASSLTAGGIDTQYF	tgtgccagcagcttgacagcgggagggatagatacgcagtatttt	1	0	1	1	1
clonotype4077	UNK_S	1	TRAV35*01	TRAJ26*01			TRBV7-6*01	TRBJ2-1*01	CAGQNFVF	tgtgctggtcagaattttgtcttt			CASSDGHGEIYEQFF	tgtgccagcagtgacggccatggggagatttatgagcagttcttc	1	0	1	1	1
clonotype4078	UNK_S	1	TRAV26-2*01	TRAJ29*01			TRBV19*01	TRBJ2-1*01	CMRKGNTPLVF	tgcatgcggaagggaaacacacctcttgtcttt			CASSIDSGGVYNEQFF	tgtgccagtagtatagattcggggggcgtctacaatgagcagttcttc	1	0	1	1	1
clonotype4079	UNK_S	1	TRAV1-2*01	TRAJ20*01			TRBV6-2*01	TRBJ2-3*01	CAVRGDYKLSF	tgtgctgtgaggggcgactacaagctcagcttt			CASSRERESSTDTQYF	tgtgccagcagccgggagcgggagtctagcacagatacgcagtatttt	1	0	1	1	1
clonotype408	UNK_S	1	TRAV13-1*01	TRAJ34*01			TRBV12-4*01	TRBJ2-1*01	CAASNYNTDKLIF	tgtgcagcaagtaattataacaccgacaagctcatcttt			CASSLNEQFF	tgtgccagcagtttgaatgagcagttcttc	1	0	1	1	1
clonotype4080	UNK_S	1	TRAV40*01	TRAJ53*01	TRAV25*01	TRAJ37*01	TRBV6-2*01	TRBJ2-1*01	CLLIGGGSNYKLTF	tgtcttctgataggtggaggtagcaactataaactgacattt	CAGSSSNTGKLIF	tgtgcagggtcctctagcaacacaggcaaactaatcttt	CASSAGLAGIYNEQFF	tgtgccagcagtgctggactagcgggcatctacaatgagcagttcttc	2	1	2	2	1
clonotype4081	UNK_S	1	TRAV3*01	TRAJ9*01	TRAV4*01	TRAJ15*01	TRBV18*01	TRBJ1-2*01	CAVRDLRAGGFKTIF	tgtgctgtgagagacctaagggctggaggcttcaaaactatcttt	CLVMSGTALIF	tgcctcgtgatgtcaggaactgctctgatcttt	CASSLGTDANYGYTF	tgtgccagctcactcgggacggacgctaactatggctacaccttc	2	1	2	2	1
clonotype4082	UNK_S	1	TRAV25*01	TRAJ20*01	TRAV35*01	TRAJ31*01	TRBV12-3*01	TRBJ2-7*01	CAGNDYKLSF	tgtgcagggaacgactacaagctcagcttt	CAGQARLMF	tgtgctggacaggccagactcatgttt	CASSLELAGYNEQYF	tgtgccagcagtctcgaactagcgggatacaacgagcagtacttc	2	1	2	2	1
clonotype4083	UNK_S	1	TRAV26-1*01	TRAJ47*01	TRAV27*01	TRAJ36*01	TRBV2*01	TRBJ1-6*01	CIVRDGNKLVF	tgcatcgtcagggatggaaacaagctggtcttt	CATQTGANNLFF	tgtgcaactcaaactggggcaaacaacctcttcttt	CASSEALQGVSPLHF	tgtgccagcagtgaagcgcttcagggagtctcacccctccacttt	2	1	2	2	1
clonotype4085	UNK_S	1	TRAV39*01	TRAJ29*01			TRBV10-3*01	TRBJ2-4*01	CAVNTPLVF	tgtgccgtcaacacacctcttgtcttt			CAISGEGALAKNIQYF	tgtgccatcagtggggaaggggctctagccaaaaacattcagtacttc	1	0	1	1	1
clonotype4086	UNK_S	1	TRAV16*01	TRAJ30*01			TRBV7-3*01	TRBJ2-1*01	CALRDDKIIF	tgtgctctaagagatgacaagatcatcttt			CASSLTAGAYNEQFF	tgtgccagcagcttaacggcgggagcctacaatgagcagttcttc	1	0	1	1	1
clonotype4087	UNK_S	1	TRAV1-2*01	TRAJ40*01			TRBV15*01	TRBJ1-5*01	CARSGTYKYIF	tgtgctcgttcaggaacctacaaatacatcttt			CATSREGWGSNQPQHF	tgtgccaccagcagagaaggctgggggagcaatcagccccagcatttt	1	0	1	1	1
clonotype4088	UNK_S	1	TRAV1-1*01	TRAJ23*01			TRBV6-4*01	TRBJ2-2*01	CAVIGGGGKLIF	tgcgctgtgatagggggaggaggaaagcttatcttc			CASSDSRVSNTGELFF	tgtgccagcagtgactcgagggtcagtaacaccggggagctgtttttt	1	0	1	1	1
clonotype4089	UNK_S	1	TRAV1-1*01	TRAJ26*01			TRBV19*01	TRBJ2-1*01	CAVKNYGQNFVF	tgcgctgtgaagaactatggtcagaattttgtcttt			CASSRLAGEVGNEQFF	tgtgccagtagccgactagcgggagaggtcgggaatgagcagttcttc	1	0	1	1	1
clonotype409	UNK_S	1	TRAV3*01	TRAJ34*01			TRBV15*01	TRBJ2-1*01	CAVSPEPDKLIF	tgtgctgtgagcccagaacccgacaagctcatcttt			CATGGYNEQFF	tgtgccaccgggggatacaatgagcagttcttc	1	0	1	1	1
clonotype4091	UNK_S	1	TRAV26-1*01	TRAJ29*01			TRBV19*01	TRBJ2-7*01	CIVSSGNTPLVF	tgcatcgtctcttcaggaaacacacctcttgtcttt			CASSIYAETATYEQYF	tgtgccagtagtatctatgccgaaactgcgacctacgagcagtacttc	1	0	1	1	1
clonotype4092	UNK_S	1	TRAV26-2*01	TRAJ36*01			TRBV16*01	TRBJ2-7*01	CILLTGANNLFF	tgcatcctgttaactggggcaaacaacctcttcttt			CASSRTGTGNYEQYF	tgtgccagcagccgaaccgggacggggaactacgagcagtacttc	1	0	1	1	1
clonotype4093	UNK_S	1	TRAV26-1*01	TRAJ48*01			TRBV29-1*01	TRBJ1-1*01	CIATFGNEKLTF	tgcatcgccacatttggaaatgagaaattaaccttt			CSVEDLSGQLHMNTEAFF	tgcagcgttgaagacctgtcgggacagcttcatatgaacactgaagctttcttt	1	0	1	1	1
clonotype4094	UNK_S	1	TRAV26-1*01	TRAJ26*01			TRBV12-3*01	TRBJ1-5*01	CIVRVALENFVF	tgcatcgtcagagtcgcactcgagaattttgtcttt			CASSWGLGGNQPQHF	tgtgccagcagttggggcttgggtggcaatcagccccagcatttt	1	0	1	1	1
clonotype4095	UNK_S	1	TRAV4*01	TRAJ21*01			TRBV2*01	TRBJ2-1*01	CLVGDGFNKFYF	tgcctcgtgggtgacgggttcaacaaattttacttt			CASSDPSELNNEQFF	tgtgccagcagtgatcctagcgaactaaacaatgagcagttcttc	1	0	1	1	1
clonotype4096	UNK_S	1	TRAV1-2*01	TRAJ12*01			TRBV24-1*01	TRBJ2-3*01	CALGGSSYKLIF	tgtgccctaggggggagcagctataaattgatcttc			CATSDREEGYTDTQYF	tgtgccaccagtgaccgtgaagagggttacacagatacgcagtatttt	1	0	1	1	1
clonotype4097	UNK_S	1	TRAV1-1*01	TRAJ30*01	TRAV1-2*01	TRAJ13*01	TRBV28*01	TRBJ1-5*01	CAVVNRDDKIIF	tgcgctgtggtgaacagagatgacaagatcatcttt	CAVAGGYQKVTF	tgtgctgtggctgggggttaccagaaagttaccttt	CASSLEGQGDNQPQHF	tgtgccagcagtttagagggtcagggtgacaatcagccccagcatttt	2	1	2	2	1
clonotype4098	UNK_S	1	TRAV26-1*01	TRAJ27*01			TRBV7-3*01	TRBJ1-6*01	CIVHSGAGKSTF	tgcatcgtccatagtggtgcaggcaaatcaaccttt			CASSLGTGGNSPLHF	tgtgccagcagcttaggtacaggcggtaattcacccctccacttt	1	0	1	1	1
clonotype4099	UNK_S	1	TRAV26-1*01	TRAJ15*01			TRBV11-2*01	TRBJ1-2*01	CIVNQAGTALIF	tgcatcgtcaaccaggcaggaactgctctgatcttt			CASSRGTGGDYGYTF	tgtgccagcagccgaggaacagggggggattatggctacaccttc	1	0	1	1	1
clonotype41	UNK_S	2	TRAV27*01	TRAJ58*01			TRBV28*01	TRBJ1-5*01	CAGGGSTSGSRLTF	tgtgcaggaggagggtcaaccagtggctctaggttgaccttt			CASRRGGGRNQPQHF	tgtgccagccggaggggggggggtcggaatcagccccagcatttt	2	0	2	1	1
clonotype410	UNK_S	1	TRAV13-2*01	TRAJ26*01			TRBV19*01	TRBJ2-3*01	CAETANYGQNFVF	tgtgcagagacggccaactatggtcagaattttgtcttt			CASSKADTQYF	tgtgccagtagtaaggcagatacgcagtatttt	1	0	1	1	1
clonotype4100	UNK_S	1	TRAV4*01	TRAJ33*01			TRBV11-2*01	TRBJ2-1*01	CLVGPPRYQLIW	tgcctcgtggggccccctcggtatcagttaatctgg			CASSLVRGAYNEQFF	tgtgccagcagcttagtgcggggggcctacaatgagcagttcttc	1	0	1	1	1
clonotype4102	UNK_S	1	TRAV26-1*01	TRAJ52*01			TRBV7-2*01	TRBJ2-1*01	CIAGTSYGKLTF	tgcatcgccggtactagctatggaaagctgacattt			CASSSPGTRNNEQFF	tgtgccagcagctcgcccgggactaggaacaatgagcagttcttc	1	0	1	1	1
clonotype4103	UNK_S	1	TRAV26-2*01	TRAJ30*01			TRBV10-2*01	TRBJ2-3*01	CIPRNRDDKIIF	tgcatcccgaggaacagagatgacaagatcatcttt			CASSQSTGFMTDTQYF	tgcgccagcagccaatcaacagggtttatgacagatacgcagtatttt	1	0	1	1	1
clonotype4104	UNK_S	1	TRAV1-2*01	TRAJ12*01			TRBV5-6*01	TRBJ2-2*01	CPEWDSSYKLIF	tgcccagagtgggatagcagctataaattgatcttc			CASSSLDRGRTGELFF	tgtgccagcagctccttggacagggggcgcaccggggagctgtttttt	1	0	1	1	1
clonotype4105	UNK_S	1	TRAV12-1*01	TRAJ30*01			TRBV5-4*01	TRBJ2-3*01	CVVRGQLF	tgtgtggtgagggggcagttgttt			CASSSGLAGGIDTQYF	tgtgccagcagctcgggactagcgggaggaatagatacgcagtatttt	1	0	1	1	1
clonotype4106	UNK_S	1	TRAV26-1*01	TRAJ41*01			TRBV12-4*01	TRBJ1-5*01	CIVRVFRIALNF	tgcatcgtcagagtcttccgcattgcactcaacttc			CASSGQGGSNQPQHF	tgtgccagcagcggacagggcggtagcaatcagccccagcatttt	1	0	1	1	1
clonotype4107	UNK_S	1	TRAV26-1*01	TRAJ13*01			TRBV4-1*01	TRBJ2-3*01	CIVLSGYQKVTF	tgcatcgtcctgtctggttaccagaaagttaccttt			CASSPMASGSTDTQYF	tgcgccagcagcccgatggcgagcgggagtacagatacgcagtatttt	1	0	1	1	1
clonotype4108	UNK_S	1	TRAV36/DV7*01	TRAJ49*01			TRBV4-3*01	TRBJ1-2*01	CAVDSYF	tgtgctgtggacagctatttt			CASSQNRDTLIYGYTF	tgcgccagcagccaaaaccgggacacccttatctatggctacaccttc	1	0	1	1	1
clonotype4109	UNK_S	1	TRAV25*01	TRAJ33*01			TRBV9*01	TRBJ2-2*01	CAGDNYQLIW	tgtgcaggggacaactatcagttaatctgg			CASSVATGANTGELFF	tgtgccagcagcgtagcgacgggggctaacaccggggagctgtttttt	1	0	1	1	1
clonotype411	UNK_S	1	TRAV12-3*01	TRAJ40*01			TRBV6-5*01	TRBJ1-1*01	CAITSGTYKYIF	tgtgcaattacctcaggaacctacaaatacatcttt			CASHRGTEAFF	tgtgccagtcaccggggcactgaagctttcttt	1	0	1	1	1
clonotype4110	UNK_S	1	TRAV1-2*01	TRAJ24*01			TRBV6-4*01	TRBJ2-1*01	CAVLTDSWGKLQF	tgtgctgtactaactgacagctgggggaaattgcagttt			CASSPRTSGTGGEQFF	tgtgccagcagtccacggactagcgggacgggcggtgagcagttcttc	1	0	1	1	1
clonotype4111	UNK_S	1	TRAV16*01	TRAJ36*01			TRBV6-4*01	TRBJ2-3*01	CALLTGANNLFF	tgtgctcttttaactggggcaaacaacctcttcttt			CASSDSSAEGTDTQYF	tgtgccagcagtgactcgtcagcggaaggcacagatacgcagtatttt	1	0	1	1	1
clonotype4113	UNK_S	1	TRAV25*01	TRAJ47*01			TRBV19*01	TRBJ1-5*01	CALPQGNKLVF	tgtgcattaccacagggaaacaagctggtcttt			CASSIVGDRVTQPQHF	tgtgccagtagtatcgtaggggacagggttactcagccccagcatttt	1	0	1	1	1
clonotype4114	UNK_S	1	TRAV4*01	TRAJ17*01			TRBV19*01	TRBJ2-1*01	CLVRKAAGNKLTF	tgcctcgtgaggaaagctgcaggcaacaagctaactttt			CASSIDTSPHYNEQFF	tgtgccagtagtattgacacgtcgcctcactacaatgagcagttcttc	1	0	1	1	1
clonotype4115	UNK_S	1	TRAV25*01	TRAJ20*01			TRBV19*01	TRBJ2-3*01	CAGVNDYKLSF	tgtgcaggggtaaacgactacaagctcagcttt			CASSILAGGGTDTQYF	tgtgccagtagtatcttagcgggaggtggcacagatacgcagtatttt	1	0	1	1	1
clonotype4116	UNK_S	1	TRAV1-2*01	TRAJ34*01			TRBV11-1*01	TRBJ2-2*01	CAVTSYNTDKLIF	tgtgctgtgacatcttataacaccgacaagctcatcttt			CASSPGRGGPGELFF	tgtgccagcagccccggaagggggggtcccggggagctgtttttt	1	0	1	1	1
clonotype4117	UNK_S	1	TRAV26-1*01	TRAJ26*01			TRBV6-5*01	TRBJ2-2*01	CIASHNYGQNFVF	tgcatcgcctctcataactatggtcagaattttgtcttt			CASSSPRTGVAGELFF	tgtgccagcagttccccccggacaggggtcgccggggagctgtttttt	1	0	1	1	1
clonotype4118	UNK_S	1	TRAV25*01	TRAJ31*01			TRBV6-1*01	TRBJ1-2*01	CAGRVNARLMF	tgtgcagggagagtcaatgccagactcatgttt			CASGVKAGGQNYGYTF	tgtgccagcggggtgaaggcagggggccagaactatggctacaccttc	1	0	1	1	1
clonotype4119	UNK_S	1	TRAV26-2*01	TRAJ11*01			TRBV6-2*01	TRBJ2-3*01	CILRGSGYSTLTF	tgcatcctgagagggtcaggatacagcaccctcaccttt			CASSPLRDHGVDTQYF	tgtgccagcagtccactccgggaccacggggtggatacgcagtatttt	1	0	1	1	1
clonotype412	UNK_S	1	TRAV2*01	TRAJ29*01			TRBV6-1*01	TRBJ1-1*01	CAVEEGSGNTPLVF	tgtgctgtggaggagggatcaggaaacacacctcttgtcttt			CASREVSEAFF	tgtgccagcagggaggtgtctgaagctttcttt	1	0	1	1	1
clonotype4120	UNK_S	1	TRAV1-2*01	TRAJ26*01			TRBV6-2*01	TRBJ2-2*01	CAVRNNYGQNFVF	tgtgctgtgagaaacaactatggtcagaattttgtcttt			CASSEFRTGLNGELFF	tgtgccagcagtgaatttcggacagggttgaacggggagctgtttttt	1	0	1	1	1
clonotype4121	UNK_S	1	TRAV4*01	TRAJ23*01			TRBV12-3*01	TRBJ1-4*01	CLPGRSQGGKLIF	tgcctcccgggaaggagccagggaggaaagcttatcttc			CASSLGTATNEKLFF	tgtgccagcagtttagggacagcaactaatgaaaaactgtttttt	1	0	1	1	1
clonotype4122	UNK_S	1	TRAV35*01	TRAJ49*01			TRBV2*01	TRBJ2-1*01	CAGQLRNQFYF	tgtgctgggcagctccgtaaccagttctatttt			CASTRDGAYYNEQFF	tgtgccagcacgagggacggcgcctactacaatgagcagttcttc	1	0	1	1	1
clonotype4123	UNK_S	1	TRAV1-2*01	TRAJ6*01	TRAV2*01	TRAJ32*01	TRBV2*01	TRBJ2-5*01	CAVGSGGSYIPTF	tgtgctgtggggtcaggaggaagctacatacctacattt	CAPPQNYGGATNKLIF	tgtgctccgccccaaaattatggtggtgctacaaacaagctcatcttt	CASSEGGLGLETQYF	tgtgccagcagtgaagggggccttggcctagagacccagtacttc	2	1	2	2	1
clonotype4124	UNK_S	1	TRAV23/DV6*01	TRAJ47*01	TRAV27*01	TRAJ37*01	TRBV2*01	TRBJ2-3*01	CAPREEYGNKLVF	tgtgcacccagagaggaatatggaaacaagctggtcttt	CGSSNTGKLIF	tgcggctctagcaacacaggcaaactaatcttt	CASQRSDRGADTQYF	tgtgccagccagagatccgacaggggggcagatacgcagtatttt	2	1	2	2	1
clonotype4125	UNK_S	1	TRAV26-2*01	TRAJ53*01			TRBV24-1*01	TRBJ2-1*01	CTRYGGSNYKLTF	tgcacccgatatggaggtagcaactataaactgacattt			CATSGTLAGDRNEQFF	tgtgccaccagtggcacactagcgggagaccgcaatgagcagttcttc	1	0	1	1	1
clonotype4126	UNK_S	1	TRAV16*01	TRAJ9*01			TRBV24-1*01	TRBJ2-1*01	CALNTGGFKTIF	tgtgctctaaatactggaggcttcaaaactatcttt			CATSDTAGTSGLEQFF	tgtgccaccagtgatactgccgggactagcgggttggagcagttcttc	1	0	1	1	1
clonotype4127	UNK_S	1	TRAV26-1*01	TRAJ54*01			TRBV24-1*01	TRBJ2-2*01	CIELNWGAQKLVF	tgcatcgagttgaactggggagcccagaagctggtattt			CATSASLAGGPGELFF	tgtgccaccagtgcctcactagcgggagggcccggggagctgtttttt	1	0	1	1	1
clonotype4128	UNK_S	1	TRAV26-2*01	TRAJ29*01			TRBV28*01	TRBJ2-5*01	CILRQSGNTPLVF	tgcatcctgagacaatcaggaaacacacctcttgtcttt			CASSFPGTGPQETQYF	tgtgccagcagtttccccgggacagggccccaagagacccagtacttc	1	0	1	1	1
clonotype4129	UNK_S	1	TRAV16*01	TRAJ34*01			TRBV28*01	TRBJ1-1*01	CALIGNTDKLIF	tgtgctctaatcggtaacaccgacaagctcatcttt			CASSFGGGGAGTEAFF	tgtgccagcagttttgggggggggggcgcgggcactgaagctttcttt	1	0	1	1	1
clonotype413	UNK_S	1	TRAV3*01	TRAJ20*01			TRBV6-1*01	TRBJ1-1*01	CAVREGNDYKLSF	tgtgctgtgagagagggaaacgactacaagctcagcttt			CASIQSTEAFF	tgtgccagtatccagagcactgaagctttcttt	1	0	1	1	1
clonotype4130	UNK_S	1	TRAV1-1*01	TRAJ23*01			TRBV10-3*01	TRBJ1-2*01	CASFYNQGGKLIF	tgcgcttcgttttataaccagggaggaaagcttatcttc			CAISQILQGGNYGYTF	tgtgccatcagccagattcttcagggggggaactatggctacaccttc	1	0	1	1	1
clonotype4131	UNK_S	1	TRAV1-2*01	TRAJ15*01	TRAV12-2*01	TRAJ4*01	TRBV7-9*01	TRBJ2-7*01	CADHNQAGTALIF	tgtgctgaccacaaccaggcaggaactgctctgatcttt	CAASSGGYNKLIF	tgtgccgcctcttctggtggctacaataagctgattttt	CASSSKPGGTYEQYF	tgtgccagcagctccaaaccgggggggacctacgagcagtacttc	2	1	2	2	1
clonotype4132	UNK_S	1	TRAV1-2*01	TRAJ13*01			TRBV7-3*01	TRBJ1-6*01	CAVLSGGYQKVTF	tgtgctgttctttctgggggttaccagaaagttaccttt			CASSKRQGANSPLHF	tgtgccagcagcaaacgacagggggcaaattcacccctccacttt	1	0	1	1	1
clonotype4133	UNK_S	1	TRAV16*01	TRAJ26*01			TRBV7-3*01	TRBJ2-2*01	CALKIGGQNFVF	tgtgctctaaagattggtggtcagaattttgtcttt			CASSLGQVPTGELFF	tgtgccagcagcttagggcaggtccccaccggggagctgtttttt	1	0	1	1	1
clonotype4134	UNK_S	1	TRAV26-2*01	TRAJ34*01			TRBV7-8*01	TRBJ1-2*01	CILRDDNTDKLIF	tgcatcctgagagacgacaacaccgacaagctcatcttt			CASSRGQGAYYGYTF	tgtgccagcagccgcggacagggtgcatactatggctacaccttc	1	0	1	1	1
clonotype4135	UNK_S	1	TRAV27*01	TRAJ54*01			TRBV7-8*01	TRBJ2-2*01	CAGFFSQKLVF	tgtgcaggcttcttttcccagaagctggtattt			CASSFWIGNTGELFF	tgtgccagcagcttttggatagggaacaccggggagctgtttttt	1	0	1	1	1
clonotype4136	UNK_S	1	TRAV25*01	TRAJ5*01	TRAV25*01	TRAJ15*01	TRBV7-2*01	TRBJ2-3*01	CAGTGRRALTF	tgtgcaggaacgggcaggagagcacttactttt	CAPPGQAGTALIF	tgtgcacctcccgggcaggcaggaactgctctgatcttt	CASSLVGPSTDTQYF	tgtgccagcagcttagtggggccctcgacagatacgcagtatttt	2	1	2	2	1
clonotype4137	UNK_S	1	TRAV41*01	TRAJ32*01			TRBV27*01	TRBJ2-3*01	CATGNKLIF	tgtgccaccggaaacaagctcatcttt			CASSPMSPEGTDTQYF	tgtgccagcagccccatgtctcccgagggcacagatacgcagtatttt	1	0	1	1	1
clonotype4138	UNK_S	1	TRAV21*01	TRAJ43*01	TRAV16*01	TRAJ33*01	TRBV5-4*01	TRBJ2-2*01	CAAPAGPGGNDMRF	tgtgctgcgccagcggggccggggggcaatgacatgcgcttt	CALMRSNYQLIW	tgtgctctaatgcgtagcaactatcagttaatctgg	CASSAGTSGIAGELFF	tgtgccagcagcgccgggactagcgggatcgccggggagctgtttttt	2	1	2	2	1
clonotype4139	UNK_S	1	TRAV35*01	TRAJ40*01			TRBV5-1*01	TRBJ2-1*01	CAGYRTYKYIF	tgtgctgggtatcgaacctacaaatacatcttt			CASSLERASSYNEQFF	tgcgccagcagcttggagcgggcgagctcctacaatgagcagttcttc	1	0	1	1	1
clonotype414	UNK_S	1	TRAV5*01	TRAJ26*01			TRBV30*01	TRBJ2-3*01	CAESKGYGQNFVF	tgtgcagagagtaagggctatggtcagaattttgtcttt			CAWNRAGRDTQYF	tgtgcctggaaccgggcggggcgagatacgcagtatttt	1	0	1	1	1
clonotype4140	UNK_S	1	TRAV16*01	TRAJ9*01			TRBV5-1*01	TRBJ2-2*01	CALHTGGFKTIF	tgtgctctccatactggaggcttcaaaactatcttt			CASSLGAGNPTGELFF	tgcgccagcagcttgggggcgggaaaccccaccggggagctgtttttt	1	0	1	1	1
clonotype4141	UNK_S	1	TRAV1-1*01	TRAJ23*01	TRAV13-2*01	TRAJ3*01	TRBV12-4*01	TRBJ2-5*01	CAALYNQGGKLIF	tgcgctgccctttataaccagggaggaaagcttatcttc	CAENLGSSASKIIF	tgtgcagagaatttgggcagcagtgcttccaagataatcttt	CASTLTSGREETQYF	tgtgccagcactctgactagcgggagagaagagacccagtacttc	2	1	2	2	1
clonotype4142	UNK_S	1	TRAV24*01	TRAJ6*01	TRAV1-1*01	TRAJ9*01	TRBV3-1*01	TRBJ2-1*01	CAFTSGGSYIPTF	tgtgcctttacatcaggaggaagctacatacctacattt	CAVRGGGGFKTIF	tgcgctgtgagggggggtggaggcttcaaaactatcttt	CASSQAGLAGVDEQFF	tgtgccagcagccaagcgggcctagcgggagtagatgagcagttcttc	2	1	2	2	1
clonotype4143	UNK_S	1	TRAV26-1*01	TRAJ3*01			TRBV4-1*01	TRBJ2-1*01	CIVRDSSASKIIF	tgcatcgtcagagatagcagtgcttccaagataatcttt			CASSQVNLISYNEQFF	tgcgccagcagccaagtgaatctgatctcctacaatgagcagttcttc	1	0	1	1	1
clonotype4144	UNK_S	1	TRAV1-2*01	TRAJ44*01			TRBV4-1*01	TRBJ1-5*01	CAVTPGTASKLTF	tgtgctgtgacacccggcactgccagtaaactcaccttt			CASSRTGPRGNQPQHF	tgcgccagcagccgcacgggaccgagaggcaatcagccccagcatttt	1	0	1	1	1
clonotype4145	UNK_S	1	TRAV39*01	TRAJ34*01			TRBV4-1*01	TRBJ1-1*01	CAVFNTDKLIF	tgtgccgtgttcaacaccgacaagctcatcttt			CASSLGQGARNTEAFF	tgcgccagcagcctcggacagggggcgagaaacactgaagctttcttt	1	0	1	1	1
clonotype4146	UNK_S	1	TRAV22*01	TRAJ43*01			TRBV9*01	TRBJ2-3*01	CAADQGFGMRF	tgtgctgcggatcaaggttttggcatgcgcttt			CASSAYSGLATDTQYF	tgtgccagcagcgcctactccggactagccacagatacgcagtatttt	1	0	1	1	1
clonotype4147	UNK_S	1	TRAV35*01	TRAJ49*01			TRBV9*01	TRBJ1-4*01	CAGQHGNQFYF	tgtgctgggcagcacggtaaccagttctatttt			CASSLGTEFMREKLFF	tgtgccagcagcttaggtacggaattcatgcgtgaaaaactgtttttt	1	0	1	1	1
clonotype4148	UNK_S	1	TRAV12-1*01	TRAJ33*01	TRAV16*01	TRAJ21*01	TRBV14*01	TRBJ2-2*01	CVVNKGSNYQLIW	tgtgtggtgaacaaaggaagcaactatcagttaatctgg	CALSEDFNKFYF	tgtgctctaagtgaagacttcaacaaattttacttt	CASSQDARVFGELFF	tgtgccagcagccaagatgccagggtctttggggagctgtttttt	2	1	2	2	1
clonotype4149	UNK_S	1	TRAV10*01	TRAJ7*01	TRAV1-2*01	TRAJ37*01	TRBV25-1*01	TRBJ1-3*01	CVVSGGGNNRLAF	tgtgtggtgagcggaggagggaacaacagactcgctttt	CAVVWPSNTGKLIF	tgtgctgtggtctggcctagcaacacaggcaaactaatcttt	CASSEYGASSGNTIYF	tgtgccagcagtgaatatggcgcgagctctggaaacaccatatatttt	2	1	2	2	1
clonotype4150	UNK_S	1	TRAV14/DV4*01	TRAJ16*01	TRAV1-2*01	TRAJ23*01	TRBV6-4*01	TRBJ2-3*01	CAIPPGGQKLLF	tgtgcaatcccgcctgggggccagaagctgctcttt	CAVRAYNQGGKLIF	tgtgctgtgagagcctataaccagggaggaaagcttatcttc	CASSRTSGSIPDTQYF	tgtgccagcagtcggactagcgggagtataccagatacgcagtatttt	2	1	2	2	1
clonotype4151	UNK_S	1	TRAV35*01	TRAJ49*01			TRBV19*01	TRBJ1-2*01	CAGQTTGNQFYF	tgtgctgggcagaccaccggtaaccagttctatttt			CASSIAGTVSNYGYTF	tgtgccagtagtatagccgggacagtgagtaactatggctacaccttc	1	0	1	1	1
clonotype4152	UNK_S	1	TRAV26-2*01	TRAJ13*01			TRBV19*01	TRBJ1-5*01	CILRKSGGYQKVTF	tgcatcctgaggaagtctgggggttaccagaaagttaccttt			CASSMDRANGNQPQHF	tgtgccagtagtatggacagggcgaatggcaatcagccccagcatttt	1	0	1	1	1
clonotype4153	UNK_S	1	TRAV16*01	TRAJ23*01			TRBV19*01	TRBJ2-2*01	CALSYNQGGKLIF	tgtgctctttcatataaccagggaggaaagcttatcttc			CASSGLDRANTGELFF	tgtgccagtagtgggttggacagggcgaacaccggggagctgtttttt	1	0	1	1	1
clonotype4154	UNK_S	1	TRAV20*01	TRAJ11*01			TRBV11-1*01	TRBJ2-5*01	CAVGYSTLTF	tgtgctgtgggatacagcaccctcaccttt			CASSLGRQIQETQYF	tgtgccagcagcttagggagacagattcaagagacccagtacttc	1	0	1	1	1
clonotype4156	UNK_S	1	TRAV22*01	TRAJ31*01			TRBV6-5*01	TRBJ2-6*01	CAVTNNNARLMF	tgtgctgtaacgaataacaatgccagactcatgttt			CASSPRPASGANVLTF	tgtgccagcagccctcgcccagcctctggggccaacgtcctgactttc	1	0	1	1	1
clonotype4157	UNK_S	1	TRAV23/DV6*01	TRAJ23*01	TRAV1-1*01	TRAJ31*01	TRBV6-5*01	TRBJ2-7*01	CAASMTEGGKLIF	tgtgcagcaagcatgacggagggaggaaagcttatcttc	CAVRGPNNNARLMF	tgcgctgtgagaggccctaataacaatgccagactcatgttt	CASSYGTGRNAYEQYF	tgtgccagcagttacgggacaggcaggaatgcctacgagcagtacttc	2	1	2	2	1
clonotype4158	UNK_S	1	TRAV26-1*01	TRAJ13*01			TRBV6-5*01	TRBJ2-3*01	CIVRVAGGYQKVTF	tgcatcgtcagagtcgcggggggttaccagaaagttaccttt			CASSFLSGRGTDTQYF	tgtgccagcagtttcctaagcgggagaggaacagatacgcagtatttt	1	0	1	1	1
clonotype4159	UNK_S	1	TRAV39*01	TRAJ41*01			TRBV6-1*01	TRBJ2-6*01	CAVDPSGYALNF	tgtgccgtggacccttccgggtatgcactcaacttc			CASSQHRASGANVLTF	tgtgccagcagtcagcacagggcctctggggccaacgtcctgactttc	1	0	1	1	1
clonotype416	UNK_S	1	TRAV39*01	TRAJ27*01			TRBV29-1*01	TRBJ2-2*01	CAVVSPYNTNAGKSTF	tgtgccgtggtatcaccctataacaccaatgcaggcaaatcaaccttt			CSVELPNTGELFF	tgcagcgttgagctccccaacaccggggagctgtttttt	1	0	1	1	1
clonotype4160	UNK_S	1	TRAV12-1*01	TRAJ15*01	TRAV1-1*01	TRAJ15*01	TRBV6-1*01	TRBJ2-4*01	CVVKGRGTALIF	tgtgtggtgaaagggagaggaactgctctgatcttt	CAVRDKKAGTALIF	tgcgctgtgagagataaaaaggcaggaactgctctgatcttt	CASSDLRASEKNIQYF	tgtgccagcagtgacctcagggcaagtgaaaaaaacattcagtacttc	2	1	2	2	1
clonotype4161	UNK_S	1	TRAV1-2*01	TRAJ6*01			TRBV6-1*01	TRBJ2-1*01	CAVRDRGGSYIPTF	tgtgctgtgagagataggggaggaagctacatacctacattt			CASSDPRLAGPNEQFF	tgtgccagcagtgatccgagactagcgggaccaaatgagcagttcttc	1	0	1	1	1
clonotype4162	UNK_S	1	TRAV17*01	TRAJ22*01	TRAV26-1*01	TRAJ40*01	TRBV6-2*01	TRBJ1-5*01	CATDAGSARQLTF	tgtgctacggacgccggttctgcaaggcaactgaccttt	CIVMGASGTYKYIF	tgcatcgtcatgggtgcctcaggaacctacaaatacatcttt	CASRREGTGSNQPQHF	tgtgccagcaggcgggaagggactgggagcaatcagccccagcatttt	2	1	2	2	1
clonotype4163	UNK_S	1	TRAV16*01	TRAJ40*01			TRBV6-2*01	TRBJ1-2*01	CALTTSGTYKYIF	tgtgctctgactacctcaggaacctacaaatacatcttt			CASTRDRGFVDYGYTF	tgtgccagcacccgggacaggggattcgtggactatggctacaccttc	1	0	1	1	1
clonotype4164	UNK_S	1	TRAV26-1*01	TRAJ31*01			TRBV6-2*01	TRBJ2-2*01	CIVRVVDNNARLMF	tgcatcgtcagagtcgttgataacaatgccagactcatgttt			CASSYLPAGVAGELFF	tgtgccagcagttaccttccggcgggagtagccggggagctgtttttt	1	0	1	1	1
clonotype4166	UNK_S	1	TRAV26-1*01	TRAJ44*01			TRBV12-3*01	TRBJ1-6*01	CIVRVTGTASKLTF	tgcatcgtcagagttaccggcactgccagtaaactcaccttt			CASSTGAVSNSPLHF	tgtgccagcagtacaggggctgtaagtaattcacccctccacttt	1	0	1	1	1
clonotype4167	UNK_S	1	TRAV26-1*01	TRAJ44*01			TRBV12-3*01	TRBJ2-7*01	CIVRSTGTASKLTF	tgcatcgtcaggtctaccggcactgccagtaaactcaccttt			CASSWTRSSDYEQYF	tgtgccagcagttggactagaagctctgactacgagcagtacttc	1	0	1	1	1
clonotype4168	UNK_S	1	TRAV26-1*01	TRAJ37*01			TRBV2*01	TRBJ1-4*01	CIVRTSSNTGKLIF	tgcatcgtcaggacttctagcaacacaggcaaactaatcttt			CASSEGGRGNEKLFF	tgtgccagcagtgaaggggggcgcggaaatgaaaaactgtttttt	1	0	1	1	1
clonotype4169	UNK_S	1	TRAV26-1*01	TRAJ11*01			TRBV2*01	TRBJ1-5*01	CIAPRGTLYSTLTF	tgcatcgccccgcgcgggacactatacagcaccctcaccttt			CASSEVDRGPQPQHF	tgtgccagcagtgaagttgacagggggcctcagccccagcatttt	1	0	1	1	1
clonotype417	UNK_S	1	TRAV8-3*01	TRAJ15*01			TRBV29-1*01	TRBJ2-2*01	CAVGAKAGTALIF	tgtgctgtgggtgcgaaggcaggaactgctctgatcttt			CSVATQNTGELFF	tgcagcgttgcaacccagaacaccggggagctgtttttt	1	0	1	1	1
clonotype4170	UNK_S	1	TRAV26-1*01	TRAJ49*01			TRBV2*01	TRBJ1-3*01	CIVPRLSTGNQFYF	tgcatcgtcccccggctatccaccggtaaccagttctatttt			CASSDPLRRADTIYF	tgtgccagcagtgaccctctccgcagggcagacaccatatatttt	1	0	1	1	1
clonotype4171	UNK_S	1	TRAV21*01	TRAJ11*01			TRBV2*01	TRBJ2-5*01	CAGGYSTLTF	tgtgctgggggatacagcaccctcaccttt			CASSDPAGGRETQYF	tgtgccagctcggatcccgcgggcggtcgggagacccagtacttc	1	0	1	1	1
clonotype4172	UNK_S	1	TRAV25*01	TRAJ42*01			TRBV12-5*01	TRBJ2-1*01	CAGRGSQGNLIF	tgtgcagggcggggaagccaaggaaatctcatcttt			CASGFGRSGVDEQFF	tgtgctagtggttttgggagatcgggagtcgatgagcagttcttc	1	0	1	1	1
clonotype4173	UNK_S	1	TRAV26-1*01	TRAJ42*01			TRBV24-1*01	TRBJ1-2*01	CIVRFRGSQGNLIF	tgcatcgtcagattccgaggaagccaaggaaatctcatcttt			CATSDPGVTGKYGYTF	tgtgccaccagtgatccgggggttacagggaaatatggctacaccttc	1	0	1	1	1
clonotype4174	UNK_S	1	TRAV16*01	TRAJ15*01			TRBV28*01	TRBJ2-6*01	CALTNQAGTALIF	tgtgctctaaccaaccaggcaggaactgctctgatcttt			CASSPGTSSGANVLTF	tgtgccagcagccctgggacatcctctggggccaacgtcctgactttc	1	0	1	1	1
clonotype4175	UNK_S	1	TRAV1-2*01	TRAJ39*01			TRBV28*01	TRBJ2-3*01	CAVRGNNAGNMLTF	tgtgctgtgagagggaataatgcaggcaacatgctcaccttt			CASSFKAQFLADTQYF	tgtgccagcagtttcaaggcccagtttctagcagatacgcagtatttt	1	0	1	1	1
clonotype4176	UNK_S	1	TRAV26-1*01	TRAJ11*01			TRBV5-8*01	TRBJ2-2*01	CIVRLGGGYSTLTF	tgcatcgtcagacttggaggaggatacagcaccctcaccttt			CASSSRRGQISGELFF	tgtgccagcagctcgaggagggggcagattagcggggagctgtttttt	1	0	1	1	1
clonotype4177	UNK_S	1	TRAV21*01	TRAJ49*01	TRAV39*01	TRAJ42*01	TRBV5-8*01	TRBJ2-2*01	CAVNTGNQFYF	tgtgctgtgaacaccggtaaccagttctatttt	CAVRGSQGNLIF	tgtgccgtgcgtggaagccaaggaaatctcatcttt	CASSKGLAVNTGELFF	tgtgccagcagtaagggactagcggtaaacaccggggagctgtttttt	2	1	2	2	1
clonotype4178	UNK_S	1	TRAV16*01	TRAJ31*01			TRBV7-9*01	TRBJ2-1*01	CALSGHNNARLMF	tgtgctctaagtggccataacaatgccagactcatgttt			CASSTGLAGGYEQFF	tgtgccagcagcactggactagcgggaggctatgagcagttcttc	1	0	1	1	1
clonotype4179	UNK_S	1	TRAV26-2*01	TRAJ10*01	TRAV29/DV5*01	TRAJ20*01	TRBV7-9*01	TRBJ1-5*01	CILSFTGGGNKLTF	tgcatcctgtctttcacgggaggaggaaacaaactcaccttt	CAAFRPATDDYKLSF	tgtgcagcattccgcccggcgaccgacgactacaagctcagcttt	CASSSQGAGNQPQHF	tgtgccagcagctcacagggggccggcaatcagccccagcatttt	2	1	2	2	1
clonotype418	UNK_S	1	TRAV3*01	TRAJ35*01			TRBV29-1*01	TRBJ2-3*01	CAVRAVFGNVLHC	tgtgctgtgagagccgtatttgggaatgtgctgcattgc			CSVVTTGTDTQYF	tgcagcgttgtaactacgggtacagatacgcagtatttt	1	0	1	1	1
clonotype4180	UNK_S	1	TRAV26-1*01	TRAJ48*01			TRBV7-9*01	TRBJ2-1*01	CIEEANFGNEKLTF	tgcatcgaggaggctaactttggaaatgagaaattaaccttt			CASSLAGESYNEQFF	tgtgccagcagcttagcgggagagtcctacaatgagcagttcttc	1	0	1	1	1
clonotype4181	UNK_S	1	TRAV12-1*01	TRAJ29*01			TRBV7-9*01	TRBJ2-1*01	CVGGNTPLVF	tgtgtggggggaaacacacctcttgtcttt			CASSLGGLRYNEQFF	tgtgccagcagcttggggggactgagatacaatgagcagttcttc	1	0	1	1	1
clonotype4182	UNK_S	1	TRAV26-1*01	TRAJ53*01			TRBV7-9*01	TRBJ2-3*01	CIVRVRGSNYKLTF	tgcatcgtcagagttcgaggtagcaactataaactgacattt			CASSNNQGSTDTQYF	tgtgccagcagcaataaccaggggagcacagatacgcagtatttt	1	0	1	1	1
clonotype4183	UNK_S	1	TRAV27*01	TRAJ40*01	TRAV9-2*01	TRAJ54*01	TRBV7-9*01	TRBJ2-1*01	CAGESGTYKYIF	tgtgcaggagagtccggaacctacaaatacatcttt	CAPPIQGAQKLVF	tgtgctccccctattcagggagcccagaagctggtattt	CASSPTSGDYNEQFF	tgtgccagcagccccacttctggggactacaatgagcagttcttc	2	1	2	2	1
clonotype4184	UNK_S	1	TRAV1-2*01	TRAJ40*01			TRBV7-9*01	TRBJ2-1*01	CAVRPDSGTYKYIF	tgtgctgtgagacctgattcaggaacctacaaatacatcttt			CASSVTSGGTGEQFF	tgtgccagcagcgttactagcggggggaccggtgagcagttcttc	1	0	1	1	1
clonotype4185	UNK_S	1	TRAV1-2*01	TRAJ6*01			TRBV7-3*01	TRBJ2-1*01	CAVELSGGSYIPTF	tgtgctgtcgaattatcaggaggaagctacatacctacattt			CASSSAEGANNEQFF	tgtgccagcagcagcgcagagggagctaacaatgagcagttcttc	1	0	1	1	1
clonotype4186	UNK_S	1	TRAV4*01	TRAJ22*01			TRBV11-2*01	TRBJ2-5*01	CLAAASGSARQLTF	tgcctcgctgcggcttctggttctgcaaggcaactgaccttt			CASTSFAGDGETQYF	tgtgccagcacctcctttgcgggagatggagagacccagtacttc	1	0	1	1	1
clonotype4187	UNK_S	1	TRAV26-1*01	TRAJ54*01			TRBV11-2*01	TRBJ2-7*01	CIVRVEGGAQKLVF	tgcatcgtcagagtcgaggggggagcccagaagctggtattt			CASSLESQPFYEQYF	tgtgccagcagcttagaaagtcaacccttctacgagcagtacttc	1	0	1	1	1
clonotype4188	UNK_S	1	TRAV1-1*01	TRAJ8*01			TRBV7-8*01	TRBJ1-5*01	CAVSDYTGFQKLVF	tgcgctgtgagtgattacacaggctttcagaaacttgtattt			CASSLEARVDQPQHF	tgtgccagcagcttagaggccagggtcgatcagccccagcatttt	1	0	1	1	1
clonotype4189	UNK_S	1	TRAV26-2*01	TRAJ42*01			TRBV7-2*01	TRBJ1-1*01	CILWGGGSQGNLIF	tgcatcctgtggggtggaggaagccaaggaaatctcatcttt			CASSLYGGQNTEAFF	tgtgccagcagcttatacgggggccagaacactgaagctttcttt	1	0	1	1	1
clonotype4190	UNK_S	1	TRAV16*01	TRAJ58*01			TRBV7-2*01	TRBJ1-3*01	CALKWASGSRLTF	tgtgctctaaagtgggccagtggctctaggttgaccttt			CASSFGGSSGNTIYF	tgtgccagcagcttcggcggttcctctggaaacaccatatatttt	1	0	1	1	1
clonotype4191	UNK_S	1	TRAV25*01	TRAJ13*01			TRBV7-2*01	TRBJ2-5*01	CAGTGGYQKVTF	tgtgcagggactgggggttaccagaaagttaccttt			CASSFGLARQETQYF	tgtgccagcagctttggactagcacggcaagagacccagtacttc	1	0	1	1	1
clonotype4192	UNK_S	1	TRAV25*01	TRAJ36*01			TRBV7-2*01	TRBJ2-5*01	CAAQTGANNLFF	tgtgcagcccaaactggggcaaacaacctcttcttt			CASSLELSGWETQYF	tgtgccagcagcttagagctttcagggtgggagacccagtacttc	1	0	1	1	1
clonotype4193	UNK_S	1	TRAV35*01	TRAJ54*01			TRBV27*01	TRBJ2-3*01	CAGRRGAQKLVF	tgtgctgggcgtcggggagcccagaagctggtattt			CASSSQGISPTDTQYF	tgtgccagcagttcccaggggatcagccccacagatacgcagtatttt	1	0	1	1	1
clonotype4194	UNK_S	1	TRAV9-2*01	TRAJ54*01			TRBV5-6*01	TRBJ1-4*01	CAGGAQKLVF	tgtgcggggggagcccagaagctggtattt			CASSLVSRDRSEKLFF	tgtgccagcagcttggtaagccgggacaggtccgaaaaactgtttttt	1	0	1	1	1
clonotype4195	UNK_S	1	TRAV39*01	TRAJ36*01			TRBV5-4*01	TRBJ2-7*01	CAVDNGANNLFF	tgtgccgtggacaatggggcaaacaacctcttcttt			CASSWVVGGGRNEQYF	tgtgccagcagctgggtagtggggggagggcgcaacgagcagtacttc	1	0	1	1	1
clonotype4196	UNK_S	1	TRAV16*01	TRAJ9*01			TRBV5-4*01	TRBJ2-5*01	CALSGTGGFKTIF	tgtgctctaagtggtactggaggcttcaaaactatcttt			CASSLQGVRGQETQYF	tgtgccagcagcttgcagggggtaaggggacaagagacccagtacttc	1	0	1	1	1
clonotype4197	UNK_S	1	TRAV40*01	TRAJ42*01	TRAV35*01	TRAJ42*01	TRBV5-1*01	TRBJ1-2*01	CLLGLMNYGGSQGNLIF	tgtcttctgggactcatgaattatggaggaagccaaggaaatctcatcttt	CAGLNYGGSQGNLIF	tgtgctggtttgaattatggaggaagccaaggaaatctcatcttt	CASSPQGPGSLNGYTF	tgcgccagcagcccacagggaccagggagtctgaatggctacaccttc	2	1	2	2	1
clonotype4198	UNK_S	1	TRAV27*01	TRAJ5*01			TRBV5-1*01	TRBJ2-1*01	CAADTGRRALTF	tgtgcagctgacacgggcaggagagcacttactttt			CASSLDLAGGTNEQFF	tgcgccagcagcttggatctagcgggagggaccaatgagcagttcttc	1	0	1	1	1
clonotype4199	UNK_S	1	TRAV25*01	TRAJ27*01			TRBV5-1*01	TRBJ1-4*01	CAGGTNAGKSTF	tgtgcagggggcaccaatgcaggcaaatcaaccttt			CASSLAFGTGNEKLFF	tgcgccagcagcttggcctttgggacagggaacgaaaaactgtttttt	1	0	1	1	1
clonotype42	UNK_S	2	TRAV1-2*01	TRAJ15*01			TRBV28*01	TRBJ2-1*01	CAVSNNQAGTALIF	tgtgctgtgagcaataaccaggcaggaactgctctgatcttt			CASSWGVREQFF	tgtgccagcagttggggagtccgcgagcagttcttc	2	0	2	1	1
clonotype420	UNK_S	1	TRAV8-3*01	TRAJ39*01			TRBV20-1*01	TRBJ2-2*01	CAVGAKAGNMLTF	tgtgctgtgggtgcgaaggcaggcaacatgctcaccttt			CSATPRNTGELFF	tgcagtgctacacccaggaacaccggggagctgtttttt	1	0	1	1	1
clonotype4200	UNK_S	1	TRAV26-1*01	TRAJ16*01			TRBV5-1*01	TRBJ2-7*01	CIVRRISDGQKLLF	tgcatcgtcagacgaatttcagatggccagaagctgctcttt			CASSLVRQGTPHEQYF	tgcgccagcagcttggtgagacaggggacccctcacgagcagtacttc	1	0	1	1	1
clonotype4201	UNK_S	1	TRAV26-2*01	TRAJ33*01			TRBV12-4*01	TRBJ2-1*01	CILRDSDSNYQLIW	tgcatcctgagagactcggatagcaactatcagttaatctgg			CASSLNGGSYNEQFF	tgtgccagcagtttgaacggaggctcctacaatgagcagttcttc	1	0	1	1	1
clonotype4202	UNK_S	1	TRAV1-1*01	TRAJ10*01			TRBV3-1*01	TRBJ2-1*01	CAVRSTGGGNKLTF	tgcgctgtgagatccacgggaggaggaaacaaactcaccttt			CASSQDSADYYNEQFF	tgtgccagcagccaagattccgcagactattacaatgagcagttcttc	1	0	1	1	1
clonotype4203	UNK_S	1	TRAV1-2*01	TRAJ23*01			TRBV3-1*01	TRBJ2-5*01	CAVYLYNQGGKLIF	tgtgctgtctacctttataaccagggaggaaagcttatcttc			CASSPKGRGGTETQYF	tgtgccagcagcccaaaagggcgcgggggtacggagacccagtacttc	1	0	1	1	1
clonotype4204	UNK_S	1	TRAV26-1*01	TRAJ41*01			TRBV3-1*01	TRBJ2-4*01	CIVRVYNSGYALNF	tgcatcgtcagagtctacaattccgggtatgcactcaacttc			CASSLNELGTKNIQYF	tgtgccagcagcctaaacgaattggggaccaaaaacattcagtacttc	1	0	1	1	1
clonotype4205	UNK_S	1	TRAV4*01	TRAJ10*01			TRBV4-1*01	TRBJ2-1*01	CLVILTGGGNKLTF	tgcctcgttatactcacgggaggaggaaacaaactcaccttt			CASSQEGQYRDNEQFF	tgcgccagcagccaagaaggccagtatcgcgacaatgagcagttcttc	1	0	1	1	1
clonotype4207	UNK_S	1	TRAV1-1*01	TRAJ9*01			TRBV4-2*01	TRBJ2-1*01	CAVRYYTGGFKTIF	tgcgctgtgagatactatactggaggcttcaaaactatcttt			CASSQDMREAAHEQFF	tgtgccagcagccaagatatgcgggaggccgcgcatgagcagttcttc	1	0	1	1	1
clonotype4208	UNK_S	1	TRAV4*01	TRAJ12*01			TRBV4-2*01	TRBJ2-2*01	CLVAPMDSSYKLIF	tgcctcgtggccccgatggatagcagctataaattgatcttc			CASSQGLAGDTGELFF	tgtgccagcagccaaggcctagcgggagacaccggggagctgtttttt	1	0	1	1	1
clonotype4209	UNK_S	1	TRAV25*01	TRAJ34*01			TRBV9*01	TRBJ2-1*01	CAGPGNTDKLIF	tgtgcagggccgggcaacaccgacaagctcatcttt			CASSAVGTSYYNEQFF	tgtgccagcagcgccgtcgggactagctactacaatgagcagttcttc	1	0	1	1	1
clonotype421	UNK_S	1	TRAV8-3*01	TRAJ22*01			TRBV20-1*01	TRBJ1-1*01	CAVGAGSARQLTF	tgtgctgtgggcgctggttctgcaaggcaactgaccttt			CSASTGVNTEAFF	tgcagtgctagtacaggggtgaacactgaagctttcttt	1	0	1	1	1
clonotype4210	UNK_S	1	TRAV1-1*01	TRAJ30*01			TRBV9*01	TRBJ2-1*01	CAVRDLNRDDKIIF	tgcgctgtgagagatctaaacagagatgacaagatcatcttt			CASSVEGTSPRVEQFF	tgtgccagcagcgtagagggaacgtccccccgggttgagcagttcttc	1	0	1	1	1
clonotype4211	UNK_S	1	TRAV25*01	TRAJ9*01			TRBV9*01	TRBJ2-6*01	CAGTTGGFKTIF	tgtgcaggaactactggaggcttcaaaactatcttt			CASSVGGFSGANVLTF	tgtgccagcagcgtaggaggtttctctggggccaacgtcctgactttc	1	0	1	1	1
clonotype4213	UNK_S	1	TRAV2*01	TRAJ33*01			TRBV6-4*01	TRBJ2-2*01	CAVDSNYQLIW	tgtgctgtggatagcaactatcagttaatctgg			CASSQLGQTNTGELFF	tgtgccagcagccagctgggacagactaacaccggggagctgtttttt	1	0	1	1	1
clonotype4214	UNK_S	1	TRAV12-1*01	TRAJ20*01			TRBV19*01	TRBJ2-1*01	CVVNVDYKLSF	tgtgtggtgaacgtcgactacaagctcagcttt			CASSIADTSPYNEQFF	tgtgccagtagtatagcggacacctctccctacaatgagcagttcttc	1	0	1	1	1
clonotype4216	UNK_S	1	TRAV26-2*01	TRAJ42*01			TRBV6-6*01	TRBJ2-2*01	CIRSRYGGSQGNLIF	tgcatccggtcgcggtatggaggaagccaaggaaatctcatcttt			CASSERGPPNTGELFF	tgtgccagcagtgagcgcgggcctccgaacaccggggagctgtttttt	1	0	1	1	1
clonotype4217	UNK_S	1	TRAV9-2*01	TRAJ10*01	TRAV16*01	TRAJ37*01	TRBV6-6*01	TRBJ1-3*01	CALSEKELTGGGNKLTF	tgtgctctgagtgagaaagaactcacgggaggaggaaacaaactcaccttt	CALELFSNTGKLIF	tgtgctctcgaactcttcagcaacacaggcaaactaatcttt	CASEGAGLSSGNTIYF	tgtgccagcgaaggggcaggactatcctctggaaacaccatatatttt	2	1	2	2	1
clonotype4218	UNK_S	1	TRAV17*01	TRAJ30*01			TRBV6-5*01	TRBJ1-1*01	CATEDGDKIIF	tgtgctacggaggacggtgacaagatcatcttt			CASSYSGGALNTEAFF	tgtgccagcagttactccgggggggccttgaacactgaagctttcttt	1	0	1	1	1
clonotype4219	UNK_S	1	TRAV13-1*01	TRAJ43*01			TRBV6-1*01	TRBJ2-7*01	CAASMGNDMRF	tgtgcagcaagtatgggcaatgacatgcgcttt			CASRVKGGLAVYEQYV	tgtgccagcagagtgaaagggggactagcggtgtacgagcagtacgtc	1	0	1	1	1
clonotype422	UNK_S	1	TRAV9-2*01	TRAJ33*01			TRBV20-1*01	TRBJ2-3*01	CALSPMDSNYQLIW	tgtgctctgagtcccatggatagcaactatcagttaatctgg			CSAREVSTDTQYF	tgcagtgctagagaagtaagcacagatacgcagtatttt	1	0	1	1	1
clonotype4220	UNK_S	1	TRAV27*01	TRAJ39*01			TRBV6-1*01	TRBJ2-1*01	CAGAYNAGNMLTF	tgtgcaggagcctataatgcaggcaacatgctcaccttt			CASSATSGRIYNEQFF	tgtgccagcagtgcaactagcgggaggatttacaatgagcagttcttc	1	0	1	1	1
clonotype4222	UNK_S	1	TRAV2*01	TRAJ26*01			TRBV6-2*01	TRBJ1-5*01	CAVGYGQNFVF	tgtgctgtcggatatggtcagaattttgtcttt			CASTNRDRGTDQPQHF	tgtgccagcaccaatagggacaggggaacggatcagccccagcatttt	1	0	1	1	1
clonotype4223	UNK_S	1	TRAV2*01	TRAJ33*01			TRBV6-2*01	TRBJ2-3*01	CAVGGNYQLIW	tgtgctgtggggggcaactatcagttaatctgg			CASSLQTSGSTDTQYF	tgtgccagcagcctacaaactagcgggagtacagatacgcagtatttt	1	0	1	1	1
clonotype4224	UNK_S	1	TRAV26-2*01	TRAJ37*01			TRBV6-2*01	TRBJ2-7*01	CILDYGSSNTGKLIF	tgcatccttgactatggctctagcaacacaggcaaactaatcttt			CASSYSWRAGPGEQYV	tgtgccagcagttactcgtggcgggcagggccgggggagcagtacgtc	1	0	1	1	1
clonotype4225	UNK_S	1	TRAV1-1*01	TRAJ8*01	TRAV2*01	TRAJ12*01	TRBV6-2*01	TRBJ2-7*01	CAVRDSNTGFQKLVF	tgcgctgtgagagactcgaacacaggctttcagaaacttgtattt	CAARLEESSYKLIF	tgtgctgctcgcctggaggagagcagctataaattgatcttc	CASSYSTSGTAYEQYV	tgtgccagcagttactctactagcgggaccgcctacgagcagtacgtc	2	1	2	2	1
clonotype4226	UNK_S	1	TRAV26-1*01	TRAJ37*01			TRBV20-1*01	TRBJ2-7*01	CIVRVGSSNTGKLIF	tgcatcgtcagagtcggctctagcaacacaggcaaactaatcttt			CSARRPPAGGRSSYEQYF	tgcagtgctaggagacccccagccggcgggagaagctcctacgagcagtacttc	1	0	1	1	1
clonotype4227	UNK_S	1	TRAV21*01	TRAJ20*01			TRBV20-1*01	TRBJ2-2*01	CAVRADYKLSF	tgtgctgtgagggccgactacaagctcagcttt			CSASTPSGSDTNTGELFF	tgcagtgctagtacccctagcgggagcgacacgaacaccggggagctgtttttt	1	0	1	1	1
clonotype4228	UNK_S	1	TRAV26-1*01	TRAJ39*01			TRBV18*01	TRBJ2-5*01	CIVRVATDAGNMLTF	tgcatcgtcagagtcgcgactgatgcaggcaacatgctcaccttt			CASSPTGTGGETQYF	tgtgccagctcaccgaccgggacagggggagagacccagtacttc	1	0	1	1	1
clonotype4229	UNK_S	1	TRAV1-2*01	TRAJ44*01			TRBV18*01	TRBJ2-7*01	CAVRPPTGTASKLTF	tgtgctgtgagaccaccaaccggcactgccagtaaactcaccttt			CASSLPQAAGGEQYF	tgtgccagctcactaccgcaggctgcgggtggcgagcagtacttc	1	0	1	1	1
clonotype423	UNK_S	1	TRAV8-3*01	TRAJ15*01			TRBV20-1*01	TRBJ2-2*01	CAVGAKAGTALIF	tgtgctgtgggtgcgaaggcaggaactgctctgatcttt			CSASGINTGELFF	tgcagtgctagcgggatcaacaccggggagctgtttttt	1	0	1	1	1
clonotype4230	UNK_S	1	TRAV25*01	TRAJ13*01			TRBV18*01	TRBJ2-7*01	CAGASGGYQKVTF	tgtgcaggcgcgtctgggggttaccagaaagttaccttt			CASSSSGTGVYEQYF	tgtgccagctcatcctccgggacaggggtttacgagcagtacttc	1	0	1	1	1
clonotype4231	UNK_S	1	TRAV26-2*01	TRAJ54*01			TRBV12-3*01	TRBJ1-5*01	CILRDRLQGAQKLVF	tgcatcctgagagacagacttcagggagcccagaagctggtattt			CASTLEAWGNQPQHF	tgtgccagcactttagaggcttggggcaatcagccccagcatttt	1	0	1	1	1
clonotype4232	UNK_S	1	TRAV21*01	TRAJ24*01	TRAV17*01	TRAJ22*01	TRBV12-3*01	TRBJ1-5*01	CAVRSDSWGKLQF	tgtgctgtgagatccgacagctgggggaaattgcagttt	CDRGSARQLTF	tgtgaccggggttctgcaaggcaactgaccttt	CASSPGQGTGQPQHF	tgtgccagcagtccgggacagggtacgggtcagccccagcatttt	2	1	2	2	1
clonotype4233	UNK_S	1	TRAV25*01	TRAJ39*01			TRBV12-3*01	TRBJ2-2*01	CAGPGNAGNMLTF	tgtgcagggccgggtaatgcaggcaacatgctcaccttt			CASSLGRLKTGELFF	tgtgccagcagtttggggcggcttaagaccggggagctgtttttt	1	0	1	1	1
clonotype4234	UNK_S	1	TRAV1-2*01	TRAJ26*01			TRBV2*01	TRBJ2-3*01	CAVRARDNYGQNFVF	tgtgctgtgagagctcgggataactatggtcagaattttgtcttt			CASSGGGGSTDTQYF	tgtgccagcagcggagggggcggtagcacagatacgcagtatttt	1	0	1	1	1
clonotype4235	UNK_S	1	TRAV39*01	TRAJ53*01			TRBV2*01	TRBJ1-3*01	CAVYGGSNYKLTF	tgtgccgtgtacggaggtagcaactataaactgacattt			CASSQGPNSGNTIYF	tgtgccagcagtcagggaccgaactctggaaacaccatatatttt	1	0	1	1	1
clonotype4236	UNK_S	1	TRAV26-1*01	TRAJ37*01			TRBV2*01	TRBJ2-1*01	CIVRLFSSNTGKLIF	tgcatcgtcagactcttctctagcaacacaggcaaactaatcttt			CASSRRDSSYNEQFF	tgtgccagcagtcgccgcgacagctcctacaatgagcagttcttc	1	0	1	1	1
clonotype4237	UNK_S	1	TRAV25*01	TRAJ29*01			TRBV12-5*01	TRBJ1-5*01	CAGYSSGNTPLVF	tgtgcagggtactcttcaggaaacacacctcttgtcttt			CASGLETGWNQPQHF	tgtgctagtggtttggaaacaggctggaatcagccccagcatttt	1	0	1	1	1
clonotype4238	UNK_S	1	TRAV25*01	TRAJ40*01			TRBV24-1*01	TRBJ2-2*01	CAGGTSGTYKYIF	tgtgcggggggtacctcaggaacctacaaatacatcttt			CATSDMRTAGRGELFF	tgtgccaccagtgatatgcggactgccgggaggggggagctgtttttt	1	0	1	1	1
clonotype4239	UNK_S	1	TRAV26-1*01	TRAJ36*01			TRBV28*01	TRBJ2-5*01	CIVRVRETGANNLFF	tgcatcgtcagagtgagggaaactggggcaaacaacctcttcttt			CASSFPRQGGQETQYF	tgtgccagcagttttccccgacagggaggccaagagacccagtacttc	1	0	1	1	1
clonotype424	UNK_S	1	TRAV12-1*01	TRAJ39*01			TRBV20-1*01	TRBJ2-5*01	CVVTRFGAGNMLTF	tgtgtggtgacccggtttggtgcaggcaacatgctcaccttt			CSAGRLAGGTQYF	tgcagtgctgggagactagcgggagggacccagtacttc	1	0	1	1	1
clonotype4240	UNK_S	1	TRAV8-3*01	TRAJ36*01	TRAV16*01	TRAJ6*01	TRBV5-8*01	TRBJ1-1*01	CAVKTGANNLFF	tgtgctgtaaaaactggggcaaacaacctcttcttt	CALIGTGGSYIPTF	tgtgctctaatcgggacaggaggaagctacatacctacattt	CASSALSFPSNTEAFF	tgtgccagcagcgccctgagcttcccatcgaacactgaagctttcttt	2	1	2	2	1
clonotype4241	UNK_S	1	TRAV1-2*01	TRAJ10*01			TRBV5-8*01	TRBJ2-5*01	CAVRALLRGGNKLTF	tgtgctgtgagagcccttctaagaggaggaaacaaactcaccttt			CASSLKGTRGIATQYF	tgtgccagcagcttaaaagggactagaggaatagcgacccagtacttc	1	0	1	1	1
clonotype4242	UNK_S	1	TRAV13-1*01	TRAJ29*01			TRBV10-3*01	TRBJ2-5*01	CAGSGNTPLVF	tgtgcagggtctggaaacacacctcttgtcttt			CAISSTAGTGKETQYF	tgtgccatcagttccacggccgggacagggaaagagacccagtacttc	1	0	1	1	1
clonotype4243	UNK_S	1	TRAV39*01	TRAJ41*01			TRBV10-3*01	TRBJ1-5*01	CAPDTDSGYALNF	tgtgccccggacacggattccgggtatgcactcaacttc			CAISESLSYSNQPQHF	tgtgccatcagtgagtccttaagttatagcaatcagccccagcatttt	1	0	1	1	1
clonotype4244	UNK_S	1	TRAV39*01	TRAJ40*01			TRBV7-9*01	TRBJ1-3*01	CAVDRSGTYKYIF	tgtgccgtggaccggtcaggaacctacaaatacatcttt			CASSYHRDSGNTIYF	tgtgccagcagctaccacagagactctggaaacaccatatatttt	1	0	1	1	1
clonotype4245	UNK_S	1	TRAV39*01	TRAJ29*01			TRBV7-9*01	TRBJ1-2*01	CAVDKRGNTPLVF	tgtgccgtggacaagcgaggaaacacacctcttgtcttt			CASSLLGQANYGYTF	tgtgccagcagcttattaggacaggctaactatggctacaccttc	1	0	1	1	1
clonotype4246	UNK_S	1	TRAV13-1*01	TRAJ31*01	TRAV13-2*01	TRAJ40*01	TRBV7-9*01	TRBJ2-1*01	CAAFTGARLMF	tgtgcagcgttcacgggtgccagactcatgttt	CAGSSGTYKYIF	tgtgcaggctcctcaggaacctacaaatacatcttt	CASSFGLAVNNEQFF	tgtgccagcagcttcgggctagcggttaacaatgagcagttcttc	2	1	2	2	1
clonotype4247	UNK_S	1	TRAV14/DV4*01	TRAJ54*01	TRAV21*01	TRAJ33*01	TRBV7-3*01	TRBJ1-1*01	CAMRAVIDLIQGAQKLVF	tgtgcaatgagagcggtcatcgatctaattcagggagcccagaagctggtattt	CAVVSNYQLIW	tgtgctgtagttagcaactatcagttaatctgg	CASSLSGGRNTEAFF	tgtgccagcagcttaagtggagggaggaacactgaagctttcttt	2	1	2	2	1
clonotype4248	UNK_S	1	TRAV26-1*01	TRAJ22*01	TRAV17*01	TRAJ53*01	TRBV7-3*01	TRBJ2-1*01	CIVSPTSGSARQLTF	tgcatcgtcagtccgacttctggttctgcaaggcaactgaccttt	CATDANSGGSNYKLTF	tgtgctacggacgcgaatagtggaggtagcaactataaactgacattt	CASSLLVTRYNEQFF	tgtgccagcagcttactggttacccgctacaatgagcagttcttc	2	1	2	2	1
clonotype4249	UNK_S	1	TRAV9-2*01	TRAJ30*01			TRBV7-3*01	TRBJ1-1*01	CALRKDDKIIF	tgtgctctgaggaaagatgacaagatcatcttt			CASSLYRTENTEAFF	tgtgccagcagcttatacaggacggagaacactgaagctttcttt	1	0	1	1	1
clonotype425	UNK_S	1	TRAV39*01	TRAJ48*01			TRBV24-1*01	TRBJ1-2*01	CAVDRAPNFGNEKLTF	tgtgccgtggaccgagctcctaactttggaaatgagaaattaaccttt			CATSDPSGYTF	tgtgccaccagtgaccccagcggctacaccttc	1	0	1	1	1
clonotype4250	UNK_S	1	TRAV9-2*01	TRAJ31*01			TRBV11-2*01	TRBJ2-7*01	CALRNNARLMF	tgtgctctgcggaacaatgccagactcatgttt			CASSWTETGGYEQYF	tgtgccagcagctggaccgagacagggggctacgagcagtacttc	1	0	1	1	1
clonotype4251	UNK_S	1	TRAV2*01	TRAJ30*01			TRBV11-2*01	TRBJ1-6*01	CAVDRDDKIIF	tgtgctgtggacagagatgacaagatcatcttt			CASSLAGKDNSPLHF	tgtgccagcagcttagccggaaaagataattcacccctccacttt	1	0	1	1	1
clonotype4252	UNK_S	1	TRAV5*01	TRAJ7*01	TRAV2*01	TRAJ34*01	TRBV7-8*01	TRBJ2-1*01	CAETHYGNNRLAF	tgtgcagagacccactatgggaacaacagactcgctttt	CAVEDTDKLIF	tgtgctgtggaggacaccgacaagctcatcttt	CASSSRDTIYNEQFF	tgtgccagcagctccagggacacgatatacaatgagcagttcttc	2	1	2	2	1
clonotype4253	UNK_S	1	TRAV13-1*01	TRAJ34*01			TRBV7-2*01	TRBJ2-2*01	CAAPDTDKLIF	tgtgcagcacccgacaccgacaagctcatcttt			CASRQPGVSTGELFF	tgtgccagcagacagccaggggtgagcaccggggagctgtttttt	1	0	1	1	1
clonotype4254	UNK_S	1	TRAV30*01	TRAJ16*01			TRBV7-2*01	TRBJ2-1*01	CGTSDGQKLLF	tgcggcacttcagatggccagaagctgctcttt			CASSPGLAGANEQFF	tgtgccagcagcccgggactagcgggagcgaatgagcagttcttc	1	0	1	1	1
clonotype4255	UNK_S	1	TRAV12-1*01	TRAJ31*01	TRAV8-1*01	TRAJ36*01	TRBV7-2*01	TRBJ2-5*01	CVVYNNARLMF	tgtgtggtttataacaatgccagactcatgttt	CAPWAQTGANNLFF	tgtgccccgtgggctcaaactggggcaaacaacctcttcttt	CASSLTPAAQETQYF	tgtgccagcagcttaactcctgcagcccaagagacccagtacttc	2	1	2	2	1
clonotype4257	UNK_S	1	TRAV26-2*01	TRAJ28*01			TRBV7-2*01	TRBJ1-4*01	CIHYPSGAGSYQLTF	tgcatccactacccatctggggctgggagttaccaactcactttc			CASSLAGIFNEKLFF	tgtgccagcagcttagcggggatttttaatgaaaaactgtttttt	1	0	1	1	1
clonotype4258	UNK_S	1	TRAV27*01	TRAJ40*01			TRBV10-2*01	TRBJ1-6*01	CAGTYSGTYKYIF	tgtgcaggaacctactcaggaacctacaaatacatcttt			CASSELVGQGGSPLHF	tgcgccagcagtgagttggtaggacagggcggctcacccctccacttt	1	0	1	1	1
clonotype4259	UNK_S	1	TRAV13-1*01	TRAJ34*01			TRBV7-6*01	TRBJ2-7*01	CAAYNTDKLIF	tgtgcagcatataacaccgacaagctcatcttt			CASSLGGTGWNEQYF	tgtgccagcagcttaggggggacagggtggaacgagcagtacttc	1	0	1	1	1
clonotype426	UNK_S	1	TRAV13-2*01	TRAJ17*01			TRBV24-1*01	TRBJ1-1*01	CAENGAAGNKLTF	tgtgcagagaatggggctgcaggcaacaagctaactttt			CATRSGTEAFF	tgtgccaccaggtctgggactgaagctttcttt	1	0	1	1	1
clonotype4260	UNK_S	1	TRAV25*01	TRAJ37*01			TRBV27*01	TRBJ2-3*01	CAPRGSNTGKLIF	tgtgctcctcggggtagcaacacaggcaaactaatcttt			CASSLRSRAGTDTQYF	tgtgccagcagtttaagatccagggccggcacagatacgcagtatttt	1	0	1	1	1
clonotype4262	UNK_S	1	TRAV20*01	TRAJ49*01			TRBV5-6*01	TRBJ2-6*01	CAVHPGNQFYF	tgtgctgtgcatcccggtaaccagttctatttt			CASSEDGPLGPNVLTF	tgtgccagcagcgaggacggccctctggggcccaacgtcctgactttc	1	0	1	1	1
clonotype4263	UNK_S	1	TRAV29/DV5*01	TRAJ40*01	TRAV27*01	TRAJ50*01	TRBV5-4*01	TRBJ2-5*01	CAASDPTGTYKYIF	tgtgcagcaagcgaccctacaggaacctacaaatacatcttt	CAGVETSYDKVIF	tgtgcaggagtagaaacctcctacgacaaggtgatattt	CASSIGAGGFRETQYF	tgtgccagcagcatcggggcggggggctttagggagacccagtacttc	2	1	2	2	1
clonotype4265	UNK_S	1	TRAV20*01	TRAJ20*01	TRAV27*01	TRAJ42*01	TRBV5-4*01	TRBJ2-2*01	CAVQTFNDYKLSF	tgtgctgtgcagacttttaacgactacaagctcagcttt	CAGFWGSQGNLIF	tgtgcaggattttggggaagccaaggaaatctcatcttt	CASSWGLAGNTGELFF	tgtgccagcagctggggactagcggggaacaccggggagctgtttttt	2	1	2	2	1
clonotype4267	UNK_S	1	TRAV29/DV5*01	TRAJ43*01	TRAV13-1*01	TRAJ48*01	TRBV5-1*01	TRBJ1-1*01	CAALLGDMRF	tgtgcagccctcctgggtgacatgcgcttt	CAAIGNEKLTF	tgtgcagcaatcggaaatgagaaattaaccttt	CASSLQGGVGDTEAFF	tgcgccagcagcttgcaagggggcgttggggacactgaagctttcttt	2	1	2	2	1
clonotype4268	UNK_S	1	TRAV2*01	TRAJ8*01			TRBV5-1*01	TRBJ2-3*01	CAVAGFQKLVF	tgtgctgtggcaggctttcagaaacttgtattt			CASSLAGIAATDTQYF	tgcgccagcagcttggccgggatagcggccacagatacgcagtatttt	1	0	1	1	1
clonotype4269	UNK_S	1	TRAV26-2*01	TRAJ28*01			TRBV5-1*01	TRBJ2-7*01	CILNTSGAGSYQLTF	tgcatcctgaatacatctggggctgggagttaccaactcactttc			CASSLVTGTPWREQYF	tgcgccagcagcttggtaaccgggactccgtggagggagcagtacttc	1	0	1	1	1
clonotype427	UNK_S	1	TRAV5*01	TRAJ15*01			TRBV28*01	TRBJ2-2*01	CAAINQAGTALIF	tgtgcagcgataaaccaggcaggaactgctctgatcttt			CASSPTRELFF	tgtgccagcagccctacccgggagctgtttttt	1	0	1	1	1
clonotype4270	UNK_S	1	TRAV13-1*01	TRAJ26*01			TRBV5-1*01	TRBJ2-2*01	CAGTYGQNFVF	tgtgcaggcacctatggtcagaattttgtcttt			CASSLVVAGSTGELFF	tgcgccagcagcttggtggtagcgggatccaccggggagctgtttttt	1	0	1	1	1
clonotype4271	UNK_S	1	TRAV41*01	TRAJ49*01			TRBV5-1*01	TRBJ2-1*01	CAVVTGNQFYF	tgtgctgtcgtaaccggtaaccagttctatttt			CASSLSGADSYNEQFF	tgcgccagcagcttgtccggggccgactcctacaatgagcagttcttc	1	0	1	1	1
clonotype4272	UNK_S	1	TRAV1-1*01	TRAJ40*01			TRBV12-4*01	TRBJ2-1*01	CAVPLFTSGTYKYIF	tgcgctgttcccctttttacctcaggaacctacaaatacatcttt			CATVGTSGPYNEQFF	tgtgccaccgtcgggactagcggaccctacaatgagcagttcttc	1	0	1	1	1
clonotype4273	UNK_S	1	TRAV38-1*01	TRAJ28*01	TRAV25*01	TRAJ40*01	TRBV12-4*01	TRBJ1-2*01	CAFMKPFGGSGAGSYQLTF	tgtgctttcatgaagccctttgggggctctggggctgggagttaccaactcactttc	CAGPTSGTYKYIF	tgtgcagggcctacctcaggaacctacaaatacatcttt	CASRATGASLYGYTF	tgtgccagcagagccacaggggcctccctctatggctacaccttc	2	1	2	2	1
clonotype4274	UNK_S	1	TRAV4*01	TRAJ9*01			TRBV12-4*01	TRBJ1-5*01	CLVGDIRTGGFKTIF	tgcctcgtgggtgacatacgaactggaggcttcaaaactatcttt			CASSLEGLYNQPQHF	tgtgccagcagtttagaggggttatacaatcagccccagcatttt	1	0	1	1	1
clonotype4275	UNK_S	1	TRAV16*01	TRAJ40*01			TRBV12-4*01	TRBJ2-2*01	CALRGASGTYKYIF	tgtgctctccgcggagcctcaggaacctacaaatacatcttt			CASSFSGVNTGELFF	tgtgccagcagtttctcgggggtgaacaccggggagctgtttttt	1	0	1	1	1
clonotype4276	UNK_S	1	TRAV26-2*01	TRAJ49*01			TRBV12-4*01	TRBJ1-1*01	CILRDVSNTGNQFYF	tgcatcctgagagacgtatcaaacaccggtaaccagttctatttt			CASSFKRRENTEAFF	tgtgccagcagttttaagaggagagagaacactgaagctttcttt	1	0	1	1	1
clonotype4277	UNK_S	1	TRAV8-2*01	TRAJ49*01			TRBV4-1*01	TRBJ2-5*01	CVVTGNQFYF	tgtgttgtgaccggtaaccagttctatttt			CASSQDASGMQETQYF	tgcgccagcagccaagatgctagcgggatgcaagagacccagtacttc	1	0	1	1	1
clonotype4278	UNK_S	1	TRAV1-1*01	TRAJ15*01			TRBV4-1*01	TRBJ1-2*01	CAVRDWEQAGTALIF	tgcgctgtgagagattgggagcaggcaggaactgctctgatcttt			CASSQDWEGADYGYTF	tgcgccagcagccaagattgggagggggcggactatggctacaccttc	1	0	1	1	1
clonotype4279	UNK_S	1	TRAV26-2*01	TRAJ40*01			TRBV4-2*01	TRBJ2-5*01	CILRHSTSGTYKYIF	tgcatcctgagacactctacctcaggaacctacaaatacatcttt			CASSQGGILGQETQYF	tgtgccagcagccaaggcgggatcttggggcaagagacccagtacttc	1	0	1	1	1
clonotype428	UNK_S	1	TRAV13-1*01	TRAJ20*01			TRBV28*01	TRBJ1-2*01	CAASKGASGYKLSF	tgtgcagcaagtaagggggcctcgggctacaagctcagcttt			CASGTGRGYTF	tgtgccagcgggacagggcgaggctacaccttc	1	0	1	1	1
clonotype4280	UNK_S	1	TRAV39*01	TRAJ39*01			TRBV4-2*01	TRBJ2-7*01	CAVDFNAGNMLTF	tgtgccgtggactttaatgcaggcaacatgctcaccttt			CASSPPFGQGIDEQYF	tgtgccagcagcccacctttcggacagggtatcgacgagcagtacttc	1	0	1	1	1
clonotype4281	UNK_S	1	TRAV27*01	TRAJ9*01	TRAV4*01	TRAJ33*01	TRBV4-2*01	TRBJ2-1*01	CAGASPKTGGFKTIF	tgtgcaggagcaagtccaaagactggaggcttcaaaactatcttt	CLVGLNVDSNYQLIW	tgcctcgtgggcctaaatgtggatagcaactatcagttaatctgg	CASSLYLSGDLNEQFF	tgtgccagcagcctgtatttatccggggatctcaatgagcagttcttc	2	1	2	2	1
clonotype4282	UNK_S	1	TRAV26-2*01	TRAJ49*01			TRBV9*01	TRBJ2-1*01	CILRDVPNTGNQFYF	tgcatcctgagagacgtcccgaacaccggtaaccagttctatttt			CASSVAFGGPYNEQFF	tgtgccagcagcgtagcttttggggggccctacaatgagcagttcttc	1	0	1	1	1
clonotype4283	UNK_S	1	TRAV21*01	TRAJ30*01			TRBV9*01	TRBJ2-3*01	CAVGGDDKIIF	tgtgctgtgggaggagatgacaagatcatcttt			CASSVVGLAGSDTQYF	tgtgccagcagcgtagtgggactagcgggatcagatacgcagtatttt	1	0	1	1	1
clonotype4284	UNK_S	1	TRAV25*01	TRAJ12*01			TRBV11-3*01	TRBJ2-1*01	CAGQPDSSYKLIF	tgtgcagggcaaccggatagcagctataaattgatcttc			CASSFGLAEPNEQFF	tgtgccagcagcttcggactagcggaacccaatgagcagttcttc	1	0	1	1	1
clonotype4285	UNK_S	1	TRAV3*01	TRAJ20*01			TRBV14*01	TRBJ2-2*01	CAVRDYKLSF	tgtgctgtgagagactacaagctcagcttt			CASSQAQGNTGELFF	tgtgccagcagccaagctcaggggaacaccggggagctgtttttt	1	0	1	1	1
clonotype4286	UNK_S	1	TRAV21*01	TRAJ40*01			TRBV14*01	TRBJ1-1*01	CAVAGTYKYIF	tgtgctgtggcaggaacctacaaatacatcttt			CASSQGNRANTEAFF	tgtgccagcagccaagggaacagggcaaacactgaagctttcttt	1	0	1	1	1
clonotype4287	UNK_S	1	TRAV12-1*01	TRAJ8*01			TRBV14*01	TRBJ2-5*01	CVSTGFQKLVF	tgtgtgtccacaggctttcagaaacttgtattt			CASSHLDRGQETQYF	tgtgccagcagccatctcgacaggggacaagagacccagtacttc	1	0	1	1	1
clonotype4288	UNK_S	1	TRAV12-1*01	TRAJ10*01	TRAV9-2*01	TRAJ5*01	TRBV6-4*01	TRBJ1-2*01	CVVNILTGGGNKLTF	tgtgtggtgaatatactcacgggaggaggaaacaaactcaccttt	CALSDQGRALTF	tgtgctctgagtgatcaagggagagcacttactttt	CASSATGTSGYYGYTF	tgtgccagcagtgccaccgggacgtccggatactatggctacaccttc	2	1	2	2	1
clonotype4289	UNK_S	1	TRAV17*01	TRAJ29*01			TRBV19*01	TRBJ2-1*01	CASFSGNTPLVF	tgtgcttctttttcaggaaacacacctcttgtcttt			CASRTNGGSSYNEQFF	tgtgccagtaggactaacggggggagctcctacaatgagcagttcttc	1	0	1	1	1
clonotype429	UNK_S	1	TRAV13-2*01	TRAJ5*01			TRBV5-1*01	TRBJ2-1*01	CAESDTGRRALTF	tgtgcagagtccgacacgggcaggagagcacttactttt			CASRESGEQFF	tgcgccagtagagagtctggtgagcagttcttc	1	0	1	1	1
clonotype4290	UNK_S	1	TRAV9-2*01	TRAJ33*01			TRBV19*01	TRBJ2-3*01	CALRDSNYQLIW	tgtgctctgagggatagcaactatcagttaatctgg			CASSIGTSGSGDTQYF	tgtgccagtagtatagggactagcgggagtggagatacgcagtatttt	1	0	1	1	1
clonotype4291	UNK_S	1	TRAV35*01	TRAJ38*01	TRAV24*01	TRAJ21*01	TRBV19*01	TRBJ2-2*01	CAGRNAGNNRKLIW	tgtgctggccgtaatgctggcaacaaccgtaagctgatttgg	CAALYNFNKFYF	tgtgccgctctatacaacttcaacaaattttacttt	CASSIVAGAGTGELFF	tgtgccagtagtatagtagcgggagcggggaccggggagctgtttttt	2	1	2	2	1
clonotype4292	UNK_S	1	TRAV8-4*01	TRAJ21*01			TRBV6-6*01	TRBJ1-5*01	CAVSSFNKFYF	tgtgctgtgagttcgttcaacaaattttacttt			CASSDTGQPSNQPQHF	tgtgccagcagtgacacgggacagcctagcaatcagccccagcatttt	1	0	1	1	1
clonotype4293	UNK_S	1	TRAV35*01	TRAJ17*01			TRBV6-6*01	TRBJ2-5*01	CAGRLKAAGNKLTF	tgtgctggccgcctcaaagctgcaggcaacaagctaactttt			CASSPPVRGDQETQYF	tgtgccagcagcccaccggtcaggggcgatcaagagacccagtacttc	1	0	1	1	1
clonotype4294	UNK_S	1	TRAV26-2*01	TRAJ58*01			TRBV6-5*01	TRBJ2-1*01	CILRGLQETSGSRLTF	tgcatcctgagagggctgcaagaaaccagtggctctaggttgaccttt			CASNHRGASSYNEQFF	tgtgccagcaaccataggggcgcttcctcctacaatgagcagttcttc	1	0	1	1	1
clonotype4295	UNK_S	1	TRAV26-2*01	TRAJ54*01			TRBV6-5*01	TRBJ2-4*01	CILRDGISEGAQKLVF	tgcatcctgagagacgggatctccgagggagcccagaagctggtattt			CASSLTLWTFGDIQYF	tgtgccagcagtctaaccctatggacttttggagacattcagtacttc	1	0	1	1	1
clonotype4296	UNK_S	1	TRAV4*01	TRAJ4*01			TRBV6-5*01	TRBJ2-1*01	CLVGSLFSGGYNKLIF	tgcctcgtgggctctttgttttctggtggctacaataagctgattttt			CASSYGLAPLDNEQFF	tgtgccagcagttacgggctagcgcccttggacaatgagcagttcttc	1	0	1	1	1
clonotype4297	UNK_S	1	TRAV17*01	TRAJ23*01			TRBV6-5*01	TRBJ2-1*01	CATAAIRGKLIF	tgtgctacggccgccatccgaggaaagcttatcttc			CASRNSGRRSYNEQFF	tgtgccagccggaatagcgggaggagatcctacaatgagcagttcttc	1	0	1	1	1
clonotype4298	UNK_S	1	TRAV21*01	TRAJ33*01			TRBV6-1*01	TRBJ1-1*01	CAVDDSNYQLIW	tgtgctgtggatgatagcaactatcagttaatctgg			CATTPRQPALNTEAFF	tgtgccaccaccccccgccagccagcgctgaacactgaagctttcttt	1	0	1	1	1
clonotype4299	UNK_S	1	TRAV21*01	TRAJ40*01			TRBV6-1*01	TRBJ2-7*01	CAVRHLTYKYIF	tgtgctgtgaggcatttaacctacaaatacatcttt			CASSASGTSGGYEQYF	tgtgccagcagtgcatcagggactagcgggggatacgagcagtacttc	1	0	1	1	1
clonotype43	UNK_S	2	TRAV13-2*01	TRAJ20*01			TRBV6-6*01	TRBJ2-1*01	CAEKGGLYKLSF	tgtgcagagaaggggggactatacaagctcagcttt			CASSYEGGEQFF	tgtgccagcagttacgaggggggtgagcagttcttc	2	0	2	1	1
clonotype430	UNK_S	1	TRAV36/DV7*01	TRAJ44*01			TRBV9*01	TRBJ2-1*01	CAADTGTASKLTF	tgtgctgcggacaccggcactgccagtaaactcaccttt			CASSAVHEQFF	tgtgccagcagcgcagttcatgagcagttcttc	1	0	1	1	1
clonotype4300	UNK_S	1	TRAV21*01	TRAJ22*01			TRBV16*01	TRBJ1-2*01	CAVRGSARQLTF	tgtgctgtgcgcggttctgcaaggcaactgaccttt			CASSQSGTGQYGYTF	tgtgccagcagccaatcggggacaggacaatatggctacaccttc	1	0	1	1	1
clonotype4301	UNK_S	1	TRAV22*01	TRAJ45*01			TRBV6-2*01	TRBJ2-6*01	CAVSSGGGADGLTF	tgtgctgtgtcttcaggaggaggtgctgacggactcaccttt			CASSYPAFSGANVLTF	tgtgccagcagttacccagcattctctggggccaacgtcctgactttc	1	0	1	1	1
clonotype4302	UNK_S	1	TRAV26-1*01	TRAJ37*01			TRBV6-2*01	TRBJ1-3*01	CIVRDSFSSNTGKLIF	tgcatcgtcagagactcattctctagcaacacaggcaaactaatcttt			CASSQPRGTSGNTIYF	tgtgccagcagccaacctcgggggacctctggaaacaccatatatttt	1	0	1	1	1
clonotype4303	UNK_S	1	TRAV21*01	TRAJ5*01			TRBV6-2*01	TRBJ1-6*01	CAVKTGRRALTF	tgtgctgtgaagacgggcaggagagcacttactttt			CASMVTLAGDNSPLHF	tgtgccagcatggtaacgctcgcgggggataattcacccctccacttt	1	0	1	1	1
clonotype4304	UNK_S	1	TRAV8-6*01	TRAJ8*01			TRBV20-1*01	TRBJ2-1*01	CAVTGFQKLVF	tgtgctgttacaggctttcagaaacttgtattt			CSARDRGQALSSYNEQFF	tgcagtgctagagatcgcggacaggccctatcttcctacaatgagcagttcttc	1	0	1	1	1
clonotype4305	UNK_S	1	TRAV21*01	TRAJ49*01			TRBV18*01	TRBJ2-3*01	CAVPNTGNQFYF	tgtgctgtgccgaacaccggtaaccagttctatttt			CASSPRLTESDTQYF	tgtgccagctcaccacgattaacggaatcagatacgcagtatttt	1	0	1	1	1
clonotype4306	UNK_S	1	TRAV6*01	TRAJ3*01	TRAV2*01	TRAJ5*01	TRBV18*01	TRBJ2-3*01	CALDDSSASKIIF	tgtgctctagacgacagcagtgcttccaagataatcttt	CAVYTGRRALTF	tgtgctgtgtacacgggcaggagagcacttactttt	CASSPGTVNTDTQYF	tgtgccagctcccccgggaccgttaacacagatacgcagtatttt	2	1	2	2	1
clonotype4307	UNK_S	1	TRAV17*01	TRAJ17*01			TRBV18*01	TRBJ2-7*01	CASQAAGNKLTF	tgtgcctctcaagctgcaggcaacaagctaactttt			CASSPGFDSSYEQYF	tgtgccagctcaccaggatttgacagctcctacgagcagtacttc	1	0	1	1	1
clonotype4308	UNK_S	1	TRAV12-2*01	TRAJ30*01			TRBV18*01	TRBJ2-4*01	CAVGRDDKIIF	tgtgccgtgggtagagatgacaagatcatcttt			CASSPGTGGLNIQYF	tgtgccagctcaccaggtacagggggactgaacattcagtacttc	1	0	1	1	1
clonotype4309	UNK_S	1	TRAV13-2*01	TRAJ31*01			TRBV18*01	TRBJ2-3*01	CAERENARLMF	tgtgcagagagggaaaatgccagactcatgttt			CASSSQTSRADTQYF	tgtgccagctcatcccagactagccgtgcagatacgcagtatttt	1	0	1	1	1
clonotype4310	UNK_S	1	TRAV1-2*01	TRAJ16*01			TRBV12-4*01	TRBJ2-2*01	CAVRDWGFSDGQKLLF	tgtgctgtgagagattgggggttttcagatggccagaagctgctcttt			CASRYRDRGTGELFF	tgtgccagcaggtaccgggacaggggaaccggggagctgtttttt	1	0	1	1	1
clonotype4311	UNK_S	1	TRAV22*01	TRAJ36*01			TRBV12-3*01	TRBJ1-5*01	CAVELDGGANNLFF	tgtgctgtggagctggatggtggggcaaacaacctcttcttt			CASSPGRGRNQPQHF	tgtgccagcagtccagggagagggcgcaatcagccccagcatttt	1	0	1	1	1
clonotype4312	UNK_S	1	TRAV26-1*01	TRAJ45*01			TRBV12-3*01	TRBJ2-1*01	CIVRVKPGGGADGLTF	tgcatcgtcagagtcaaaccaggaggaggtgctgacggactcaccttt			CASSYGALAHNEQFF	tgtgccagcagttatggggcgctagcgcacaatgagcagttcttc	1	0	1	1	1
clonotype4313	UNK_S	1	TRAV30*01	TRAJ20*01			TRBV2*01	TRBJ1-1*01	CGTERGDYKLSF	tgcggcacagagaggggcgactacaagctcagcttt			CASRLLSGGNTEAFF	tgtgccagcagattgctatcgggagggaacactgaagctttcttt	1	0	1	1	1
clonotype4314	UNK_S	1	TRAV21*01	TRAJ37*01			TRBV2*01	TRBJ1-1*01	CAVGSNTGKLIF	tgtgctgtggggagcaacacaggcaaactaatcttt			CASRLRGPTLAEAFF	tgtgccagcaggctcagggggcctacgctagctgaagctttcttt	1	0	1	1	1
clonotype4315	UNK_S	1	TRAV21*01	TRAJ31*01	TRAV35*01	TRAJ37*01	TRBV2*01	TRBJ1-3*01	CAVSTYNNARLMF	tgtgctgtgagtacctataacaatgccagactcatgttt	CAGQLSSNTGKLIF	tgtgctgggcagctctccagcaacacaggcaaactaatcttt	CASSILGQGADTIYF	tgtgccagcagtatcctcggacagggggcggacaccatatatttt	2	1	2	2	1
clonotype4316	UNK_S	1	TRAV21*01	TRAJ26*01			TRBV12-5*01	TRBJ1-1*01	CAVVNYGQNFVF	tgtgctgtggtaaactatggtcagaattttgtcttt			CASGLVSRANTEAFF	tgtgctagtggtttggtgtctagggcgaacactgaagctttcttt	1	0	1	1	1
clonotype4317	UNK_S	1	TRAV12-1*01	TRAJ20*01			TRBV24-1*01	TRBJ2-5*01	CVVTLNDYKLSF	tgtgtggtgacccttaacgactacaagctcagcttt			CATSDLRDRATETQYF	tgtgccaccagtgatttgcgggacagggctactgagacccagtacttc	1	0	1	1	1
clonotype4318	UNK_S	1	TRAV26-1*01	TRAJ52*01			TRBV28*01	TRBJ2-7*01	CIVSSSGGTSYGKLTF	tgcatcgtctcatcctctggtggtactagctatggaaagctgacattt			CASTSWILKRATEQYF	tgtgccagcacctcctggatcctaaagagagctaccgagcagtacttc	1	0	1	1	1
clonotype4319	UNK_S	1	TRAV2*01	TRAJ3*01	TRAV6*01	TRAJ3*01	TRBV28*01	TRBJ2-4*01	CAANSSASKIIF	tgtgctgccaacagcagtgcttccaagataatcttt	CAPNSYSSASKIIF	tgtgctcccaactcgtacagcagtgcttccaagataatcttt	CASSFPGLLAKNIQYF	tgtgccagcagttttcctggattactagccaaaaacattcagtacttc	2	1	2	2	1
clonotype432	UNK_S	1	TRAV13-2*01	TRAJ40*01			TRBV6-5*01	TRBJ2-7*01	CAEGSTSGTYKYIF	tgtgcagagggctctacctcaggaacctacaaatacatcttt			CASTQGYEQYF	tgtgccagcacccaggggtacgagcagtacttc	1	0	1	1	1
clonotype4320	UNK_S	1	TRAV9-2*01	TRAJ12*01			TRBV28*01	TRBJ2-2*01	CALTGSSYKLIF	tgtgctctgacgggtagcagctataaattgatcttc			CASIQASGRTNGELFF	tgtgccagcatccaagctagcgggagaactaacggggagctgtttttt	1	0	1	1	1
clonotype4321	UNK_S	1	TRAV12-1*01	TRAJ35*01			TRBV28*01	TRBJ2-1*01	CVSRGFGNVLHC	tgtgtgtcgaggggctttgggaatgtgctgcattgc			CASHTPSREGYNEQFF	tgtgccagccacacaccctcccgggagggctacaatgagcagttcttc	1	0	1	1	1
clonotype4322	UNK_S	1	TRAV16*01	TRAJ52*01			TRBV5-8*01	TRBJ1-2*01	CALKTGGTSYGKLTF	tgtgctctaaaaactggtggtactagctatggaaagctgacattt			CASSWDRGIGFLGYTF	tgtgccagcagttgggacaggggtattggtttccttggctacaccttc	1	0	1	1	1
clonotype4323	UNK_S	1	TRAV29/DV5*01	TRAJ45*01	TRAV17*01	TRAJ40*01	TRBV10-3*01	TRBJ2-1*01	CAVIKAGGGADGLTF	tgtgcagttataaaggctggaggaggtgctgacggactcaccttt	CATDEGTYKYIF	tgtgctacggacgaaggaacctacaaatacatcttt	CAISSRALADYNEQFF	tgtgccatcagttcccgtgcgttagcagactacaatgagcagttcttc	2	1	2	2	1
clonotype4324	UNK_S	1	TRAV17*01	TRAJ33*01			TRBV10-3*01	TRBJ1-1*01	CASMDSNYQLIW	tgtgcttccatggatagcaactatcagttaatctgg			CAISESETGANTEAFF	tgtgccatcagtgagtcggagacaggggctaacactgaagctttcttt	1	0	1	1	1
clonotype4325	UNK_S	1	TRAV9-2*01	TRAJ4*01			TRBV10-3*01	TRBJ2-1*01	CALYGGYNKLIF	tgtgctctgtacggtggctacaataagctgattttt			CAISVASGSLDNEQFF	tgtgccatcagtgtggctagcgggtcgctagacaatgagcagttcttc	1	0	1	1	1
clonotype4326	UNK_S	1	TRAV41*01	TRAJ34*01			TRBV7-9*01	TRBJ1-4*01	CAASINTDKLIF	tgtgctgcctcgattaacaccgacaagctcatcttt			CASSPTGTFGEKLFF	tgtgccagcagcccaaccgggacattcggcgaaaaactgtttttt	1	0	1	1	1
clonotype4327	UNK_S	1	TRAV21*01	TRAJ50*01			TRBV7-9*01	TRBJ1-1*01	CAVKTSYDKVIF	tgtgctgtgaaaacctcctacgacaaggtgatattt			CASSLVASMNTEAFF	tgtgccagcagcttagtggccagcatgaacactgaagctttcttt	1	0	1	1	1
clonotype4328	UNK_S	1	TRAV21*01	TRAJ39*01			TRBV7-9*01	TRBJ2-1*01	CAVCNAGNMLTF	tgtgctgtgtgtaatgcaggcaacatgctcaccttt			CASSPLLSSYNEQFF	tgtgccagcagccccctcctgagctcctacaatgagcagttcttc	1	0	1	1	1
clonotype4329	UNK_S	1	TRAV16*01	TRAJ40*01			TRBV7-9*01	TRBJ2-5*01	CALSGGASGTYKYIF	tgtgctctaagtggcggggcctcaggaacctacaaatacatcttt			CASSLGTGVGETQYF	tgtgccagcagcttaggaacaggggttggggagacccagtacttc	1	0	1	1	1
clonotype4330	UNK_S	1	TRAV21*01	TRAJ47*01			TRBV7-9*01	TRBJ2-1*01	CASVIYGNKLVF	tgtgcttctgttatatatggaaacaagctggtcttt			CASSFSGSSYNEQFF	tgtgccagcagctttagcgggagttcctacaatgagcagttcttc	1	0	1	1	1
clonotype4331	UNK_S	1	TRAV21*01	TRAJ48*01			TRBV7-3*01	TRBJ1-1*01	CAVNFGNEKLTF	tgtgctgtgaactttggaaatgagaaattaaccttt			CASSPEAGFITEAFF	tgtgccagcagccccgaggcagggtttatcactgaagctttcttt	1	0	1	1	1
clonotype4332	UNK_S	1	TRAV13-1*01	TRAJ30*01			TRBV7-3*01	TRBJ2-7*01	CAASTGDDKIIF	tgtgcagcaagtacgggcgatgacaagatcatcttt			CASSSTSGSSYEQYF	tgtgccagcagctccactagcgggagctcctacgagcagtacttc	1	0	1	1	1
clonotype4333	UNK_S	1	TRAV26-1*01	TRAJ22*01			TRBV7-3*01	TRBJ2-1*01	CIVRSRPSGSARQLTF	tgcatcgtcagatcacgtccttctggttctgcaaggcaactgaccttt			CASSLRAGAWDEQFF	tgtgccagcagcttaagggcgggagcatgggatgagcagttcttc	1	0	1	1	1
clonotype4334	UNK_S	1	TRAV9-2*01	TRAJ49*01			TRBV11-2*01	TRBJ2-5*01	CALPNTGNQFYF	tgtgctctgcctaacaccggtaaccagttctatttt			CASSLAGGLLETQYF	tgtgccagcagcctagcgggagggctgctagagacccagtacttc	1	0	1	1	1
clonotype4335	UNK_S	1	TRAV9-2*01	TRAJ49*01			TRBV11-2*01	TRBJ2-5*01	CALPNTGNQFYF	tgtgctctcccgaacaccggtaaccagttctatttt			CASSLAGGLLETQYF	tgtgccagcagcttagcgggagggctcttagagacccagtacttc	1	0	1	1	1
clonotype4336	UNK_S	1	TRAV8-1*01	TRAJ7*01			TRBV11-2*01	TRBJ2-7*01	CAAYGNNRLAF	tgtgccgcctatgggaacaacagactcgctttt			CASSLYGSSGYEQYF	tgtgccagcagcttatacgggtcatcgggatacgagcagtacttc	1	0	1	1	1
clonotype4337	UNK_S	1	TRAV21*01	TRAJ36*01			TRBV11-2*01	TRBJ1-2*01	CAVYSGANNLFF	tgtgctgtgtatagtggggcaaacaacctcttcttt			CASSLSAVPYYGYTF	tgtgccagcagcttatcggcggtaccctactatggctacaccttc	1	0	1	1	1
clonotype4338	UNK_S	1	TRAV26-1*01	TRAJ37*01			TRBV7-8*01	TRBJ2-1*01	CIVRVGGSSNTGKLIF	tgcatcgtcagagtcgggggctctagcaacacaggcaaactaatcttt			CASSIDGNSYNEQFF	tgtgccagcagcatcgacggaaactcctacaatgagcagttcttc	1	0	1	1	1
clonotype4339	UNK_S	1	TRAV20*01	TRAJ49*01			TRBV7-8*01	TRBJ2-5*01	CAVHRTGNQFYF	tgtgctgtgcataggacgggtaaccagttctatttt			CASSLTGALGETQYF	tgtgccagcagcttaacaggggccctcggggagacccagtacttc	1	0	1	1	1
clonotype4340	UNK_S	1	TRAV12-2*01	TRAJ3*01			TRBV7-8*01	TRBJ1-1*01	CAGRGTSKIIF	tgtgccgggcgggggacttccaagataatcttt			CASSLARDLNTEAFF	tgtgccagcagcttagcgagggatctgaacactgaagctttcttt	1	0	1	1	1
clonotype4341	UNK_S	1	TRAV9-2*01	TRAJ54*01			TRBV7-8*01	TRBJ2-3*01	CAPARGAQKLVF	tgtgcccctgcccggggagcccagaagctggtattt			CASRISRIGTDTQYF	tgtgccagccgaatttcgaggataggcacagatacgcagtatttt	1	0	1	1	1
clonotype4342	UNK_S	1	TRAV21*01	TRAJ37*01			TRBV7-2*01	TRBJ2-3*01	CAVASNTGKLIF	tgtgctgttgctagcaacacaggcaaactaatcttt			CASTNTGQGRDTQYF	tgtgccagcaccaatacgggacagggtcgggatacgcagtatttt	1	0	1	1	1
clonotype4343	UNK_S	1	TRAV12-1*01	TRAJ5*01			TRBV7-2*01	TRBJ1-4*01	CVGDTGRRALTF	tgtgtgggggacacgggcaggagagcacttactttt			CASSTPTGSYEKLFF	tgtgccagcagcacaccgacagggagttatgaaaaactgtttttt	1	0	1	1	1
clonotype4344	UNK_S	1	TRAV16*01	TRAJ57*01			TRBV7-2*01	TRBJ2-3*01	CALSGRKGGSEKLVF	tgtgctctaagtggccggaagggcggatctgaaaagctggtcttt			CASSLGLAVTDTQYF	tgtgccagcagcctcggactagcggtcacagatacgcagtatttt	1	0	1	1	1
clonotype4345	UNK_S	1	TRAV35*01	TRAJ40*01			TRBV7-2*01	TRBJ2-5*01	CAGQRTSGTYKYIF	tgtgctggccagaggacctcaggaacctacaaatacatcttt			CASSLARTTQETQYF	tgtgccagcagcttagcgaggaccacccaagagacccagtacttc	1	0	1	1	1
clonotype4346	UNK_S	1	TRAV29/DV5*01	TRAJ33*01	TRAV39*01	TRAJ40*01	TRBV7-2*01	TRBJ2-1*01	CAASASNYQLIW	tgtgcagcaagcgctagcaactatcagttaatctgg	CAVDLTSGTYKYIF	tgtgccgtggaccttacctcaggaacctacaaatacatcttt	CASSLAGLADRAQFF	tgtgccagcagcttagcgggactagccgaccgggcgcagttcttc	2	1	2	2	1
clonotype4347	UNK_S	1	TRAV8-4*01	TRAJ53*01			TRBV7-2*01	TRBJ2-3*01	CAVWYLYKLTF	tgtgctgtgtggtatctctataaactgacattt			CASETSGGGTDTQYF	tgtgccagcgaaactagcggagggggtacagatacgcagtatttt	1	0	1	1	1
clonotype4348	UNK_S	1	TRAV30*01	TRAJ49*01			TRBV7-2*01	TRBJ2-7*01	CGTRGTGNQFYF	tgcggcacgaggggcaccggtaaccagttctatttt			CASSPGALALYEQYF	tgtgccagcagcccaggcgcactagccctctacgagcagtacttc	1	0	1	1	1
clonotype4349	UNK_S	1	TRAV25*01	TRAJ52*01			TRBV7-6*01	TRBJ2-1*01	CAGAGGTSYGKLTF	tgtgcaggtgctggtggtactagctatggaaagctgacattt			CASSLVWTRHNEQFF	tgtgccagcagcttagtatggactagacacaatgagcagttcttc	1	0	1	1	1
clonotype435	UNK_S	1	TRAV12-2*01	TRAJ8*01	TRAV5*01	TRAJ37*01	TRBV6-1*01	TRBJ2-5*01	CALGGRGTGFQKLVF	tgtgccctaggagggagaggcacaggctttcagaaacttgtattt	CAESSFSNTGKLIF	tgtgcagagtcttcattcagcaacacaggcaaactaatcttt	CASSERETQYF	tgtgccagcagtgagcgagagacccagtacttc	2	1	2	2	1
clonotype4350	UNK_S	1	TRAV8-3*01	TRAJ27*01	TRAV25*01	TRAJ40*01	TRBV10-1*01	TRBJ2-3*01	CAVGGLNTNAGKSTF	tgtgctgtgggtgggcttaacaccaatgcaggcaaatcaaccttt	CAGSGASGTYKYIF	tgtgcagggtctggtgcctcaggaacctacaaatacatcttt	CASSGGRGPSTDTQYF	tgcgccagcagtgggggccggggtccaagcacagatacgcagtatttt	2	1	2	2	1
clonotype4351	UNK_S	1	TRAV13-1*01	TRAJ48*01			TRBV27*01	TRBJ2-2*01	CAAMFGNEKLTF	tgtgcagctatgtttggaaatgagaaattaaccttt			CASSKATGAASGELFF	tgtgccagcagcaaagcgacaggggcggcctccggggagctgtttttt	1	0	1	1	1
clonotype4352	UNK_S	1	TRAV8-2*01	TRAJ52*01			TRBV27*01	TRBJ2-6*01	CVRTSYGKLTF	tgtgtccgtactagctatggaaagctgacattt			CASSTPAVSGANVLTF	tgtgccagcagtaccccggcggtctctggggccaacgtcctgactttc	1	0	1	1	1
clonotype4353	UNK_S	1	TRAV3*01	TRAJ8*01			TRBV27*01	TRBJ2-1*01	CAVRDLPLLVF	tgtgctgtgagagacctccccctacttgtattt			CASSPRTGSSYNEQFF	tgtgccagcagtccccggaccgggagctcttacaatgagcagttcttc	1	0	1	1	1
clonotype4354	UNK_S	1	TRAV9-2*01	TRAJ12*01			TRBV27*01	TRBJ2-1*01	CALTYSSYKLIF	tgtgctctgacgtacagcagctataaattgatcttc			CASSLISGSVFGEQFF	tgtgccagcagtctaataagcgggagcgttttcggtgagcagttcttc	1	0	1	1	1
clonotype4355	UNK_S	1	TRAV27*01	TRAJ27*01			TRBV27*01	TRBJ1-2*01	CAGPVYTNAGKSTF	tgtgcaggccctgtttacaccaatgcaggcaaatcaaccttt			CASSLEPGQPNYGYTF	tgtgccagcagtttagaaccgggacagcctaactatggctacaccttc	1	0	1	1	1
clonotype4357	UNK_S	1	TRAV2*01	TRAJ20*01			TRBV27*01	TRBJ2-3*01	CAVLSNDYKLSF	tgtgctgttctctctaacgactacaagctcagcttt			CASSLSRGLASDTQYF	tgtgccagcagtttatcgaggggactagcgtcagatacgcagtatttt	1	0	1	1	1
clonotype4358	UNK_S	1	TRAV21*01	TRAJ33*01			TRBV27*01	TRBJ2-3*01	CAVFDSNYQLIW	tgtgctgtcttcgatagcaactatcagttaatctgg			CASSLSDTYSTDTQYF	tgtgccagcagtttatcggatacatacagcacagatacgcagtatttt	1	0	1	1	1
clonotype4359	UNK_S	1	TRAV27*01	TRAJ40*01			TRBV27*01	TRBJ1-5*01	CAGVKTSGTYKYIF	tgtgcaggagtgaagacctcaggaacctacaaatacatcttt			CASSLSAIPSNQPQHF	tgtgccagcagtttatcggccatcccgagcaatcagccccagcatttt	1	0	1	1	1
clonotype4360	UNK_S	1	TRAV12-2*01	TRAJ8*01	TRAV30*01	TRAJ41*01	TRBV5-6*01	TRBJ1-2*01	CAVNKDTGFQKLVF	tgtgccgtgaacaaagacacaggctttcagaaacttgtattt	CGTLDSGYALNF	tgcggcaccctcgattccgggtatgcactcaacttc	CASSFRKQGAKYGYTF	tgtgccagcagcttccggaaacagggggcgaagtatggctacaccttc	2	1	2	2	1
clonotype4361	UNK_S	1	TRAV27*01	TRAJ49*01			TRBV5-4*01	TRBJ2-7*01	CAGGGWNTGNQFYF	tgtgcaggaggaggttggaacaccggtaaccagttctatttt			CASSLGRLGPRDEQYF	tgtgccagcagcttgggccgattgggacccagggacgagcagtacttc	1	0	1	1	1
clonotype4362	UNK_S	1	TRAV2*01	TRAJ15*01			TRBV5-4*01	TRBJ2-1*01	CAVDPAGTALIF	tgtgctgtggatccggcaggaactgctctgatcttt			CASSIRQGPSYNEQFF	tgtgccagcagcattcgacaggggccctcctacaatgagcagttcttc	1	0	1	1	1
clonotype4363	UNK_S	1	TRAV17*01	TRAJ31*01			TRBV5-4*01	TRBJ2-5*01	CATDPATARLMF	tgtgctacggacccggctaccgccagactcatgttt			CASSSPRTGDQETQYF	tgtgccagcagctctcccaggactggggaccaagagacccagtacttc	1	0	1	1	1
clonotype4364	UNK_S	1	TRAV26-1*01	TRAJ23*01			TRBV5-4*01	TRBJ1-1*01	CIVRVAKRNQGGKLIF	tgcatcgtcagagtcgcgaagcggaaccagggaggaaagcttatcttc			CASSLVSRSGREEAFF	tgtgccagcagcttggtttccagaagtgggcgagaggaagctttcttt	1	0	1	1	1
clonotype4365	UNK_S	1	TRAV9-2*01	TRAJ54*01			TRBV5-1*01	TRBJ2-7*01	CALAQGAQKLVF	tgtgctctggctcagggagcccagaagctggtattt			CASSERLAGRSYEQYF	tgcgccagcagcgagagactagcgggccgttcctacgagcagtacttc	1	0	1	1	1
clonotype4366	UNK_S	1	TRAV26-2*01	TRAJ48*01			TRBV5-1*01	TRBJ2-1*01	CILRGQDGFGNEKLTF	tgcatcctgagaggacaggacggctttggaaatgagaaattaaccttt			CASSLARRGPYNEQFF	tgcgccagcagcttggctaggcggggaccctacaatgagcagttcttc	1	0	1	1	1
clonotype4367	UNK_S	1	TRAV27*01	TRAJ38*01	TRAV29/DV5*01	TRAJ49*01	TRBV5-1*01	TRBJ2-5*01	CAGANAGNNRKLIW	tgtgcaggggctaatgctggcaacaaccgtaagctgatttgg	CAASARGDNQFYF	tgtgcagcaagcgcaagaggggataaccagttctatttt	CASSLGPPWGQETQYF	tgcgccagcagcttggggccgccgtggggccaagagacccagtacttc	2	1	2	2	1
clonotype4368	UNK_S	1	TRAV39*01	TRAJ54*01			TRBV5-1*01	TRBJ2-1*01	CAVDKGQGAQKLVF	tgtgccgtggacaagggtcagggagcccagaagctggtattt			CASSLSLTASYNEQFF	tgcgccagcagtctgtccctaacggcatcctacaatgagcagttcttc	1	0	1	1	1
clonotype4369	UNK_S	1	TRAV21*01	TRAJ20*01			TRBV12-4*01	TRBJ2-2*01	CAVRSNDYKLSF	tgtgctgtgaggagtaacgactacaagctcagcttt			CASSPPRAPGGELFF	tgtgccagcagtcccccccgggccccgggaggggagctgtttttt	1	0	1	1	1
clonotype437	UNK_S	1	TRAV3*01	TRAJ21*01			TRBV30*01	TRBJ2-2*01	CAVRDIYNFNKFYF	tgtgctgtgagagacatatacaacttcaacaaattttacttt			CAWSTSGKGELFF	tgtgcctggtcgactagcgggaagggggagctgtttttt	1	0	1	1	1
clonotype4370	UNK_S	1	TRAV21*01	TRAJ29*01			TRBV12-4*01	TRBJ2-1*01	CAVDSGNTPLVF	tgtgctgttgattcaggaaacacacctcttgtcttt			CASSLVTGTYNEQFF	tgtgccagcagtttagtgacggggacctacaatgagcagttcttc	1	0	1	1	1
clonotype4371	UNK_S	1	TRAV2*01	TRAJ26*01			TRBV12-4*01	TRBJ1-5*01	CAVTNYGQNFVF	tgtgctgtcactaactatggtcagaattttgtcttt			CASSLSPLDLQPQHF	tgtgccagcagtttatctcctcttgaccttcagccccagcatttt	1	0	1	1	1
clonotype4372	UNK_S	1	TRAV26-2*01	TRAJ22*01			TRBV12-4*01	TRBJ1-6*01	CILRWGSTGSARQLTF	tgcatcctgagatgggggtcaactggttctgcaaggcaactgaccttt			CASRADRGLGSPLHF	tgtgccagccgagcagacagggggctcggttcacccctccacttt	1	0	1	1	1
clonotype4373	UNK_S	1	TRAV25*01	TRAJ6*01			TRBV3-1*01	TRBJ1-5*01	CAGRLGGGSYIPTF	tgtgcagggaggctgggaggaggaagctacatacctacattt			CASSLGLGSINQPQHF	tgtgccagcagccttggtttgggcagcatcaatcagccccagcatttt	1	0	1	1	1
clonotype4374	UNK_S	1	TRAV21*01	TRAJ17*01			TRBV4-1*01	TRBJ2-1*01	CAVKAAGNKLTF	tgtgctgttaaagctgcaggcaacaagctaactttt			CASSQEGGGRGREQFF	tgcgccagcagccaagaaggaggcgggagggggcgagagcagttcttc	1	0	1	1	1
clonotype4375	UNK_S	1	TRAV1-2*01	TRAJ6*01			TRBV4-1*01	TRBJ1-1*01	CAVRAFVSGGSYIPTF	tgtgctgtgagagccttcgtatcaggaggaagctacatacctacattt			CASSQEVGRLNTEAFF	tgcgccagcagccaagaagtgggcaggttgaacactgaagctttcttt	1	0	1	1	1
clonotype4376	UNK_S	1	TRAV12-2*01	TRAJ15*01			TRBV4-1*01	TRBJ2-7*01	CALEAGTALIF	tgtgccttggaggcaggaactgctctgatcttt			CASSQAETGLNYEQYF	tgcgccagcagccaagcggaaacgggattaaactacgagcagtacttc	1	0	1	1	1
clonotype4378	UNK_S	1	TRAV8-6*01	TRAJ13*01	TRAV8-3*01	TRAJ30*01	TRBV4-2*01	TRBJ1-1*01	CAVTPSGGYQKVTF	tgtgctgtgaccccttctgggggttaccagaaagttaccttt	CPMNRDDKIIF	tgtccgatgaacagagatgacaagatcatcttt	CASSQDLTGGRTEAFF	tgtgccagcagccaagatcttacgggaggaagaactgaagctttcttt	2	1	2	2	1
clonotype4379	UNK_S	1	TRAV17*01	TRAJ31*01			TRBV4-2*01	TRBJ2-1*01	CATDKGNARLMF	tgtgctacggacaagggcaatgccagactcatgttt			CASSQAEGTSYNEQFF	tgtgccagcagccaagcagaagggactagctacaatgagcagttcttc	1	0	1	1	1
clonotype438	UNK_S	1	TRAV13-1*01	TRAJ18*01			TRBV30*01	TRBJ1-1*01	CAAFDRGSTLGRLYF	tgtgcagcattcgacagaggctcaaccctggggaggctatacttt			CASEFQGDTEAFF	tgtgcctcggagtttcaaggggacactgaagctttcttt	1	0	1	1	1
clonotype4380	UNK_S	1	TRAV1-2*01	TRAJ20*01			TRBV4-2*01	TRBJ2-1*01	CAVDQGVSSNDYKLSF	tgtgctgtggaccaaggagtttcttctaacgactacaagctcagcttt			CASSHLTSGFYNEQFF	tgtgccagcagccacttgactagcgggttctacaatgagcagttcttc	1	0	1	1	1
clonotype4381	UNK_S	1	TRAV21*01	TRAJ23*01			TRBV9*01	TRBJ2-1*01	CAIYNQGGKLIF	tgtgccatttataaccagggaggaaagcttatcttc			CASSPHTSGSYNEQFF	tgtgccagcagcccccacactagcgggagctacaatgagcagttcttc	1	0	1	1	1
clonotype4382	UNK_S	1	TRAV21*01	TRAJ36*01			TRBV15*01	TRBJ2-1*01	CAVRTGANNLFF	tgtgctgtgagaactggggcaaacaacctcttcttt			CATSREATVSYNEQFF	tgtgccaccagcagagaggctacagtctcctacaatgagcagttcttc	1	0	1	1	1
clonotype4383	UNK_S	1	TRAV12-1*01	TRAJ20*01			TRBV15*01	TRBJ2-3*01	CVVSPNDYKLSF	tgtgtggtgagtcctaacgactacaagctcagcttt			CATSPHGEGGTDTQYF	tgtgccaccagcccacatggggaggggggcacagatacgcagtatttt	1	0	1	1	1
clonotype4384	UNK_S	1	TRAV12-1*01	TRAJ11*01			TRBV14*01	TRBJ1-6*01	CVVMSGYSTLTF	tgtgtggtgatgtcaggatacagcaccctcaccttt			CASSQVLGKNSPLHF	tgtgccagcagccaagtgctggggaagaattcacccctccacttt	1	0	1	1	1
clonotype4385	UNK_S	1	TRAV12-2*01	TRAJ12*01			TRBV14*01	TRBJ1-1*01	CAVSSSYKLIF	tgtgccgtgagtagcagctataaattgatcttc			CASSQAGALNTEAFF	tgtgccagcagccaggcaggggccttgaacactgaagctttcttt	1	0	1	1	1
clonotype4386	UNK_S	1	TRAV9-2*01	TRAJ28*01			TRBV19*01	TRBJ2-2*01	CALTGAGSYQLTF	tgtgctctgactggggctgggagttaccaactcactttc			CASSKGLAGATGELFF	tgtgccagtagtaagggactagcgggagccaccggggagctgtttttt	1	0	1	1	1
clonotype4387	UNK_S	1	TRAV3*01	TRAJ43*01			TRBV19*01	TRBJ2-3*01	CAVRDNNNDMRF	tgtgctgtgagagacaataacaatgacatgcgcttt			CASSTGPRGGTDTQYF	tgtgccagtagtaccgggcctcgggggggaacagatacgcagtatttt	1	0	1	1	1
clonotype4388	UNK_S	1	TRAV21*01	TRAJ44*01			TRBV19*01	TRBJ2-4*01	CAPSTGTASKLTF	tgtgctccctcgaccggcactgccagtaaactcaccttt			CASSIGGQGRGNIQYF	tgtgccagtagtatagggggacaggggcgcggaaacattcagtacttc	1	0	1	1	1
clonotype4389	UNK_S	1	TRAV35*01	TRAJ44*01			TRBV19*01	TRBJ2-5*01	CAGRINTGTASKLTF	tgtgctgggcggataaataccggcactgccagtaaactcaccttt			CASSMPRLAGGETQYF	tgtgccagtagtatgcccagactagcgggaggggagacccagtacttc	1	0	1	1	1
clonotype439	UNK_S	1	TRAV13-2*01	TRAJ6*01			TRBV30*01	TRBJ1-6*01	CAEGSPGGSYIPTF	tgtgcagagggctctccaggaggaagctacatacctacattt			CAWSRQGDSPLHF	tgtgcctggagtcgacagggagattcacccctccacttt	1	0	1	1	1
clonotype4390	UNK_S	1	TRAV12-3*01	TRAJ49*01			TRBV19*01	TRBJ2-1*01	CAMNTGNQFYF	tgtgcaatgaacaccggtaaccagttctatttt			CASSIMGGSSYNEQFF	tgtgccagtagtataatgggggggagctcctacaatgagcagttcttc	1	0	1	1	1
clonotype4391	UNK_S	1	TRAV17*01	TRAJ13*01			TRBV19*01	TRBJ2-7*01	CATASGGYQKVTF	tgtgctacggcttctgggggttaccagaaagttaccttt			CASSIDPESGRYEQYF	tgtgccagtagtatagatccggagtcggggcgctacgagcagtacttc	1	0	1	1	1
clonotype4392	UNK_S	1	TRAV4*01	TRAJ53*01			TRBV19*01	TRBJ2-5*01	CLVGDLYSGGSNYKLTF	tgcctcgtgggtgacctctatagtggaggtagcaactataaactgacattt			CASSIDWTGLPETQYF	tgtgccagtagtatagattggacaggacttcccgagacccagtacttc	1	0	1	1	1
clonotype4393	UNK_S	1	TRAV8-3*01	TRAJ26*01			TRBV19*01	TRBJ2-5*01	CAVVGYGQNFVF	tgtgctgtggtgggctatggtcagaattttgtcttt			CASSIVSPGRQETQYF	tgtgccagtagtatcgtctccccgggacgccaagagacccagtacttc	1	0	1	1	1
clonotype4394	UNK_S	1	TRAV38-1*01	TRAJ34*01			TRBV19*01	TRBJ2-3*01	CALYTDKLIF	tgtgctttatacaccgacaagctcatcttt			CASSPAELGFTDTQYF	tgtgccagtagtccggccgagttgggattcacagatacgcagtatttt	1	0	1	1	1
clonotype4395	UNK_S	1	TRAV39*01	TRAJ48*01			TRBV19*01	TRBJ2-7*01	CAVDKSNFGNEKLTF	tgtgccgtggacaagtctaactttggaaatgagaaattaaccttt			CASSPRPGTGIYEQYF	tgtgccagtagtcctcggcccgggacaggaatatacgagcagtacttc	1	0	1	1	1
clonotype4396	UNK_S	1	TRAV12-3*01	TRAJ21*01			TRBV19*01	TRBJ1-3*01	CAMSDFNKFYF	tgtgcaatgagcgacttcaacaaattttacttt			CASSLGTGSSGNTIYF	tgtgccagtagtcttgggacagggagctctggaaacaccatatatttt	1	0	1	1	1
clonotype4397	UNK_S	1	TRAV41*01	TRAJ57*01			TRBV19*01	TRBJ1-2*01	CAVKEGGSEKLVF	tgtgctgtcaaggagggcggatctgaaaagctggtcttt			CASSASGGVFGYGYTF	tgtgccagtagtgcaagcggaggggttttcggctatggctacaccttc	1	0	1	1	1
clonotype4399	UNK_S	1	TRAV5*01	TRAJ31*01			TRBV6-5*01	TRBJ2-2*01	CAETNNNARLMF	tgtgcagagaccaataacaatgccagactcatgttt			CASSLQGGAGGGELFF	tgtgccagcagcttacaggggggggctggcggcggggagctgtttttt	1	0	1	1	1
clonotype44	UNK_S	2	TRAV8-1*01	TRAJ18*01			TRBV20-1*01	TRBJ2-7*01	CAVKGPTLGRLYF	tgtgccgtgaaggggccgaccctggggaggctatacttt			CSAERQRSSYEQYF	tgcagtgctgaaagacagaggagctcctacgagcagtacttc	2	0	2	1	1
clonotype440	UNK_S	1	TRAV38-1*01	TRAJ45*01			TRBV29-1*01	TRBJ2-7*01	CASGGGADGLTF	tgtgcttcaggaggaggtgctgacggactcaccttt			CSVNRGTLGEQYF	tgcagcgtaaacaggggaaccttaggggagcagtacttc	1	0	1	1	1
clonotype4400	UNK_S	1	TRAV9-2*01	TRAJ43*01			TRBV6-5*01	TRBJ2-5*01	CALTLYNNNDMRF	tgtgctctgactctgtacaataacaatgacatgcgcttt			CASSYSQEWALGTQYF	tgtgccagcagttactcgcaggagtgggctcttgggacccagtacttc	1	0	1	1	1
clonotype4401	UNK_S	1	TRAV13-1*01	TRAJ11*01			TRBV6-5*01	TRBJ2-1*01	CAAIQRGYSTLTF	tgtgcagcaatccaacgaggatacagcaccctcaccttt			CASRILKSDSYNEQFF	tgtgccagccgaattttaaagagtgattcctacaatgagcagttcttc	1	0	1	1	1
clonotype4402	UNK_S	1	TRAV17*01	TRAJ3*01			TRBV6-1*01	TRBJ2-1*01	CATRYSSASKIIF	tgtgctacgcggtacagcagtgcttccaagataatcttt			CASTGTSGSTYNEQFF	tgtgccagcactgggactagcgggagtacttacaatgagcagttcttc	1	0	1	1	1
clonotype4403	UNK_S	1	TRAV20*01	TRAJ24*01			TRBV6-1*01	TRBJ1-1*01	CAVRRGSWGKLQF	tgtgctgtgcgaagaggcagctgggggaaattgcagttt			CASSEGMGPANTEAFF	tgtgccagcagtgaaggaatgggaccggcgaacactgaagctttcttt	1	0	1	1	1
clonotype4404	UNK_S	1	TRAV12-1*01	TRAJ24*01			TRBV6-1*01	TRBJ2-5*01	CVVNTDSWGKLQF	tgtgtggtgaacaccgacagctgggggaaattgcagttt			CASSEILAGGLETQYF	tgtgccagcagtgagatactagcgggagggttggagacccagtacttc	1	0	1	1	1
clonotype4405	UNK_S	1	TRAV30*01	TRAJ6*01			TRBV6-2*01	TRBJ1-5*01	CGTDSGGSYIPTF	tgcggcacggattcaggaggaagctacatacctacattt			CASSTGQLLSNQPQHF	tgtgccagcagtacgggacagcttcttagcaatcagccccagcatttt	1	0	1	1	1
clonotype4406	UNK_S	1	TRAV13-2*01	TRAJ47*01			TRBV6-2*01	TRBJ2-1*01	CAGTEYGNKLVF	tgtgcagggacggaatatggaaacaagctggtcttt			CASSYRWDRLYNEQFF	tgtgccagcagttatagatgggacagactctacaatgagcagttcttc	1	0	1	1	1
clonotype4407	UNK_S	1	TRAV8-6*01	TRAJ4*01	TRAV9-2*01	TRAJ16*01	TRBV20-1*01	TRBJ2-1*01	CAVSDRGYNKLIF	tgtgctgtgagtgatcgaggctacaataagctgattttt	CALSDKDGQKLLF	tgtgctctgagtgataaagatggccagaagctgctcttt	CSARVSLGGVPGGNEQFF	tgcagtgctagagtttccttggggggcgtacccggagggaatgagcagttcttc	2	1	2	2	1
clonotype4408	UNK_S	1	TRAV12-1*01	TRAJ6*01	TRAV4*01	TRAJ17*01	TRBV20-1*01	TRBJ2-7*01	CVVTFASGGSYIPTF	tgtgtggtgaccttcgcatcaggaggaagctacatacctacattt	CLVGDVKIKAAGNKLTF	tgcctcgtgggtgacgttaagatcaaagctgcaggcaacaagctaactttt	CSAAPLWTSGKKVFEQYF	tgcagtgcagcacccttatggactagcgggaaaaaggtcttcgagcagtacttc	2	1	2	2	1
clonotype4409	UNK_S	1	TRAV8-1*01	TRAJ9*01			TRBV18*01	TRBJ2-5*01	CAFNTGGFKTIF	tgtgcctttaatactggaggcttcaaaactatcttt			CASSLQSSLQETQYF	tgtgccagctcactacaatcaagtcttcaagagacccagtacttc	1	0	1	1	1
clonotype441	UNK_S	1	TRAV12-3*01	TRAJ42*01			TRBV29-1*01	TRBJ2-7*01	CAMKGGSQGNLIF	tgtgcaatgaaaggaggaagccaaggaaatctcatcttt			CSVEGQGSYEQYF	tgcagcgttgaagggcagggctcctacgagcagtacttc	1	0	1	1	1
clonotype4410	UNK_S	1	TRAV13-1*01	TRAJ27*01			TRBV18*01	TRBJ1-1*01	CAASFPNAGKSTF	tgtgcagcaagtttccccaatgcaggcaaatcaaccttt			CASSLTGDGNTEAFF	tgtgccagctcacttacaggggacgggaacactgaagctttcttt	1	0	1	1	1
clonotype4411	UNK_S	1	TRAV25*01	TRAJ45*01			TRBV12-3*01	TRBJ2-5*01	CAGPGSGGGADGLTF	tgtgcagggccaggttcaggaggaggtgctgacggactcaccttt			CASSVGWEQLETQYF	tgtgccagcagtgtggggtgggagcagttagagacccagtacttc	1	0	1	1	1
clonotype4412	UNK_S	1	TRAV12-1*01	TRAJ12*01			TRBV12-3*01	TRBJ1-5*01	CVVYMDSSYKLIF	tgtgtggtgtatatggatagcagctataaattgatcttc			CASSFKDSFNQPQHF	tgtgccagcagttttaaggatagcttcaatcagccccagcatttt	1	0	1	1	1
clonotype4413	UNK_S	1	TRAV5*01	TRAJ26*01			TRBV2*01	TRBJ1-1*01	CAQVDYGQNFVF	tgtgcccaagtggactatggtcagaattttgtcttt			CASKQDSLEGTEAFF	tgtgccagcaaacaggacagtttggagggcactgaagctttcttt	1	0	1	1	1
clonotype4414	UNK_S	1	TRAV35*01	TRAJ38*01			TRBV2*01	TRBJ2-1*01	CAGRGNAGNNRKLIW	tgtgctgggcggggaaatgctggcaacaaccgtaagctgatttgg			CASSPSGRNYNEQFF	tgtgccagcagtcctagcgggagaaactacaatgagcagttcttc	1	0	1	1	1
clonotype4415	UNK_S	1	TRAV27*01	TRAJ53*01			TRBV2*01	TRBJ2-3*01	CAGVGSGGSNYKLTF	tgtgcaggagtagggagtggaggtagcaactataaactgacattt			CASSPSGYYTDTQYF	tgtgccagcagtcctagcgggtattacacagatacgcagtatttt	1	0	1	1	1
clonotype4416	UNK_S	1	TRAV2*01	TRAJ39*01			TRBV2*01	TRBJ2-1*01	CAVEVNAGNMLTF	tgtgctgtggaagttaatgcaggcaacatgctcaccttt			CASSSPGPSTDEQFF	tgtgccagcagttcaccgggaccctcgaccgatgagcagttcttc	1	0	1	1	1
clonotype4418	UNK_S	1	TRAV2*01	TRAJ21*01	TRAV10*01	TRAJ18*01	TRBV24-1*01	TRBJ1-5*01	CAVEDHNFNKFYF	tgtgctgtggaggatcacaacttcaacaaattttacttt	CVVRCYDRGSTLGRLYF	tgtgtggtgagatgctacgacagaggctcaaccctggggaggctatacttt	CATSDTGTVSNQPQHF	tgtgccaccagtgacaccgggactgttagcaatcagccccagcatttt	2	1	2	2	1
clonotype4419	UNK_S	1	TRAV8-4*01	TRAJ13*01			TRBV24-1*01	TRBJ2-3*01	CASGGGYQKVTF	tgtgcttcgggggggggttaccagaaagttaccttt			CATSDPTGGNTDTQYF	tgtgccaccagtgatcctacagggggcaatacagatacgcagtatttt	1	0	1	1	1
clonotype442	UNK_S	1	TRAV35*01	TRAJ32*01			TRBV29-1*01	TRBJ1-1*01	CAGPYSNYGGATNKLIF	tgtgctggcccctactcgaattatggtggtgctacaaacaagctcatcttt			CSVASRQAAEAFF	tgcagcgttgcttcccgacaggccgctgaagctttcttt	1	0	1	1	1
clonotype4420	UNK_S	1	TRAV8-4*01	TRAJ10*01			TRBV24-1*01	TRBJ2-3*01	CAVRGGGNKLTF	tgtgctgtgaggggaggaggaaacaaactcaccttt			CATSDSPPGLTDTQYF	tgtgccaccagtgattcccccccagggctgacagatacgcagtatttt	1	0	1	1	1
clonotype4421	UNK_S	1	TRAV12-1*01	TRAJ9*01			TRBV24-1*01	TRBJ2-3*01	CVVDYTGGFKTIF	tgtgtggtggattatactggaggcttcaaaactatcttt			CATSDLRQGAIDTQYF	tgtgccaccagtgatttgcgacagggggcaatagatacgcagtatttt	1	0	1	1	1
clonotype4422	UNK_S	1	TRAV17*01	TRAJ10*01			TRBV28*01	TRBJ2-1*01	CATPTGGGNKLTF	tgtgctacgccgacgggaggaggaaacaaactcaccttt			CASRGDREGSYNEQFF	tgtgccagcagaggggacagggagggttcctacaatgagcagttcttc	1	0	1	1	1
clonotype4423	UNK_S	1	TRAV9-2*01	TRAJ4*01			TRBV28*01	TRBJ1-5*01	CALLSGGYNKLIF	tgtgctctcctttctggtggctacaataagctgattttt			CASSPESGQGNQPQHF	tgtgccagcagtcccgagtcgggacagggcaatcagccccagcatttt	1	0	1	1	1
clonotype4424	UNK_S	1	TRAV21*01	TRAJ57*01			TRBV28*01	TRBJ1-1*01	CAAPQGGSEKLVF	tgtgctgcgcctcagggcggatctgaaaagctggtcttt			CASSSYRGSMNTEAFF	tgtgccagcagttcgtacagggggtccatgaacactgaagctttcttt	1	0	1	1	1
clonotype4425	UNK_S	1	TRAV9-2*01	TRAJ49*01			TRBV28*01	TRBJ2-5*01	CALSENTGNQFYF	tgtgctctgagtgaaaacaccggtaaccagttctatttt			CASSSRTTPPLETQYF	tgtgccagcagttctaggactacaccacctttggagacccagtacttc	1	0	1	1	1
clonotype4426	UNK_S	1	TRAV9-2*01	TRAJ15*01			TRBV28*01	TRBJ2-2*01	CALANQAGTALIF	tgtgctctggccaaccaggcaggaactgctctgatcttt			CASSLGQPRGTGELFF	tgtgccagcagtttagggcagccgcgtggcaccggggagctgtttttt	1	0	1	1	1
clonotype4427	UNK_S	1	TRAV8-4*01	TRAJ10*01			TRBV28*01	TRBJ1-4*01	CAVSGGGNKLTF	tgtgctgtgagtggaggaggaaacaaactcaccttt			CASSLLVNRGDEKLFF	tgtgccagcagtttattggtcaatcggggagatgaaaaactgtttttt	1	0	1	1	1
clonotype4428	UNK_S	1	TRAV8-3*01	TRAJ20*01			TRBV28*01	TRBJ2-7*01	CAVGSNDYKLSF	tgtgctgtgggttctaacgactacaagctcagcttt			CASSLARASGRGEQYF	tgtgccagcagtttggcacgggccagcgggagaggcgagcagtacttc	1	0	1	1	1
clonotype4429	UNK_S	1	TRAV26-1*01	TRAJ10*01			TRBV5-8*01	TRBJ2-1*01	CIVRVRSVTGGGNKLTF	tgcatcgtcagagttcggtcggtcacgggaggaggaaacaaactcaccttt			CASSLGNLAGYNEQFF	tgtgccagcagcttgggtaatctagcgggatacaatgagcagttcttc	1	0	1	1	1
clonotype443	UNK_S	1	TRAV8-2*01	TRAJ4*01			TRBV20-1*01	TRBJ2-2*01	CVVSLSGGYNKLIF	tgtgttgtgagcctttctggtggctacaataagctgattttt			CSAPDRPTGELFF	tgcagtgcccccgacaggcccaccggggagctgtttttt	1	0	1	1	1
clonotype4430	UNK_S	1	TRAV41*01	TRAJ42*01	TRAV14/DV4*01	TRAJ20*01	TRBV7-9*01	TRBJ2-2*01	CAVSSGSQGNLIF	tgtgctgtctcatcaggaagccaaggaaatctcatcttt	CAMRSNDYKLSF	tgtgcaatgaggtctaacgactacaagctcagcttt	CASSPSGSKARELFF	tgtgccagcagcccatccgggtctaaggcccgggagctgtttttt	2	1	2	2	1
clonotype4431	UNK_S	1	TRAV4*01	TRAJ28*01			TRBV7-9*01	TRBJ2-7*01	CLVGDIHSGAGSYQLTF	tgcctcgtgggtgacatccactctggggctgggagttaccaactcactttc			CASSHTGVSSYEQYF	tgtgccagcagccatacaggggtgtcctcctacgagcagtacttc	1	0	1	1	1
clonotype4432	UNK_S	1	TRAV26-1*01	TRAJ42*01			TRBV7-9*01	TRBJ1-2*01	CIVRLPPYGGSQGNLIF	tgcatcgtcagactcccgccttatggaggaagccaaggaaatctcatcttt			CASSLEKQVTYGYTF	tgtgccagcagcttagagaaacaggttacttatggctacaccttc	1	0	1	1	1
clonotype4433	UNK_S	1	TRAV20*01	TRAJ4*01	TRAV12-3*01	TRAJ4*01	TRBV7-3*01	TRBJ2-1*01	CAVQGGGYNKLIF	tgtgctgtgcagggtggtggctacaataagctgattttt	CAPVPSGGYNKLIF	tgtgctcccgtcccttctggtggctacaataagctgattttt	CASSRDRGGLNEQFF	tgtgccagcagccgggacaggggaggactcaatgagcagttcttc	2	1	2	2	1
clonotype4434	UNK_S	1	TRAV12-1*01	TRAJ45*01	TRAV9-2*01	TRAJ10*01	TRBV7-3*01	TRBJ2-2*01	CVVNGKEKGGADGLTF	tgtgtggtgaacgggaaggagaaaggaggtgctgacggactcaccttt	CALFTGGGNKLTF	tgtgctcttttcacgggaggaggaaacaaactcaccttt	CASSRGEPNTGELFF	tgtgccagcagccgtggggaacccaacaccggggagctgtttttt	2	1	2	2	1
clonotype4435	UNK_S	1	TRAV13-1*01	TRAJ21*01	TRAV9-2*01	TRAJ4*01	TRBV7-3*01	TRBJ2-5*01	CAASRTGSNKFYF	tgtgcagcaagtaggacagggtccaacaaattttacttt	CALWSGGYNKLIF	tgtgctctgtggtctggtggctacaataagctgattttt	CASSLSGGSMETQYF	tgtgccagcagcctatcgggcgggagtatggagacccagtacttc	2	1	2	2	1
clonotype4436	UNK_S	1	TRAV8-2*01	TRAJ26*01			TRBV7-3*01	TRBJ1-5*01	CVAKPYGQNFVF	tgtgttgccaaaccctatggtcagaattttgtcttt			CASSLNGGEKQPQHF	tgtgccagcagcttaaacgggggagagaaacagccccagcatttt	1	0	1	1	1
clonotype4437	UNK_S	1	TRAV13-1*01	TRAJ40*01			TRBV7-3*01	TRBJ2-7*01	CAAKASGTYKYIF	tgtgcagcaaaagcctcaggaacctacaaatacatcttt			CASSLTGTTSYEQYF	tgtgccagcagcttaactgggactacctcctacgagcagtacttc	1	0	1	1	1
clonotype4438	UNK_S	1	TRAV13-2*01	TRAJ9*01			TRBV7-3*01	TRBJ2-1*01	CAEYTGGFKTIF	tgtgcagagtatactggaggcttcaaaactatcttt			CASSLIPGEYNEQFF	tgtgccagcagcttaatcccaggagagtacaatgagcagttcttc	1	0	1	1	1
clonotype4439	UNK_S	1	TRAV21*01	TRAJ33*01			TRBV7-3*01	TRBJ2-3*01	CAVEMDSNYQLIW	tgtgctgttgagatggatagcaactatcagttaatctgg			CASSFSQGRADTQYF	tgtgccagcagctttagtcagggaagagcagatacgcagtatttt	1	0	1	1	1
clonotype444	UNK_S	1	TRAV20*01	TRAJ4*01			TRBV20-1*01	TRBJ2-4*01	CAVFSSSGGYNKLIF	tgtgctgtcttctcgtcctctggtggctacaataagctgattttt			CSAPGLAEGIQYF	tgcagtgccccgggactagctgagggcattcagtacttc	1	0	1	1	1
clonotype4440	UNK_S	1	TRAV34*01	TRAJ40*01			TRBV11-2*01	TRBJ2-3*01	CGADPSGTYKYIF	tgtggagcagacccctcaggaacctacaaatacatcttt			CASTALWGPTDTQYF	tgtgccagcaccgccctttgggggcccacagatacgcagtatttt	1	0	1	1	1
clonotype4441	UNK_S	1	TRAV35*01	TRAJ42*01			TRBV11-2*01	TRBJ2-5*01	CAGANYGGSQGNLIF	tgtgctggggcgaattatggaggaagccaaggaaatctcatcttt			CASSRRLAGPETQYF	tgtgccagcagccgccggctagcggggccggagacccagtacttc	1	0	1	1	1
clonotype4442	UNK_S	1	TRAV13-2*01	TRAJ8*01			TRBV11-2*01	TRBJ2-2*01	CAESTGFQKLVF	tgtgcagagagcacaggctttcagaaacttgtattt			CASSWGLTNTGELFF	tgtgccagcagctggggactgacgaacaccggggagctgtttttt	1	0	1	1	1
clonotype4443	UNK_S	1	TRAV12-2*01	TRAJ24*01			TRBV11-2*01	TRBJ2-7*01	CALTDSWGKLQF	tgtgccttaactgacagctgggggaaattgcagttt			CASSLARGGSYEQYF	tgtgccagcagcttagcccggggcggctcctacgagcagtacttc	1	0	1	1	1
clonotype4444	UNK_S	1	TRAV9-2*01	TRAJ32*01			TRBV11-2*01	TRBJ1-4*01	CALLSGATNKLIF	tgtgctctgttaagcggtgctacaaacaagctcatcttt			CASSLAGGAYEKLFF	tgtgccagcagcttagcggggggcgcttatgaaaaactgtttttt	1	0	1	1	1
clonotype4445	UNK_S	1	TRAV9-2*01	TRAJ17*01			TRBV7-8*01	TRBJ2-3*01	CALSRAAGNKLTF	tgtgctctgagtagggctgcaggcaacaagctaactttt			CASSRGRAFTDTQYF	tgtgccagcagccgaggccgggccttcacagatacgcagtatttt	1	0	1	1	1
clonotype4446	UNK_S	1	TRAV9-2*01	TRAJ17*01			TRBV7-8*01	TRBJ2-7*01	CALPKAAGNKLTF	tgtgctctgcccaaagctgcaggcaacaagctaactttt			CASSLSDARNYEQYV	tgtgccagcagcttaagtgatgccagaaactacgagcagtacgtc	1	0	1	1	1
clonotype4447	UNK_S	1	TRAV41*01	TRAJ33*01			TRBV7-8*01	TRBJ2-7*01	CAVRSNSNYQLIW	tgtgctgtcagatcgaatagcaactatcagttaatctgg			CASSLQAGGVGEQYF	tgtgccagcagcttacaagctggcggggtcggcgagcagtacttc	1	0	1	1	1
clonotype4448	UNK_S	1	TRAV30*01	TRAJ54*01			TRBV7-2*01	TRBJ2-2*01	CGTETQGAQKLVF	tgcggcacagagactcagggagcccagaagctggtattt			CASSLTGANTGELFF	tgtgccagcagcttaacgggggcgaacaccggggagctgtttttt	1	0	1	1	1
clonotype445	UNK_S	1	TRAV17*01	TRAJ10*01			TRBV20-1*01	TRBJ1-5*01	CATDALTGGGNKLTF	tgtgctacggacgctctcacgggaggaggaaacaaactcaccttt			CSARDYSNQPQHF	tgcagtgctagagattatagcaatcagccccagcatttt	1	0	1	1	1
clonotype4450	UNK_S	1	TRAV2*01	TRAJ39*01			TRBV7-2*01	TRBJ1-5*01	CAVTRNAGNMLTF	tgtgctgtaacgcggaatgcaggcaacatgctcaccttt			CASSLGRDGNQPQHF	tgtgccagcagcttagggagggatggaaatcagccccagcatttt	1	0	1	1	1
clonotype4451	UNK_S	1	TRAV8-6*01	TRAJ40*01			TRBV7-2*01	TRBJ2-1*01	CAVSEGTYKYIF	tgtgctgtgagtgagggaacctacaaatacatcttt			CASITTGLSIREQFF	tgtgccagcattactacgggactatccatccgcgagcagttcttc	1	0	1	1	1
clonotype4452	UNK_S	1	TRAV12-1*01	TRAJ42*01			TRBV7-2*01	TRBJ2-7*01	CVVNMGSQGNLIF	tgtgtggtgaacatgggaagccaaggaaatctcatcttt			CASSKGGTSVYEQYF	tgtgccagcagcaagggcgggactagcgtctacgagcagtacttc	1	0	1	1	1
clonotype4453	UNK_S	1	TRAV21*01	TRAJ30*01			TRBV7-2*01	TRBJ2-3*01	CAVRNGRDDKIIF	tgtgctgtgagaaacgggagagatgacaagatcatcttt			CASSRRDSYSYTQYF	tgtgccagcagccgacgggacagttattcatatacgcagtatttt	1	0	1	1	1
clonotype4454	UNK_S	1	TRAV9-2*01	TRAJ44*01			TRBV10-2*01	TRBJ2-7*01	CALRTGTASKLTF	tgtgctctgagaaccggcactgccagtaaactcaccttt			CASSDPLKREVGEQYV	tgcgccagcagtgaccccttgaagcgggaggtgggcgagcagtacgtc	1	0	1	1	1
clonotype4455	UNK_S	1	TRAV17*01	TRAJ31*01			TRBV10-2*01	TRBJ2-6*01	CATAGRGNARLMF	tgtgctaccgccggacgtggcaatgccagactcatgttt			CASSESRGAGANVLTF	tgcgccagcagtgagtcgaggggcgctggggccaacgtcctgactttc	1	0	1	1	1
clonotype4456	UNK_S	1	TRAV8-2*01	TRAJ30*01			TRBV7-6*01	TRBJ1-2*01	CVVLNRDDKIIF	tgtgttgtcctgaacagagatgacaagatcatcttt			CASSSGPQIPYGYTF	tgtgccagcagctccggtccacagatcccctatggctacaccttc	1	0	1	1	1
clonotype4457	UNK_S	1	TRAV8-4*01	TRAJ27*01			TRBV27*01	TRBJ1-6*01	CAVRTNAGKSTF	tgtgctgttaggaccaatgcaggcaaatcaaccttt			CASSRGTGAFNSPLHF	tgtgccagcagtcgggggacaggggcctttaattcacccctccacttt	1	0	1	1	1
clonotype4458	UNK_S	1	TRAV36/DV7*01	TRAJ26*01			TRBV27*01	TRBJ2-5*01	CAVGNYGQNFVF	tgtgctgtgggtaactatggtcagaattttgtcttt			CASSLLGSGRVETQYF	tgtgccagcagtctcctgggtagcgggagggtggagacccagtacttc	1	0	1	1	1
clonotype4459	UNK_S	1	TRAV2*01	TRAJ29*01	TRAV13-1*01	TRAJ21*01	TRBV27*01	TRBJ2-2*01	CALRNSGNTPLVF	tgtgctttgcggaattcaggaaacacacctcttgtcttt	CAASRGYNFNKFYF	tgtgcagcaagtagaggatacaacttcaacaaattttacttt	CASSGVGGPDLGELFF	tgtgccagcagtggcgtgggagggcccgacctcggggagctgtttttt	2	1	2	2	1
clonotype446	UNK_S	1	TRAV8-3*01	TRAJ39*01			TRBV20-1*01	TRBJ1-5*01	CAVGAPNAGNMLTF	tgtgctgtgggtgccccaaatgcaggcaacatgctcaccttt			CSARDSSSRPQHF	tgcagtgctagagattcttcgagccggccccagcatttt	1	0	1	1	1
clonotype4461	UNK_S	1	TRAV27*01	TRAJ8*01	TRAV12-2*01	TRAJ26*01	TRBV5-1*01	TRBJ2-5*01	CAGAGANTGFQKLVF	tgtgcaggagctggggcgaacacaggctttcagaaacttgtattt	CAAGNYNYGQNFVF	tgtgccgccgggaactataactatggtcagaattttgtcttt	CASSPGLAGNQETQYF	tgcgccagcagcccgggactagcgggaaaccaagagacccagtacttc	2	1	2	2	1
clonotype4462	UNK_S	1	TRAV24*01	TRAJ34*01			TRBV5-1*01	TRBJ2-5*01	CALPTDKLIF	tgtgccttacccaccgacaagctcatcttt			CASSFFSGPSQETQYF	tgcgccagcagcttcttcagcgggccatcccaagagacccagtacttc	1	0	1	1	1
clonotype4463	UNK_S	1	TRAV20*01	TRAJ6*01			TRBV5-1*01	TRBJ2-5*01	CAVLSGGSYIPTF	tgtgctgtgctgtcaggaggaagctacatacctacattt			CASSLAASGGQETQYF	tgcgccagcagcttggcagctagcgggggccaagagacccagtacttc	1	0	1	1	1
clonotype4464	UNK_S	1	TRAV5*01	TRAJ21*01			TRBV12-4*01	TRBJ2-1*01	CAEKSNFNKFYF	tgtgcagagaagagcaacttcaacaaattttacttt			CASSRGLASNNEQFF	tgtgccagcagccgcggactagcttcaaacaatgagcagttcttc	1	0	1	1	1
clonotype4465	UNK_S	1	TRAV8-4*01	TRAJ39*01	TRAV17*01	TRAJ33*01	TRBV12-4*01	TRBJ1-6*01	CAVSYNNAGNMLTF	tgtgctgtgagctataataatgcaggcaacatgctcaccttt	CATDPDSNYQLIW	tgtgctacggacccggatagcaactatcagttaatctgg	CASRRDGGYNSPLHF	tgtgccagcaggcgggacggcggctataattcacccctccacttt	2	1	2	2	1
clonotype4466	UNK_S	1	TRAV2*01	TRAJ6*01			TRBV12-4*01	TRBJ1-4*01	CAVAGGGSYIPTF	tgtgctgtggcagggggaggaagctacatacctacattt			CASSSLPRANEKLFF	tgtgccagcagttccctgcctagggctaatgaaaaactgtttttt	1	0	1	1	1
clonotype4467	UNK_S	1	TRAV30*01	TRAJ20*01	TRAV12-1*01	TRAJ43*01	TRBV12-4*01	TRBJ2-1*01	CGTEISSDYKLSF	tgcggcacagagatctctagcgactacaagctcagcttt	CVVNWYNNNDMRF	tgtgtggtgaactggtacaataacaatgacatgcgcttt	CASSFGSGAYNEQFF	tgtgccagcagttttggtagcggggcctacaatgagcagttcttc	2	1	2	2	1
clonotype4468	UNK_S	1	TRAV8-4*01	TRAJ26*01			TRBV3-1*01	TRBJ1-6*01	CAADNYGQNFVF	tgtgccgccgataactatggtcagaattttgtcttt			CASSQNGAGFDSPLHF	tgtgccagcagccaaaacggggcagggtttgattcacccctccacttt	1	0	1	1	1
clonotype4469	UNK_S	1	TRAV9-2*01	TRAJ26*01			TRBV3-1*01	TRBJ2-1*01	CALKRVYGQNFVF	tgtgctctgaagcgggtctatggtcagaattttgtcttt			CASSQKIGGLRNEQFF	tgtgccagcagccaaaagattggtggtttgaggaatgagcagttcttc	1	0	1	1	1
clonotype447	UNK_S	1	TRAV9-2*01	TRAJ35*01			TRBV20-1*01	TRBJ2-1*01	CALSDQNGFGNVLHC	tgtgctctgagtgatcagaacggctttgggaatgtgctgcattgc			CSGSGSLYNEQFF	tgcagcgggagcgggagtctctacaatgagcagttcttc	1	0	1	1	1
clonotype4470	UNK_S	1	TRAV9-2*01	TRAJ4*01			TRBV3-1*01	TRBJ2-3*01	CALPSGGYNKLIF	tgtgctctgccttctggtggctacaataagctgattttt			CASSQSSGTGGNTQYF	tgtgccagcagccaaagctcaggtacagggggaaatacgcagtatttt	1	0	1	1	1
clonotype4471	UNK_S	1	TRAV25*01	TRAJ13*01	TRAV12-3*01	TRAJ17*01	TRBV3-1*01	TRBJ2-3*01	CAGPNNSGGYQKVTF	tgtgcagggccgaataattctgggggttaccagaaagttaccttt	CAMIKAAGNKLTF	tgtgcaatgatcaaagctgcaggcaacaagctaactttt	CASSQERVRLTDTQYF	tgtgccagcagccaagaacgggttcgactcacagatacgcagtatttt	2	1	2	2	1
clonotype4472	UNK_S	1	TRAV9-2*01	TRAJ13*01			TRBV3-1*01	TRBJ1-3*01	CALYSGGYQKVTF	tgtgctctctattctgggggttaccagaaagttaccttt			CASSQDRARAGNTIYF	tgtgccagcagccaagatagggccagggccggaaacaccatatatttt	1	0	1	1	1
clonotype4473	UNK_S	1	TRAV8-4*01	TRAJ47*01			TRBV3-1*01	TRBJ2-7*01	CAVSEYGNKLVF	tgtgctgtgagtgaatatggaaacaagctggtcttt			CASSQATSGYSYEQYF	tgtgccagcagccaagcgactagcggatactcctacgagcagtacttc	1	0	1	1	1
clonotype4474	UNK_S	1	TRAV13-1*01	TRAJ33*01			TRBV3-1*01	TRBJ2-7*01	CAATMDSNYQLIW	tgtgcagcaaccatggatagcaactatcagttaatctgg			CASSQGGVAGVYEQYF	tgtgccagcagccaagggggagtagcgggagtctacgagcagtacttc	1	0	1	1	1
clonotype4475	UNK_S	1	TRAV20*01	TRAJ21*01			TRBV3-1*01	TRBJ2-3*01	CAVQAGNFNKFYF	tgtgctgtgcaggctggcaacttcaacaaattttacttt			CASSQVSQGITDTQYF	tgtgccagcagccaagtctcacaggggatcacagatacgcagtatttt	1	0	1	1	1
clonotype4476	UNK_S	1	TRAV8-4*01	TRAJ54*01			TRBV4-1*01	TRBJ1-2*01	CAVIQGAQKLVF	tgtgctgtgatccagggagcccagaagctggtattt			CASSQEVQQGPYGYTF	tgcgccagcagccaagaagtccaacaggggccctatggctacaccttc	1	0	1	1	1
clonotype4477	UNK_S	1	TRAV9-2*01	TRAJ37*01			TRBV4-1*01	TRBJ2-3*01	CALSRGNTGKLIF	tgtgctctgagcaggggcaacacaggcaaactaatcttt			CASSQDRQGRTDTQYF	tgcgccagcagccaagataggcaggggcgcacagatacgcagtatttt	1	0	1	1	1
clonotype4478	UNK_S	1	TRAV10*01	TRAJ30*01			TRBV4-1*01	TRBJ2-5*01	CVVNRDDKIIF	tgtgtggtgaacagagatgacaagatcatcttt			CASSQGLLPLQETQYF	tgcgccagcagccaaggtttactacctttgcaagagacccagtacttc	1	0	1	1	1
clonotype4479	UNK_S	1	TRAV9-2*01	TRAJ21*01			TRBV4-2*01	TRBJ1-1*01	CALTAYNFNKFYF	tgtgctctgaccgcatacaacttcaacaaattttacttt			CASSQGRRTGNTEAFF	tgtgccagcagccaaggccgtcggacggggaacactgaagctttcttt	1	0	1	1	1
clonotype448	UNK_S	1	TRAV17*01	TRAJ15*01			TRBV20-1*01	TRBJ2-7*01	CATDSLDQAGTALIF	tgtgctacggactccctcgaccaggcaggaactgctctgatcttt			CSPLGTSGYEQYF	tgcagtccactagggactagcggctacgagcagtacttc	1	0	1	1	1
clonotype4480	UNK_S	1	TRAV13-1*01	TRAJ3*01			TRBV4-2*01	TRBJ2-2*01	CAAPGSSASKIIF	tgtgcagcccctgggagcagtgcttccaagataatcttt			CASSQFLAGGPGELFF	tgtgccagcagccagttcctagcgggagggcccggggagctgtttttt	1	0	1	1	1
clonotype4482	UNK_S	1	TRAV2*01	TRAJ20*01			TRBV4-3*01	TRBJ2-3*01	CAVEGLGDYKLSF	tgtgctgtggaggggcttggcgactacaagctcagcttt			CASSQDHDLGTDTQYF	tgcgccagcagccaagatcatgaccttggcacagatacgcagtatttt	1	0	1	1	1
clonotype4483	UNK_S	1	TRAV17*01	TRAJ20*01			TRBV4-3*01	TRBJ1-3*01	CATVPGNDYKLSF	tgtgctacggtcccgggtaacgactacaagctcagcttt			CASSQAVGGTGNTIYF	tgcgccagcagccaggccgtcgggggcaccggaaacaccatatatttt	1	0	1	1	1
clonotype4485	UNK_S	1	TRAV13-2*01	TRAJ39*01			TRBV9*01	TRBJ2-1*01	CAENNAGNMLTF	tgtgcagagaataatgcaggcaacatgctcaccttt			CASSARPGASRNEQFF	tgtgccagcagcgccagaccgggggccagtcggaatgagcagttcttc	1	0	1	1	1
clonotype4486	UNK_S	1	TRAV8-4*01	TRAJ49*01			TRBV9*01	TRBJ2-2*01	CAVSVAGNQFYF	tgtgctgtgagtgtagccggtaaccagttctatttt			CASSAPGTGWTGELFF	tgtgccagcagcgctcccgggacagggtggaccggggagctgtttttt	1	0	1	1	1
clonotype4487	UNK_S	1	TRAV9-2*01	TRAJ11*01			TRBV9*01	TRBJ2-2*01	CALRQSGYSTLTF	tgtgctctgcgacaatcaggatacagcaccctcaccttt			CASSVEERLSTGELFF	tgtgccagcagcgtagaggagagattatcgaccggggagctgtttttt	1	0	1	1	1
clonotype4488	UNK_S	1	TRAV8-2*01	TRAJ3*01	TRAV2*01	TRAJ23*01	TRBV11-3*01	TRBJ2-1*01	CVVRSSASKIIF	tgtgttgtgagaagcagtgcttccaagataatcttt	CAVEDRIYNQGGKLIF	tgtgctgtggaggaccgtatttataaccagggaggaaagcttatcttc	CASSSGPPLMNEQFF	tgtgccagcagctcgggaccccctttgatgaatgagcagttcttc	2	1	2	2	1
clonotype4489	UNK_S	1	TRAV8-3*01	TRAJ8*01			TRBV11-3*01	TRBJ2-5*01	CAVDRGFQKLVF	tgtgctgtggatcgaggctttcagaaacttgtattt			CASSLYPGSGETQYF	tgtgccagcagcttatatccggggagcggggagacccagtacttc	1	0	1	1	1
clonotype449	UNK_S	1	TRAV12-1*01	TRAJ45*01			TRBV20-1*01	TRBJ1-2*01	CVVWYSGGGADGLTF	tgtgtggtatggtattcaggaggaggtgctgacggactcaccttt			CSAREGTEYGYTF	tgcagtgctagagaagggacagaatatggctacaccttc	1	0	1	1	1
clonotype4490	UNK_S	1	TRAV41*01	TRAJ58*01			TRBV11-3*01	TRBJ2-1*01	CAAVETSGSRLTF	tgtgctgccgttgaaaccagtggctctaggttgaccttt			CASSLGGAAYNEQFF	tgtgccagcagcttggggggggcagcctacaatgagcagttcttc	1	0	1	1	1
clonotype4491	UNK_S	1	TRAV13-1*01	TRAJ15*01			TRBV15*01	TRBJ1-5*01	CAASGQAGTALIF	tgtgcagcaagtgggcaggcaggaactgctctgatcttt			CATSTGQGAGNQPQHF	tgtgccaccagcacgggacagggggccggcaatcagccccagcatttt	1	0	1	1	1
clonotype4492	UNK_S	1	TRAV8-2*01	TRAJ3*01			TRBV15*01	TRBJ2-1*01	CVVSASASKIIF	tgtgttgtgagtgcgagtgcttccaagataatcttt			CATSRDRGGTYNEQFF	tgtgccaccagcagagatcggggagggacctacaatgagcagttcttc	1	0	1	1	1
clonotype4493	UNK_S	1	TRAV38-2/DV8*01	TRAJ43*01			TRBV15*01	TRBJ1-1*01	CAYRDNDMRF	tgtgcttatagggacaatgacatgcgcttt			CATSRGLGGLNTEAFF	tgtgccaccagcagaggtttagggggcttgaacactgaagctttcttt	1	0	1	1	1
clonotype4494	UNK_S	1	TRAV12-1*01	TRAJ23*01			TRBV15*01	TRBJ1-4*01	CVAHYNQGGKLIF	tgtgtggctcattataaccagggaggaaagcttatcttc			CATSRVREPGGEKLFF	tgtgccaccagcagagttcgggagcccggtggtgaaaaactgtttttt	1	0	1	1	1
clonotype4495	UNK_S	1	TRAV2*01	TRAJ11*01			TRBV14*01	TRBJ2-5*01	CAVDISGYSTLTF	tgtgctgtggatatttcaggatacagcaccctcaccttt			CASSQAGQFAKTQYF	tgtgccagcagccaagctggacagtttgcgaagacccagtacttc	1	0	1	1	1
clonotype4496	UNK_S	1	TRAV9-2*01	TRAJ17*01			TRBV14*01	TRBJ1-1*01	CALKEAAGNKLTF	tgtgctctgaaggaagctgcaggcaacaagctaactttt			CASSQGQVMNTEAFF	tgtgccagcagccaaggacaggttatgaacactgaagctttcttt	1	0	1	1	1
clonotype4497	UNK_S	1	TRAV35*01	TRAJ42*01			TRBV14*01	TRBJ1-2*01	CAGMNYGGSQGNLIF	tgtgctgggatgaattatggaggaagccaaggaaatctcatcttt			CASSQRKGGIHGYTF	tgtgccagcagccagagaaagggggggattcatggctacaccttc	1	0	1	1	1
clonotype4498	UNK_S	1	TRAV3*01	TRAJ29*01			TRBV25-1*01	TRBJ2-4*01	CAVRVSGNTPLVF	tgtgctgtgagagtatcaggaaacacacctcttgtcttt			CASSDKAGWAKNIQYF	tgtgccagcagtgataaggcgggatgggccaaaaacattcagtacttc	1	0	1	1	1
clonotype4499	UNK_S	1	TRAV13-1*01	TRAJ15*01			TRBV19*01	TRBJ2-1*01	CAAYLNQAGTALIF	tgtgcagcttaccttaaccaggcaggaactgctctgatcttt			CASSSRQGASYNEQFF	tgtgccagtagctcacgacagggagcttcctacaatgagcagttcttc	1	0	1	1	1
clonotype45	UNK_S	2	TRAV3*01	TRAJ33*01	TRAV23/DV6*01	TRAJ24*01	TRBV28*01	TRBJ2-7*01	CAVIMDSNYQLIW	tgtgctgtgatcatggatagcaactatcagttaatctgg	CAASKSDSWGKLQF	tgtgcagcaagcaagtctgacagctgggggaaattgcagttt	CASRLGTREQYF	tgtgccagcaggcttgggactcgcgagcagtacttc	3	2	4	2	1
clonotype450	UNK_S	1	TRAV8-4*01	TRAJ9*01			TRBV20-1*01	TRBJ2-7*01	CAVSVNTGGFKTIF	tgtgctgtgagtgtgaatactggaggcttcaaaactatcttt			CSARERVSYEQYF	tgcagtgctagagagagggtatcctacgagcagtacttc	1	0	1	1	1
clonotype4500	UNK_S	1	TRAV8-6*01	TRAJ23*01			TRBV19*01	TRBJ2-7*01	CAVSEIKGGKLIF	tgtgctgtgagtgaaataaagggaggaaagcttatcttc			CASSTPGLGVLGEQYF	tgtgccagtagtactccaggtctgggggttctcggcgagcagtacttc	1	0	1	1	1
clonotype4501	UNK_S	1	TRAV17*01	TRAJ7*01			TRBV19*01	TRBJ2-1*01	CATDEDYGNNRLAF	tgtgctacggacgaggactatgggaacaacagactcgctttt			CASSIRRAGPAPEQFF	tgtgccagtagtatacggagggcagggccagcccctgagcagttcttc	1	0	1	1	1
clonotype4502	UNK_S	1	TRAV8-3*01	TRAJ6*01			TRBV19*01	TRBJ2-5*01	CAVGSGGSYIPTF	tgtgctgtgggttcaggaggaagctacatacctacattt			CASSRVETRPGETQYF	tgtgccagtagtcgagtagagactaggccaggagagacccagtacttc	1	0	1	1	1
clonotype4503	UNK_S	1	TRAV29/DV5*01	TRAJ30*01	TRAV21*01	TRAJ24*01	TRBV19*01	TRBJ1-1*01	CAAKPRNRDDKIIF	tgtgcagcaaagccgaggaacagagatgacaagatcatcttt	CAVRTTDSWGKLQF	tgtgctgtgaggacaactgacagctgggggaaattgcagttt	CASSARRQGANTEAFF	tgtgccagtagtgcccgccgacagggggccaacactgaagctttcttt	2	1	2	2	1
clonotype4504	UNK_S	1	TRAV2*01	TRAJ10*01			TRBV19*01	TRBJ1-6*01	CAVVQAGGGNKLTF	tgtgctgttgtgcaggcgggaggaggaaacaaactcaccttt			CASSSSGTANNSPLHF	tgtgccagtagttcttccgggacagctaataattcacccctccacttt	1	0	1	1	1
clonotype4505	UNK_S	1	TRAV9-2*01	TRAJ13*01	TRAV5*01	TRAJ39*01	TRBV11-1*01	TRBJ1-2*01	CALRSSGGYQKVTF	tgtgctctgaggtcgtctgggggttaccagaaagttaccttt	CAESLYNNAGNMLTF	tgtgcagagagtctctataataatgcaggcaacatgctcaccttt	CASSPVATSNYGYTF	tgtgccagcagcccggtcgcgacttctaactatggctacaccttc	2	1	2	2	1
clonotype4506	UNK_S	1	TRAV8-6*01	TRAJ8*01			TRBV11-1*01	TRBJ1-2*01	CAVRGKGFQKLVF	tgtgctgtgaggggcaaaggctttcagaaacttgtattt			CASSLADGSNYGYTF	tgtgccagcagcttagcggacggctctaactatggctacaccttc	1	0	1	1	1
clonotype4508	UNK_S	1	TRAV36/DV7*01	TRAJ37*01			TRBV6-6*01	TRBJ2-1*01	CAVGSSNTGKLIF	tgtgctgtcggctctagcaacacaggcaaactaatcttt			CASSWALAGSYNEQFF	tgtgccagcagttgggcactagcggggtcctacaatgagcagttcttc	1	0	1	1	1
clonotype4509	UNK_S	1	TRAV39*01	TRAJ32*01			TRBV6-6*01	TRBJ2-6*01	CAVDLNYGGATNKLIF	tgtgccgtggacctgaattatggtggtgctacaaacaagctcatcttt			CASKDRTFSGANVLTF	tgtgccagtaaagaccgaaccttctctggggccaacgtcctgactttc	1	0	1	1	1
clonotype451	UNK_S	1	TRAV12-3*01	TRAJ23*01			TRBV20-1*01	TRBJ1-1*01	CAMSVNQGGKLIF	tgtgcaatgagtgttaaccagggaggaaagcttatcttc			CSARVAGATEAFF	tgcagtgctagagtcgcgggggccactgaagctttcttt	1	0	1	1	1
clonotype4511	UNK_S	1	TRAV8-4*01	TRAJ7*01			TRBV6-5*01	TRBJ2-1*01	CAVSSYGNNRLAF	tgtgctgtgagttcctatgggaacaacagactcgctttt			CASRKEGGTGYNEQFF	tgtgccagcaggaaagaggggggaacgggatacaatgagcagttcttc	1	0	1	1	1
clonotype4513	UNK_S	1	TRAV3*01	TRAJ47*01			TRBV6-1*01	TRBJ2-2*01	CAVMGEYGNKLVF	tgtgctgtgatgggggaatatggaaacaagctggtcttt			CASRFYPTGNTGELFF	tgtgccagcagattttacccgacagggaacaccggggagctgtttttt	1	0	1	1	1
clonotype4515	UNK_S	1	TRAV13-2*01	TRAJ31*01			TRBV6-1*01	TRBJ2-5*01	CAEKPNNNARLMF	tgtgcagagaaacctaataacaatgccagactcatgttt			CASSAGLAGGGETQYF	tgtgccagcagtgctggactagcgggagggggggagacccagtacttc	1	0	1	1	1
clonotype4516	UNK_S	1	TRAV20*01	TRAJ22*01			TRBV6-2*01	TRBJ2-1*01	CAVRPSGSARQLTF	tgtgctgtgcggccttctggttctgcaaggcaactgaccttt			CASSGSGVTSYNEQFF	tgtgccagcagtgggagcggcgttacctcctacaatgagcagttcttc	1	0	1	1	1
clonotype4517	UNK_S	1	TRAV13-1*01	TRAJ47*01			TRBV6-2*01	TRBJ2-4*01	CAASREEYGNKLVF	tgtgcagcaagtagggaggaatatggaaacaagctggtcttt			CASIGLASIAKNIQYF	tgtgccagcatcggactagcgtctatagccaaaaacattcagtacttc	1	0	1	1	1
clonotype4518	UNK_S	1	TRAV13-1*01	TRAJ53*01			TRBV6-2*01	TRBJ2-1*01	CAANPGGSNYKLTF	tgtgcagcaaaccctggaggtagcaactataaactgacattt			CASTGTGVSSYNEQFF	tgtgccagcaccggaaccggggtaagctcctacaatgagcagttcttc	1	0	1	1	1
clonotype4519	UNK_S	1	TRAV5*01	TRAJ7*01			TRBV6-2*01	TRBJ1-4*01	CAESRYGNNRLAF	tgtgcagagagccgctatgggaacaacagactcgctttt			CASRAGSLAANEKLFF	tgtgccagcagagccgggtcccttgcggctaatgaaaaactgtttttt	1	0	1	1	1
clonotype452	UNK_S	1	TRAV9-2*01	TRAJ57*01			TRBV20-1*01	TRBJ1-3*01	CALEVAQGGSEKLVF	tgtgctctcgaggtcgcacagggcggatctgaaaagctggtcttt			CSARRNSGNTIYF	tgcagtgctaggaggaactctggaaacaccatatatttt	1	0	1	1	1
clonotype4520	UNK_S	1	TRAV12-1*01	TRAJ15*01			TRBV30*01	TRBJ2-6*01	CVVNWNQAGTALIF	tgtgtggtgaattggaaccaggcaggaactgctctgatcttt			CAWSPFPWAGAGANVLTF	tgtgcctggagtcccttcccgtgggcaggggctggggccaacgtcctgactttc	1	0	1	1	1
clonotype4521	UNK_S	1	TRAV13-1*01	TRAJ6*01	TRAV12-2*01	TRAJ45*01	TRBV29-1*01	TRBJ2-1*01	CAASIGEGGSYIPTF	tgtgcagcaagtatcggagaaggaggaagctacatacctacattt	CAGTGGGADGLTF	tgtgccggaacaggaggaggtgctgacggactcaccttt	CSVTSGTSAPVDWNEQFF	tgcagcgttacgtccgggactagcgcccctgtagattggaatgagcagttcttc	2	1	2	2	1
clonotype4522	UNK_S	1	TRAV8-2*01	TRAJ21*01			TRBV18*01	TRBJ1-5*01	CVVGLYNFNKFYF	tgtgttgtgggtttatacaacttcaacaaattttacttt			CASSPLGRENQPQHF	tgtgccagctcccccctaggcagggagaatcagccccagcatttt	1	0	1	1	1
clonotype4523	UNK_S	1	TRAV25*01	TRAJ52*01			TRBV18*01	TRBJ1-1*01	CAGPNAGGTSYGKLTF	tgtgcaggacctaatgctggtggtactagctatggaaagctgacattt			CASSPPGQMNTEAFF	tgtgccagctcaccaccggggcagatgaacactgaagctttcttt	1	0	1	1	1
clonotype4524	UNK_S	1	TRAV17*01	TRAJ53*01			TRBV18*01	TRBJ2-1*01	CATDIRGSNYKLTF	tgtgctacggatatacgaggtagcaactataaactgacattt			CASSPVAENYNEQFF	tgtgccagctcaccagtagcggagaactacaatgagcagttcttc	1	0	1	1	1
clonotype4525	UNK_S	1	TRAV4*01	TRAJ28*01			TRBV12-3*01	TRBJ1-1*01	CLVGLGYDSGAGSYQLTF	tgcctcgtgggcctggggtatgactctggggctgggagttaccaactcactttc			CATREGTSMNTEAFF	tgtgccacccgggagggaacgagcatgaacactgaagctttcttt	1	0	1	1	1
clonotype4526	UNK_S	1	TRAV17*01	TRAJ6*01			TRBV12-3*01	TRBJ1-5*01	CATDWTGGSYIPTF	tgtgctacggactggacaggaggaagctacatacctacattt			CASSTGQPGNQPQHF	tgtgccagcagcacgggacagcccggcaatcagccccagcatttt	1	0	1	1	1
clonotype4527	UNK_S	1	TRAV14/DV4*01	TRAJ35*01			TRBV12-3*01	TRBJ1-4*01	CAMVMRNVLHC	tgtgcaatggtcatgaggaatgtgctgcattgc			CASSHGTGLDEKLFF	tgtgccagcagccacgggacagggctggatgaaaaactgtttttt	1	0	1	1	1
clonotype4528	UNK_S	1	TRAV41*01	TRAJ57*01	TRAV14/DV4*01	TRAJ35*01	TRBV12-3*01	TRBJ2-7*01	CAVPTQGGSEKLVF	tgtgctgtccccactcagggcggatctgaaaagctggtcttt	CAMREAPIGFGNVLHC	tgtgcaatgagagaggccccgataggctttgggaatgtgctgcattgc	CASSYPGTGTYEQYF	tgtgccagcagctaccccgggacaggtacctacgagcagtacttc	2	1	2	2	1
clonotype4529	UNK_S	1	TRAV8-6*01	TRAJ36*01			TRBV12-3*01	TRBJ2-1*01	CAVIGTGANNLFF	tgtgctgtgattggtactggggcaaacaacctcttcttt			CASSRGLAGVDEQFF	tgtgccagcagtagaggactagcgggagtcgatgagcagttcttc	1	0	1	1	1
clonotype4530	UNK_S	1	TRAV17*01	TRAJ29*01			TRBV12-3*01	TRBJ2-3*01	CATDGRAGNTPLVF	tgtgctacggacgggagggcaggaaacacacctcttgtcttt			CASSRTAPSTDTQYF	tgtgccagcagtaggacagcccctagcacagatacgcagtatttt	1	0	1	1	1
clonotype4531	UNK_S	1	TRAV26-1*01	TRAJ28*01			TRBV12-3*01	TRBJ2-2*01	CIVRSLGYSGAGSYQLTF	tgcatcgtcagatccctcggctactctggggctgggagttaccaactcactttc			CASSRGQGWAGELFF	tgtgccagcagtaggggacaggggtgggccggggagctgtttttt	1	0	1	1	1
clonotype4532	UNK_S	1	TRAV13-2*01	TRAJ15*01			TRBV12-3*01	TRBJ2-7*01	CAENNQAGTALIF	tgtgcagagaataaccaggcaggaactgctctgatcttt			CASSGRQGVRYEQYF	tgtgccagcagtgggagacagggtgttcggtacgagcagtacttc	1	0	1	1	1
clonotype4533	UNK_S	1	TRAV17*01	TRAJ10*01			TRBV12-3*01	TRBJ2-5*01	CATAGGGGGNKLTF	tgtgctacggccggggggggaggaggaaacaaactcaccttt			CASSSKTGGRETQYF	tgtgccagcagttctaaaacaggggggcgggagacccagtacttc	1	0	1	1	1
clonotype4534	UNK_S	1	TRAV3*01	TRAJ36*01			TRBV12-3*01	TRBJ1-3*01	CAVRDGGANNLFF	tgtgctgtgagagacggtggggcaaacaacctcttcttt			CASSLEGFSGNTIYF	tgtgccagcagtttggagggtttttctggaaacaccatatatttt	1	0	1	1	1
clonotype4535	UNK_S	1	TRAV8-3*01	TRAJ27*01			TRBV12-3*01	TRBJ2-1*01	CAVGGTNAGKSTF	tgtgctgtgggtggcaccaatgcaggcaaatcaaccttt			CASSLSSGRGDEQFF	tgtgccagcagtttgtcgagcgggaggggggatgagcagttcttc	1	0	1	1	1
clonotype4536	UNK_S	1	TRAV12-1*01	TRAJ50*01			TRBV2*01	TRBJ1-6*01	CVVNRPTSYDKVIF	tgtgtggtgaaccgaccaacctcctacgacaaggtgatattt			CASRPGQGINSPLHF	tgtgccagcaggccgggacaggggatcaattcacccctccacttt	1	0	1	1	1
clonotype4537	UNK_S	1	TRAV17*01	TRAJ15*01			TRBV2*01	TRBJ1-3*01	CATAFNQAGTALIF	tgtgctacggcctttaaccaggcaggaactgctctgatcttt			CASSEARRTGNTIYF	tgtgccagcagtgaagcccgcagaaccggaaacaccatatatttt	1	0	1	1	1
clonotype4538	UNK_S	1	TRAV9-2*01	TRAJ16*01			TRBV2*01	TRBJ2-7*01	CALSDPSDGQKLLF	tgtgctctgagtgacccttcagatggccagaagctgctcttt			CASSGQGLSSYEQYV	tgtgccagcagtggacagggattaagctcctacgagcagtacgtc	1	0	1	1	1
clonotype4539	UNK_S	1	TRAV9-2*01	TRAJ49*01			TRBV2*01	TRBJ1-2*01	CALSKWLAGNQFYF	tgtgctctgagtaaatggttagccggtaaccagttctatttt			CASSGVKGGDYGYTF	tgtgccagcagtggggttaaggggggcgactatggctacaccttc	1	0	1	1	1
clonotype454	UNK_S	1	TRAV38-1*01	TRAJ54*01			TRBV20-1*01	TRBJ1-5*01	CVLIQGAQKLVF	tgtgttttaattcagggagcccagaagctggtattt			CSAPAGPWQPQHF	tgcagtgctcccgcggggccttggcagccccagcatttt	1	0	1	1	1
clonotype4540	UNK_S	1	TRAV9-2*01	TRAJ22*01	TRAV26-2*01	TRAJ10*01	TRBV2*01	TRBJ2-1*01	CALKSSSGSARQLTF	tgtgctcttaagtcttcttctggttctgcaaggcaactgaccttt	CILRVLSTLTGGGNKLTF	tgcatcctgagagtcctcagtacactcacgggaggaggaaacaaactcaccttt	CASSRLTSSYNEQFF	tgtgccagctcccgactaactagctcctacaatgagcagttcttc	2	1	2	2	1
clonotype4541	UNK_S	1	TRAV2*01	TRAJ15*01			TRBV12-5*01	TRBJ2-1*01	CAVEPYQAGTALIF	tgtgctgtggagccgtaccaggcaggaactgctctgatcttt			CASGLGQGLNNEQFF	tgtgctagtggtttgggccagggtctaaacaatgagcagttcttc	1	0	1	1	1
clonotype4542	UNK_S	1	TRAV8-3*01	TRAJ48*01			TRBV24-1*01	TRBJ2-3*01	CAGANFGNEKLTF	tgtgctggggctaactttggaaatgagaaattaaccttt			CATSDPTRGMRNTQYF	tgtgccaccagtgacccgactagagggatgaggaatacgcagtatttt	1	0	1	1	1
clonotype4543	UNK_S	1	TRAV9-2*01	TRAJ15*01			TRBV24-1*01	TRBJ2-2*01	CALRANQAGTALIF	tgtgctctgagggccaaccaggcaggaactgctctgatcttt			CATSDLSSPNTGELFF	tgtgccaccagtgatttatccagcccgaacaccggggagctgtttttt	1	0	1	1	1
clonotype4544	UNK_S	1	TRAV41*01	TRAJ32*01			TRBV28*01	TRBJ1-5*01	CAVSFGGATNKLIF	tgtgctgtctcttttggtggtgctacaaacaagctcatcttt			CASTYHRGQGNQPQHF	tgtgccagcacctaccacagggggcaagggaatcagccccagcatttt	1	0	1	1	1
clonotype4545	UNK_S	1	TRAV17*01	TRAJ54*01	TRAV38-2/DV8*01	TRAJ43*01	TRBV28*01	TRBJ2-1*01	CATDRALIQGAQKLVF	tgtgctacggaccgggccctaattcagggagcccagaagctggtattt	CAYRSAGNLRF	tgtgcttataggagcgcggggaatctgcgcttt	CASSRYLAGGPNEQFF	tgtgccagcagccgttacctagcgggaggtcccaatgagcagttcttc	2	1	2	2	1
clonotype4547	UNK_S	1	TRAV13-1*01	TRAJ42*01	TRAV14/DV4*01	TRAJ10*01	TRBV28*01	TRBJ2-2*01	CAAQRRGSQGNLIF	tgtgcagcacaacggcgaggaagccaaggaaatctcatcttt	CAMREGLLTGGGNKLTF	tgtgcaatgagagagggcctactcacgggaggaggaaacaaactcaccttt	CASSPQAGASAGELFF	tgtgccagcagtccacaagcgggagcgtcggccggggagctgtttttt	2	1	2	2	1
clonotype4548	UNK_S	1	TRAV12-1*01	TRAJ6*01			TRBV28*01	TRBJ2-6*01	CVAYASGGSYIPTF	tgtgtggcctacgcatcaggaggaagctacatacctacattt			CASSLVFPSGANVLTF	tgtgccagcagtttagtgttcccttctggggccaacgtcctgactttc	1	0	1	1	1
clonotype4549	UNK_S	1	TRAV10*01	TRAJ34*01	TRAV8-2*01	TRAJ34*01	TRBV28*01	TRBJ2-1*01	CVVSALRADKLIF	tgtgtggtgagcgcgttgagagccgacaagctcatcttt	CVVSDEGTDKLIF	tgtgttgtgagtgatgaaggcaccgacaagctcatcttt	CASSFRREGWDNEQFF	tgtgccagcagttttcggcgggagggatgggacaatgagcagttcttc	2	1	2	2	1
clonotype455	UNK_S	1	TRAV12-2*01	TRAJ24*01			TRBV2*01	TRBJ2-3*01	CAVTETDSWGKLQF	tgtgccgtgacggaaactgacagctgggggaaattgcagttt			CAGMRDTQYF	tgtgccggcatgagagatacgcagtatttt	1	0	1	1	1
clonotype4551	UNK_S	1	TRAV17*01	TRAJ58*01			TRBV7-9*01	TRBJ1-2*01	CATEQVTSGSRLTF	tgtgctacggagcaggtaaccagtggctctaggttgaccttt			CASKLVGGGNYGYTF	tgtgccagcaaactagtaggtggtgggaactatggctacaccttc	1	0	1	1	1
clonotype4552	UNK_S	1	TRAV20*01	TRAJ4*01			TRBV7-9*01	TRBJ2-1*01	CAVQAAGGYNKLIF	tgtgctgtgcaggcggctggtggctacaataagctgattttt			CASSYTKSSYNEQFF	tgtgccagcagctacacaaagagctcctacaatgagcagttcttc	1	0	1	1	1
clonotype4553	UNK_S	1	TRAV9-2*01	TRAJ7*01			TRBV7-9*01	TRBJ2-1*01	CALSPSRGNNRLAF	tgtgctctgagtccctcaagggggaacaacagactcgctttt			CASSFSGGRFNEQFF	tgtgccagcagctttagcgggggccgattcaatgagcagttcttc	1	0	1	1	1
clonotype4554	UNK_S	1	TRAV17*01	TRAJ48*01	TRAV38-1*01	TRAJ33*01	TRBV7-9*01	TRBJ2-3*01	CATDNDKTLHFGNEKLTF	tgtgctacggacaacgataaaaccctccactttggaaatgagaaattaaccttt	CALVSNYQLIW	tgtgctttggttagcaactatcagttaatctgg	CASSPRRGSTDTQYF	tgtgccagcagcccccgtcggggtagcacagatacgcagtatttt	2	1	2	2	1
clonotype4555	UNK_S	1	TRAV12-1*01	TRAJ38*01			TRBV7-9*01	TRBJ2-1*01	CVVIGAGNNRKLIW	tgtgtggtgattggtgctggcaacaaccgtaagctgatttgg			CASSRPGQAYNEQFF	tgtgccagcagccggcccggacaggcctacaatgagcagttcttc	1	0	1	1	1
clonotype4556	UNK_S	1	TRAV9-2*01	TRAJ54*01			TRBV7-9*01	TRBJ2-5*01	CALRPTQGAQKLVF	tgtgctctgaggcctactcagggagcccagaagctggtattt			CASSARQGREETQYF	tgtgccagcagcgcccgacagggccgcgaggagacccagtacttc	1	0	1	1	1
clonotype4557	UNK_S	1	TRAV13-1*01	TRAJ44*01			TRBV7-3*01	TRBJ2-1*01	CAASQTGTASKLTF	tgtgcagcaagtcaaaccggcactgccagtaaactcaccttt			CASSNGLVAYNEQFF	tgtgccagcagcaacgggctagtagcctacaatgagcagttcttc	1	0	1	1	1
clonotype4558	UNK_S	1	TRAV12-2*01	TRAJ6*01			TRBV7-3*01	TRBJ2-1*01	CAVKGGGSYIPTF	tgtgccgtgaagggaggaggaagctacatacctacattt			CASSLGLAGNNEQFF	tgtgccagcagcctcggactagcggggaacaatgagcagttcttc	1	0	1	1	1
clonotype4559	UNK_S	1	TRAV2*01	TRAJ44*01			TRBV7-3*01	TRBJ2-1*01	CAVIEGGTASKLTF	tgtgctgtgatcgagggcggcactgccagtaaactcaccttt			CASSSGPIRENEQFF	tgtgccagcagctcgggacccattcgcgaaaatgagcagttcttc	1	0	1	1	1
clonotype4560	UNK_S	1	TRAV36/DV7*01	TRAJ39*01			TRBV7-3*01	TRBJ1-1*01	CAGIYNAGNMLTF	tgtgctgggatctataatgcaggcaacatgctcaccttt			CASSLNTGKNTEAFF	tgtgccagcagcttaaacacggggaagaacactgaagctttcttt	1	0	1	1	1
clonotype4561	UNK_S	1	TRAV13-2*01	TRAJ34*01			TRBV7-3*01	TRBJ2-3*01	CADPSYNTDKLIF	tgtgcagacccatcttataacaccgacaagctcatcttt			CASSLIGGGSDTQYF	tgtgccagcagcttaatcggggggggctcagatacgcagtatttt	1	0	1	1	1
clonotype4562	UNK_S	1	TRAV9-2*01	TRAJ48*01			TRBV7-3*01	TRBJ2-3*01	CALSDRGGNEKLTF	tgtgctctgagtgatcggggaggaaatgagaaattaaccttt			CASSLDGAGTDTQYF	tgtgccagcagcttagatggggccggcacagatacgcagtatttt	1	0	1	1	1
clonotype4563	UNK_S	1	TRAV13-1*01	TRAJ37*01			TRBV11-2*01	TRBJ2-3*01	CAARGSSNTGKLIF	tgtgcagcaaggggctctagcaacacaggcaaactaatcttt			CASSQLAGGTDTQYF	tgtgccagcagccaactagcggggggcacagatacgcagtatttt	1	0	1	1	1
clonotype4564	UNK_S	1	TRAV8-6*01	TRAJ10*01			TRBV11-2*01	TRBJ2-5*01	CAVRGGGGNKLTF	tgtgctgtgagggggggaggaggaaacaaactcaccttt			CASSYHRGEAETQYF	tgtgccagcagctaccacaggggggaggcggagacccagtacttc	1	0	1	1	1
clonotype4565	UNK_S	1	TRAV21*01	TRAJ50*01			TRBV11-2*01	TRBJ2-5*01	CAVKKKTSYDKVIF	tgtgctgtgaaaaagaaaacctcctacgacaaggtgatattt			CASSYLGQPQETQYF	tgtgccagcagctacctgggacagccccaagagacccagtacttc	1	0	1	1	1
clonotype4566	UNK_S	1	TRAV9-2*01	TRAJ3*01			TRBV11-2*01	TRBJ2-2*01	CALPGYSSASKIIF	tgtgctctaccggggtacagcagtgcttccaagataatcttt			CASSSGHANTGELFF	tgtgccagcagctccggacacgcgaacaccggggagctgtttttt	1	0	1	1	1
clonotype4567	UNK_S	1	TRAV17*01	TRAJ26*01	TRAV26-2*01	TRAJ28*01	TRBV11-2*01	TRBJ2-5*01	CATDDGNYGQNFVF	tgtgctacggacgacgggaactatggtcagaattttgtcttt	CILRPTRYSGAGSYQLTF	tgcatcctgagacctacccgatactctggggctgggagttaccaactcactttc	CASSLDRNSQETQYF	tgtgccagcagcttagatcgtaacagccaagagacccagtacttc	2	1	2	2	1
clonotype4568	UNK_S	1	TRAV8-1*01	TRAJ4*01			TRBV11-2*01	TRBJ2-2*01	CAVKSGGYNKLIF	tgtgccgtgaagtctggtggctacaataagctgattttt			CASSLVRQNTGELFF	tgtgccagcagcttagtcagacagaacaccggggagctgtttttt	1	0	1	1	1
clonotype4569	UNK_S	1	TRAV9-2*01	TRAJ44*01			TRBV11-2*01	TRBJ1-4*01	CALKRTGTASKLTF	tgtgctctgaagaggaccggcactgccagtaaactcaccttt			CASSLDRTTNEKLFF	tgtgccagcagcttggacagaacaactaatgaaaaactgtttttt	1	0	1	1	1
clonotype457	UNK_S	1	TRAV8-3*01	TRAJ8*01			TRBV28*01	TRBJ2-5*01	CAVAANTGFQKLVF	tgtgctgtggccgcgaacacaggctttcagaaacttgtattt			CASSASETQYF	tgtgccagcagtgctagcgagacccagtacttc	1	0	1	1	1
clonotype4570	UNK_S	1	TRAV9-2*01	TRAJ8*01			TRBV7-8*01	TRBJ1-5*01	CALRVGTGFQKLVF	tgtgctctgagagtcggcacaggctttcagaaacttgtattt			CASSQGENSNQPQHF	tgtgccagcagccaaggcgagaatagcaatcagccccagcatttt	1	0	1	1	1
clonotype4571	UNK_S	1	TRAV13-1*01	TRAJ38*01			TRBV7-8*01	TRBJ1-1*01	CAANNAGNNRKLIW	tgtgcagcaaataatgctggcaacaaccgtaagctgatttgg			CASSLRDRLNTEAFF	tgtgccagcagcttaagggacaggttgaacactgaagctttcttt	1	0	1	1	1
clonotype4572	UNK_S	1	TRAV13-2*01	TRAJ24*01			TRBV7-2*01	TRBJ2-5*01	CAETTDSWGKLQF	tgtgcagagacaactgacagctgggggaaattgcagttt			CASSNPPEYQETQYF	tgtgccagcagcaatccaccggagtaccaagagacccagtacttc	1	0	1	1	1
clonotype4573	UNK_S	1	TRAV9-2*01	TRAJ33*01			TRBV7-2*01	TRBJ2-1*01	CALSDQDSNYQLIW	tgtgctctgagtgatcaggatagcaactatcagttaatctgg			CASSLIRSSYNEQFF	tgtgccagcagcttaatacgtagctcctacaatgagcagttcttc	1	0	1	1	1
clonotype4574	UNK_S	1	TRAV3*01	TRAJ7*01			TRBV7-2*01	TRBJ1-5*01	CAVKDYGNNRLAF	tgtgctgtgaaggactatgggaacaacagactcgctttt			CASSLEVGVGQPQHF	tgtgccagcagcttagaggtaggggtagggcagccccagcatttt	1	0	1	1	1
clonotype4575	UNK_S	1	TRAV12-3*01	TRAJ20*01			TRBV7-2*01	TRBJ1-5*01	CALLRNDYKLSF	tgtgcactgctccgtaacgactacaagctcagcttt			CASSLVFTVDQPQHF	tgtgccagcagcttagtgtttacagtagatcagccccagcatttt	1	0	1	1	1
clonotype4576	UNK_S	1	TRAV9-2*01	TRAJ10*01			TRBV7-2*01	TRBJ2-5*01	CALSKKGGGNKLTF	tgtgctctgagtaagaagggaggaggaaacaaactcaccttt			CASSLWGPTDETQYF	tgtgccagcagcttatgggggcccacagacgagacccagtacttc	1	0	1	1	1
clonotype4577	UNK_S	1	TRAV3*01	TRAJ8*01			TRBV7-2*01	TRBJ2-7*01	CAVRATGFQKLVF	tgtgctgtgagagcaacaggctttcagaaacttgtattt			CASSFSSGASYEQYV	tgtgccagcagcttctcgtcgggagcgtcctacgagcagtacgtc	1	0	1	1	1
clonotype4578	UNK_S	1	TRAV3*01	TRAJ12*01			TRBV7-2*01	TRBJ2-2*01	CAVRDMSSYKLIF	tgtgctgtgagagacatgagcagctataaattgatcttc			CASAKSGENTGELFF	tgtgccagcgcgaaaagcggggagaacaccggggagctgtttttt	1	0	1	1	1
clonotype4579	UNK_S	1	TRAV8-4*01	TRAJ12*01			TRBV7-2*01	TRBJ2-1*01	CAVTVDSSYKLIF	tgtgctgtgaccgtcgatagcagctataaattgatcttc			CASSRRQGGTYEQFF	tgtgccagcagccgacgacaggggggtacatatgagcagttcttc	1	0	1	1	1
clonotype458	UNK_S	1	TRAV13-1*01	TRAJ13*01			TRBV28*01	TRBJ2-1*01	CAAALNSGGYQKVTF	tgtgcagcagccctgaattctgggggttaccagaaagttaccttt			CASSWTHEQFF	tgtgccagcagttggactcatgagcagttcttc	1	0	1	1	1
clonotype4580	UNK_S	1	TRAV13-1*01	TRAJ33*01	TRAV8-3*01	TRAJ32*01	TRBV7-2*01	TRBJ2-7*01	CAALTMDSNYQLIW	tgtgcagcccttaccatggatagcaactatcagttaatctgg	CAVVYGGATNKLIF	tgtgctgtggtttatggtggtgctacaaacaagctcatcttt	CASSLDQRGWMGQYF	tgtgccagcagcttagatcagcggggttggatggggcagtacttc	2	1	2	2	1
clonotype4581	UNK_S	1	TRAV23/DV6*01	TRAJ8*01	TRAV8-1*01	TRAJ24*01	TRBV7-2*01	TRBJ1-4*01	CAASRANTGFQKLVF	tgtgcagcaagcagagcgaacacaggctttcagaaacttgtattt	CAVGTDSWGKLQF	tgtgccgtgggaactgacagctgggggaaattgcagttt	CASSFAPRGTEKLFF	tgtgccagcagctttgcccctagaggtactgaaaaactgtttttt	2	1	2	2	1
clonotype4582	UNK_S	1	TRAV12-1*01	TRAJ9*01			TRBV7-2*01	TRBJ2-7*01	CVVNVNTGGFKTIF	tgtgtggtgaacgtaaatactggaggcttcaaaactatcttt			CASSLILAGVREQYF	tgtgccagcagcttaatcctagcgggagtgcgagagcagtacttc	1	0	1	1	1
clonotype4583	UNK_S	1	TRAV30*01	TRAJ48*01			TRBV10-2*01	TRBJ2-7*01	CGTEISFGNEKLTF	tgcggcacagagataagctttggaaatgagaaattaaccttt			CASSDGTSGSVYEQYF	tgcgccagcagtgacgggactagcgggagtgtctacgagcagtacttc	1	0	1	1	1
clonotype4584	UNK_S	1	TRAV3*01	TRAJ5*01			TRBV7-6*01	TRBJ1-1*01	CAALDTGRRALTF	tgtgctgccctggacacgggcaggagagcacttactttt			CASSQGQVPNTEAFF	tgtgccagcagccaaggacaggttccgaacactgaagctttcttt	1	0	1	1	1
clonotype4585	UNK_S	1	TRAV13-2*01	TRAJ26*01			TRBV7-6*01	TRBJ2-1*01	CAETSVEGENFVF	tgtgcagagacctccgtcgagggagagaattttgtcttt			CASSLGLAAYNEQFF	tgtgccagcagcctgggactagcggcatacaatgagcagttcttc	1	0	1	1	1
clonotype4586	UNK_S	1	TRAV3*01	TRAJ17*01			TRBV7-6*01	TRBJ2-1*01	CAVRVAAGNKLTF	tgtgctgtgagagtggctgcaggcaacaagctaactttt			CASSLVLVAYNEQFF	tgtgccagcagcttagtgctggtcgcgtacaatgagcagttcttc	1	0	1	1	1
clonotype4587	UNK_S	1	TRAV8-4*01	TRAJ54*01			TRBV10-1*01	TRBJ2-1*01	CAVSEEGAQKLVF	tgtgctgtgagtgaagagggagcccagaagctggtattt			CASSERRRRSYNEQFF	tgcgccagcagtgagaggcggagacgctcctacaatgagcagttcttc	1	0	1	1	1
clonotype4589	UNK_S	1	TRAV39*01	TRAJ37*01			TRBV27*01	TRBJ2-1*01	CAVARGGSSNTGKLIF	tgtgccgtggcaaggggaggctctagcaacacaggcaaactaatcttt			CASSSYGWGSHNEQFF	tgtgccagcagttcatatggatggggatcccacaatgagcagttcttc	1	0	1	1	1
clonotype459	UNK_S	1	TRAV41*01	TRAJ45*01			TRBV28*01	TRBJ2-3*01	CAVRRSGGGADGLTF	tgtgctgtcagacgttcaggaggaggtgctgacggactcaccttt			CASSFGDTQYF	tgtgccagcagtttcggagatacgcagtatttt	1	0	1	1	1
clonotype4590	UNK_S	1	TRAV21*01	TRAJ24*01			TRBV27*01	TRBJ1-5*01	CAVLSSDSWGKLQF	tgtgctgtcctgtcttctgacagctgggggaaattgcagttt			CASSLRAGDRGQPQHF	tgtgccagcagtttacgggcaggggatcggggtcagccccagcatttt	1	0	1	1	1
clonotype4591	UNK_S	1	TRAV8-3*01	TRAJ49*01			TRBV27*01	TRBJ2-6*01	CAVGADTGNQFYF	tgtgctgtgggtgcagataccggtaaccagttctatttt			CASSFLVGAGANVLTF	tgtgccagcagttttcttgtcggggctggggccaacgtcctgactttc	1	0	1	1	1
clonotype4592	UNK_S	1	TRAV13-1*01	TRAJ4*01			TRBV5-4*01	TRBJ1-4*01	CAASVSGGYNKLIF	tgtgcagcaagcgtttctggtggctacaataagctgattttt			CASSLDLGGSNEKLFF	tgtgccagcagcttggatttggggggctctaatgaaaaactgtttttt	1	0	1	1	1
clonotype4593	UNK_S	1	TRAV8-3*01	TRAJ49*01	TRAV10*01	TRAJ40*01	TRBV5-5*01	TRBJ2-5*01	CAVGVLTGNQFYF	tgtgctgtgggtgtgttaaccggtaaccagttctatttt	CVVSESASGTYKYIF	tgtgtggtgagcgaatctgcctcaggaacctacaaatacatcttt	CASSLRAGGLGETQYF	tgtgccagcagcttgagggcgggagggctcggagagacccagtacttc	2	1	2	2	1
clonotype4594	UNK_S	1	TRAV8-6*01	TRAJ48*01			TRBV5-5*01	TRBJ2-4*01	CAVSPWGNEKLTF	tgtgctgtgagcccttggggaaatgagaaattaaccttt			CASSLRTGVFENIQYF	tgtgccagcagcctccggacaggagttttcgaaaacattcagtacttc	1	0	1	1	1
clonotype4595	UNK_S	1	TRAV41*01	TRAJ45*01			TRBV5-4*01	TRBJ2-1*01	CAVGDFGGADGLTF	tgtgctgtcggggactttggaggtgctgacggactcaccttt			CASSFGLSGADNEQFF	tgtgccagcagctttgggcttagcggagccgacaatgagcagttcttc	1	0	1	1	1
clonotype4596	UNK_S	1	TRAV13-1*01	TRAJ42*01			TRBV5-1*01	TRBJ2-2*01	CAASTGGSQGNLIF	tgtgcagcaagtacgggaggaagccaaggaaatctcatcttt			CASSRLGGQSTGELFF	tgcgccagcagccgcctgggggggcaaagcaccggggagctgtttttt	1	0	1	1	1
clonotype4597	UNK_S	1	TRAV12-3*01	TRAJ23*01			TRBV5-1*01	TRBJ2-1*01	CAMRYQGGKLIF	tgtgcaatgcgataccagggaggaaagcttatcttc			CASSLSGTSGGNEQFF	tgcgccagcagcctatccgggactagcgggggtaatgagcagttcttc	1	0	1	1	1
clonotype4598	UNK_S	1	TRAV13-2*01	TRAJ42*01			TRBV5-1*01	TRBJ1-6*01	CAENRGSQGNLIF	tgtgcagagaatagaggaagccaaggaaatctcatcttt			CASSGMRQGTNSPLHF	tgcgccagcagcggaatgagacaggggacaaactcacccctccacttt	1	0	1	1	1
clonotype4599	UNK_S	1	TRAV29/DV5*01	TRAJ42*01	TRAV35*01	TRAJ52*01	TRBV5-1*01	TRBJ2-5*01	CAASKAGSQGNLIF	tgtgcagcaagcaaggctggaagccaaggaaatctcatcttt	CAGLNAGGTSYGKLTF	tgtgctgggttaaatgctggtggtactagctatggaaagctgacattt	CASSSLTSGPWETQYF	tgcgccagcagctccctcactagcgggccctgggagacccagtacttc	2	1	2	2	1
clonotype46	UNK_S	2	TRAV22*01	TRAJ20*01			TRBV19*01	TRBJ1-2*01	CAGGSNDYKLSF	tgtgctggggggtctaacgactacaagctcagcttt			CASSFTGSYGYTF	tgtgccagtagtttcacagggagctatggctacaccttc	2	0	2	1	1
clonotype460	UNK_S	1	TRAV13-2*01	TRAJ22*01			TRBV27*01	TRBJ2-7*01	CAENYSGSARQLTF	tgtgcagagaactattctggttctgcaaggcaactgaccttt			CASSLSNEQYF	tgtgccagcagtttatcaaacgagcagtacttc	1	0	1	1	1
clonotype4600	UNK_S	1	TRAV13-1*01	TRAJ5*01			TRBV5-1*01	TRBJ2-1*01	CAPEGLAGRRALTF	tgtgcccccgaagggctcgcgggcaggagagcacttactttt			CASSLPAQSSYNEQFF	tgcgccagcagcttaccagcgcagagctcctacaatgagcagttcttc	1	0	1	1	1
clonotype4601	UNK_S	1	TRAV5*01	TRAJ8*01			TRBV5-1*01	TRBJ2-1*01	CAESLGSFQKLVF	tgtgcagagagtctcggaagctttcagaaacttgtattt			CASSLPSGSSYNEQFF	tgcgccagcagcttacctagcgggagctcctacaatgagcagttcttc	1	0	1	1	1
clonotype4602	UNK_S	1	TRAV26-1*01	TRAJ52*01			TRBV5-1*01	TRBJ1-1*01	CIVRSPNAGGTSYGKLTF	tgcatcgtcagatcccccaatgctggtggtactagctatggaaagctgacattt			CASSLTSARMNTEAFF	tgcgccagcagcttgacttcagcaagaatgaacactgaagctttcttt	1	0	1	1	1
clonotype4603	UNK_S	1	TRAV8-1*01	TRAJ6*01			TRBV5-1*01	TRBJ1-6*01	CAVTGGGSYIPTF	tgtgccgtgactggaggaggaagctacatacctacattt			CASSLSYPSYNSPLHF	tgcgccagcagcttgagctatccctcctataattcacccctccacttt	1	0	1	1	1
clonotype4604	UNK_S	1	TRAV8-3*01	TRAJ48*01			TRBV5-1*01	TRBJ2-1*01	CAVDNFGNEKLTF	tgtgctgtggataactttggaaatgagaaattaaccttt			CASSLGTSGDYNEQFF	tgcgccagcagcttggggactagcggagactacaatgagcagttcttc	1	0	1	1	1
clonotype4605	UNK_S	1	TRAV13-1*01	TRAJ49*01			TRBV5-1*01	TRBJ2-2*01	CAASLRNTGNQFYF	tgtgcagcaagtctcaggaacaccggtaaccagttctatttt			CASSLVSGGGTGELFF	tgcgccagcagcttggtatcgggaggcggcaccggggagctgtttttt	1	0	1	1	1
clonotype4606	UNK_S	1	TRAV12-2*01	TRAJ23*01			TRBV12-4*01	TRBJ2-1*01	CALIYNQGGKLIF	tgtgccctgatttataaccagggaggaaagcttatcttc			CASSDGTRGPNEQFF	tgtgccagcagtgacgggacacgggggccaaatgagcagttcttc	1	0	1	1	1
clonotype4607	UNK_S	1	TRAV20*01	TRAJ37*01			TRBV12-4*01	TRBJ1-2*01	CAVQDRSNTGKLIF	tgtgctgtgcaggataggagcaacacaggcaaactaatcttt			CASSLRAGGNYGYTF	tgtgccagcagtttacgggctgggggtaactatggctacaccttc	1	0	1	1	1
clonotype4608	UNK_S	1	TRAV9-2*01	TRAJ30*01			TRBV12-4*01	TRBJ2-1*01	CALTLMNRDDKIIF	tgtgctctgaccctgatgaacagagatgacaagatcatcttt			CASSFEYNSYNEQFF	tgtgccagcagttttgagtacaactcctacaatgagcagttcttc	1	0	1	1	1
clonotype4609	UNK_S	1	TRAV17*01	TRAJ40*01			TRBV12-4*01	TRBJ1-5*01	CATALTSGTYKYIF	tgtgctacggcccttacctcaggaacctacaaatacatcttt			CASGQTGGGNQPQHF	tgtgccagcggacaaacagggggtgggaatcagccccagcatttt	1	0	1	1	1
clonotype461	UNK_S	1	TRAV5*01	TRAJ32*01			TRBV5-5*01	TRBJ2-7*01	CAERYGGATNKLIF	tgtgcagagagatatggtggtgctacaaacaagctcatcttt			CASSPDYEQYF	tgtgccagcagcccggattacgagcagtacttc	1	0	1	1	1
clonotype4610	UNK_S	1	TRAV12-2*01	TRAJ40*01			TRBV12-4*01	TRBJ2-1*01	CAVNDAGTYKYIF	tgtgccgtgaatgacgcaggaacctacaaatacatcttt			CASLGGTRSYNEQFF	tgtgcctccctaggcgggacccgctcctacaatgagcagttcttc	1	0	1	1	1
clonotype4611	UNK_S	1	TRAV8-4*01	TRAJ20*01			TRBV3-1*01	TRBJ1-1*01	CAVSDLYDYKLSF	tgtgctgtgagtgatctgtacgactacaagctcagcttt			CASSQDPGRRETEAFF	tgtgccagcagccaagaccccggccggcgggagactgaagctttcttt	1	0	1	1	1
clonotype4612	UNK_S	1	TRAV5*01	TRAJ37*01			TRBV3-1*01	TRBJ2-3*01	CAETGSNTGKLIF	tgtgcagagaccgggagcaacacaggcaaactaatcttt			CASSQVRGGLADTQYF	tgtgccagcagccaagtgagaggggggttagcagatacgcagtatttt	1	0	1	1	1
clonotype4613	UNK_S	1	TRAV2*01	TRAJ23*01			TRBV4-1*01	TRBJ2-2*01	CAVEKYNQGGKLIF	tgtgctgtcgagaagtataaccagggaggaaagcttatcttc			CASSQDVGDSSGELFF	tgcgccagcagccaagacgttggggactcttccggggagctgtttttt	1	0	1	1	1
clonotype4614	UNK_S	1	TRAV2*01	TRAJ22*01			TRBV4-1*01	TRBJ1-2*01	CAGLVSGSARQLTF	tgtgctgggttggtttctggttctgcaaggcaactgaccttt			CASSQDGAGSRGGYTF	tgcgccagcagccaagatggggcggggtccaggggtggctacaccttc	1	0	1	1	1
clonotype4615	UNK_S	1	TRAV41*01	TRAJ58*01			TRBV4-1*01	TRBJ2-1*01	CAVNGETSGSRLTF	tgtgctgtcaatggagaaaccagtggctctaggttgaccttt			CASSQFYRVSYNEQFF	tgcgccagcagccaattctacagggtctcctacaatgagcagttcttc	1	0	1	1	1
clonotype4616	UNK_S	1	TRAV13-1*01	TRAJ10*01			TRBV4-2*01	TRBJ2-1*01	CAVPQGGGGNKLTF	tgtgcagtcccccaggggggaggaggaaacaaactcaccttt			CASSQDLAALGNEQFF	tgtgccagcagccaagatctagcggcactggggaatgagcagttcttc	1	0	1	1	1
clonotype4617	UNK_S	1	TRAV21*01	TRAJ4*01			TRBV9*01	TRBJ2-7*01	CAGMFSGGYNKLIF	tgtgctggcatgttttctggtggctacaataagctgattttt			CASSTTSSGTTAKQYF	tgtgccagcagcacgacctccagtgggacaacggcgaagcagtacttc	1	0	1	1	1
clonotype4618	UNK_S	1	TRAV13-1*01	TRAJ10*01			TRBV9*01	TRBJ2-3*01	CAASLTGGGNKLTF	tgtgcagcaagtctcacgggaggaggaaacaaactcaccttt			CASSLRTSGRVDTQYF	tgtgccagcagcctcaggactagcgggagagtagatacgcagtatttt	1	0	1	1	1
clonotype4619	UNK_S	1	TRAV9-2*01	TRAJ15*01			TRBV9*01	TRBJ1-2*01	CALSVYQAGTALIF	tgtgctctgagtgtctaccaggcaggaactgctctgatcttt			CASSAQGGSTNYGYTF	tgtgccagcagcgcacagggtgggtcgactaactatggctacaccttc	1	0	1	1	1
clonotype462	UNK_S	1	TRAV35*01	TRAJ37*01			TRBV5-1*01	TRBJ2-1*01	CAGQLLMGSSNTGKLIF	tgtgctgggcagcttttgatgggctctagcaacacaggcaaactaatcttt			CASSAGTEQFF	tgcgccagcagcgccgggacagagcagttcttc	1	0	1	1	1
clonotype4620	UNK_S	1	TRAV8-4*01	TRAJ43*01			TRBV9*01	TRBJ1-1*01	CAVRSYNNNDMRF	tgtgctgtgaggtcgtacaataacaatgacatgcgcttt			CASSATSGGSNTEAFF	tgtgccagcagcgccacctcgggggggtcgaacactgaagctttcttt	1	0	1	1	1
clonotype4621	UNK_S	1	TRAV2*01	TRAJ11*01			TRBV9*01	TRBJ2-2*01	CAVEDPTGYSTLTF	tgtgctgtggaggatcccacaggatacagcaccctcaccttt			CASSVGMGGGSGELFF	tgtgccagcagcgtaggaatgggcggtggaagcggggagctgtttttt	1	0	1	1	1
clonotype4622	UNK_S	1	TRAV35*01	TRAJ52*01			TRBV9*01	TRBJ2-7*01	CAGHLGGGTSYGKLTF	tgtgctgggcatcttggtggtggtactagctatggaaagctgacattt			CASSVGSSLGTSEQYF	tgtgccagcagcgtagggagtagcctcggaactagcgagcagtacttc	1	0	1	1	1
clonotype4623	UNK_S	1	TRAV9-2*01	TRAJ57*01	TRAV12-1*01	TRAJ38*01	TRBV9*01	TRBJ2-1*01	CALVTQGGSEKLVF	tgtgctctggtaactcagggcggatctgaaaagctggtcttt	CVVRVFGAGNNRKLIW	tgtgtggtgagggttttcggggctggcaacaaccgtaagctgatttgg	CASSVSTGGSYNEQFF	tgtgccagcagcgtctccacgggggggtcctacaatgagcagttcttc	2	1	2	2	1
clonotype4624	UNK_S	1	TRAV2*01	TRAJ6*01			TRBV9*01	TRBJ2-3*01	CAVEDPGGSYIPTF	tgtgctgtggaggatccaggaggaagctacatacctacattt			CASSVSRGPGTDTQYF	tgtgccagcagcgtctcccgggggcctggcacagatacgcagtatttt	1	0	1	1	1
clonotype4625	UNK_S	1	TRAV21*01	TRAJ13*01			TRBV9*01	TRBJ2-3*01	CAVSASGGYQKVTF	tgtgctgtgtcagcgtctgggggttaccagaaagttaccttt			CASSVVAGGPEDTQYF	tgtgccagcagcgttgtagcgggagggccggaagatacgcagtatttt	1	0	1	1	1
clonotype4626	UNK_S	1	TRAV9-2*01	TRAJ9*01			TRBV11-3*01	TRBJ2-2*01	CALTRNTGGFKTIF	tgtgctctgactagaaatactggaggcttcaaaactatcttt			CASTLSGQNTGELFF	tgtgccagcaccctgagcgggcaaaacaccggggagctgtttttt	1	0	1	1	1
clonotype4627	UNK_S	1	TRAV14/DV4*01	TRAJ49*01			TRBV15*01	TRBJ2-1*01	CAMRPGNQFYF	tgtgcaatgagacccggtaaccagttctatttt			CATSRETSEPYNEQFF	tgtgccaccagcagagagactagcgaaccctacaatgagcagttcttc	1	0	1	1	1
clonotype4628	UNK_S	1	TRAV17*01	TRAJ57*01			TRBV15*01	TRBJ2-7*01	CATDDRGGSEKLVF	tgtgctacggacgataggggcggatctgaaaagctggtcttt			CATSREGGLAAREQYF	tgtgccaccagcagagaggggggactagcggcccgggagcagtacttc	1	0	1	1	1
clonotype4629	UNK_S	1	TRAV35*01	TRAJ33*01	TRAV30*01	TRAJ48*01	TRBV15*01	TRBJ2-2*01	CAGQFSHMDSNYQLIW	tgtgctgggcagttttcccacatggatagcaactatcagttaatctgg	CGTEGRTNFGNEKLTF	tgcggcacagaggggcgaactaactttggaaatgagaaattaaccttt	CATSRDPGGHTGELFF	tgtgccaccagcagagatccagggggtcacaccggggagctgtttttt	2	1	2	2	1
clonotype463	UNK_S	1	TRAV8-3*01	TRAJ39*01			TRBV3-1*01	TRBJ2-5*01	CAVGLNNAGNMLTF	tgtgctgtgggccttaataatgcaggcaacatgctcaccttt			CASEIGETQYF	tgtgccagcgagataggagagacccagtacttc	1	0	1	1	1
clonotype4630	UNK_S	1	TRAV20*01	TRAJ54*01			TRBV15*01	TRBJ2-7*01	CAVPLIQGAQKLVF	tgtgctgtgcctttaattcagggagcccagaagctggtattt			CATSRGLAGASYEQYF	tgtgccaccagcaggggactagcgggtgcctcctacgagcagtacttc	1	0	1	1	1
clonotype4631	UNK_S	1	TRAV3*01	TRAJ27*01			TRBV15*01	TRBJ2-1*01	CAVRDTNAGKSTF	tgtgctgtgagagacaccaatgcaggcaaatcaaccttt			CATSRGTGTSANEQFF	tgtgccaccagcaggggcaccgggactagcgccaatgagcagttcttc	1	0	1	1	1
clonotype4632	UNK_S	1	TRAV8-1*01	TRAJ17*01			TRBV14*01	TRBJ1-1*01	CAVIPPAGNKLTF	tgtgccgtgatcccccctgcaggcaacaagctaactttt			CASSQDGTLHYEAFF	tgtgccagcagccaagacgggaccctccactatgaagctttcttt	1	0	1	1	1
clonotype4633	UNK_S	1	TRAV8-4*01	TRAJ6*01			TRBV14*01	TRBJ2-3*01	CAVASGGSYIPTF	tgtgctgttgcatcaggaggaagctacatacctacattt			CASSQAGLSTDTQYF	tgtgccagcagccaagccgggcttagcacagatacgcagtatttt	1	0	1	1	1
clonotype4634	UNK_S	1	TRAV12-3*01	TRAJ56*01			TRBV25-1*01	TRBJ1-4*01	CAMKAGANSKLTF	tgtgcaatgaaggctggagccaatagtaagctgacattt			CASSEYSRAANEKLFF	tgtgccagcagtgaatattcgagggccgctaatgaaaaactgtttttt	1	0	1	1	1
clonotype4635	UNK_S	1	TRAV38-1*01	TRAJ37*01			TRBV6-4*01	TRBJ2-3*01	CAFQGNTGKLIF	tgtgctttccaaggcaacacaggcaaactaatcttt			CASSDGHRVTTDTQYF	tgtgccagcagtgacggacacagggtgactacagatacgcagtatttt	1	0	1	1	1
clonotype4636	UNK_S	1	TRAV8-2*01	TRAJ31*01			TRBV19*01	TRBJ1-3*01	CVVSEGSNNARLMF	tgtgttgtgagtgaagggagtaacaatgccagactcatgttt			CASSIAVNTLGNTIYF	tgtgccagtagtattgcagtgaacactctgggaaacaccatatatttt	1	0	1	1	1
clonotype4637	UNK_S	1	TRAV12-1*01	TRAJ45*01			TRBV19*01	TRBJ2-5*01	CVVNIVGGGADGLTF	tgtgtggtgaacatcgtaggaggaggtgctgacggactcaccttt			CASSVYGTASQETQYF	tgtgccagtagtgtctacgggactgcctcccaagagacccagtacttc	1	0	1	1	1
clonotype4638	UNK_S	1	TRAV8-2*01	TRAJ34*01			TRBV19*01	TRBJ2-1*01	CVVSDHYNTDKLIF	tgtgttgtgagtgatcactataacaccgacaagctcatcttt			CATTPWTSGEGNEQFF	tgtgccactaccccttggactagcggggagggcaatgagcagttcttc	1	0	1	1	1
clonotype4639	UNK_S	1	TRAV21*01	TRAJ11*01	TRAV3*01	TRAJ30*01	TRBV19*01	TRBJ2-4*01	CAVRRYDSGYSTLTF	tgtgctgtgaggcgatacgattcaggatacagcaccctcaccttt	CAVRDWKNRDDKIIF	tgtgctgtgagagactggaagaacagagatgacaagatcatcttt	CASKRLAGEAKNIQYF	tgtgccagcaagaggttagcgggggaagccaaaaacattcagtacttc	2	1	2	2	1
clonotype464	UNK_S	1	TRAV12-2*01	TRAJ9*01			TRBV9*01	TRBJ2-1*01	CAVFGDTGGFKTIF	tgtgccgtgtttggggatactggaggcttcaaaactatcttt			CASSAVDEQFF	tgtgccagcagcgcggtggatgagcagttcttc	1	0	1	1	1
clonotype4640	UNK_S	1	TRAV12-2*01	TRAJ4*01			TRBV19*01	TRBJ2-1*01	CAGRISGGYNKLIF	tgtgccgggaggatttctggtggctacaataagctgattttt			CASTTPSGQSYREQFF	tgtgccagtacgaccccgagcggacagtcctacagggagcagttcttc	1	0	1	1	1
clonotype4641	UNK_S	1	TRAV8-6*01	TRAJ30*01			TRBV19*01	TRBJ2-2*01	CAVSDRSRDDKIIF	tgtgctgtgagtgatcggagcagagatgacaagatcatcttt			CASRKSGRVNTGELFF	tgtgccagtagaaaatcagggagggtgaacaccggggagctgtttttt	1	0	1	1	1
clonotype4642	UNK_S	1	TRAV10*01	TRAJ6*01			TRBV19*01	TRBJ2-3*01	CVVSAGGSYIPTF	tgtgtggtgagcgcaggaggaagctacatacctacattt			CASSLTSGGLTDTQYF	tgtgccagtagcctgactagcgggggtctcacagatacgcagtatttt	1	0	1	1	1
clonotype4643	UNK_S	1	TRAV13-2*01	TRAJ4*01			TRBV19*01	TRBJ2-1*01	CAEMFSGGYNKLIF	tgtgcagagatgttttctggtggctacaataagctgattttt			CASRDPGLPWSNEQFF	tgtgccagtagggacccgggactaccttggtccaatgagcagttcttc	1	0	1	1	1
clonotype4644	UNK_S	1	TRAV8-3*01	TRAJ6*01	TRAV13-1*01	TRAJ12*01	TRBV19*01	TRBJ1-1*01	CAVGAYGSGGSYIPTF	tgtgctgtgggtgcgtatggatcaggaggaagctacatacctacattt	CAASPQEDSSYKLIF	tgtgcagcatccccacaggaggatagcagctataaattgatcttc	CASSIRSNSRATEAFF	tgtgccagtagtatccggagcaattcgagggccactgaagctttcttt	2	1	2	2	1
clonotype4645	UNK_S	1	TRAV12-3*01	TRAJ6*01			TRBV6-5*01	TRBJ1-1*01	CAMGTGGSYIPTF	tgtgcaatgggaacaggaggaagctacatacctacattt			CASSEGQGVVNTEAFF	tgtgccagcagtgagggacagggggtcgtgaacactgaagctttcttt	1	0	1	1	1
clonotype4646	UNK_S	1	TRAV12-3*01	TRAJ37*01			TRBV6-5*01	TRBJ2-3*01	CAMSSSNTGKLIF	tgtgcaatgagctctagcaacacaggcaaactaatcttt			CASPPIPRGDVDTQYF	tgtgccagcccccccatcccccggggcgacgtagatacgcagtatttt	1	0	1	1	1
clonotype4647	UNK_S	1	TRAV13-1*01	TRAJ5*01			TRBV6-5*01	TRBJ2-1*01	CAASNADTGRRALTF	tgtgcagcaagtaacgcggacacgggcaggagagcacttactttt			CASGPLPPVGYNEQFF	tgtgccagcggtccgctaccaccggtgggctacaatgagcagttcttc	1	0	1	1	1
clonotype4648	UNK_S	1	TRAV27*01	TRAJ52*01			TRBV6-1*01	TRBJ2-1*01	CAGLSIAGGTSYGKLTF	tgtgcaggactttccattgctggtggtactagctatggaaagctgacattt			CASSVSRRLTYNEQFF	tgtgccagcagtgtctcccgaaggctaacctacaatgagcagttcttc	1	0	1	1	1
clonotype4649	UNK_S	1	TRAV13-1*01	TRAJ10*01			TRBV6-2*01	TRBJ1-2*01	CAASWTAGGGNKLTF	tgtgcagcaagttggaccgcgggaggaggaaacaaactcaccttt			CASSYSGGGANYGYTF	tgtgccagcagttactcaggagggggcgcgaactatggctacaccttc	1	0	1	1	1
clonotype465	UNK_S	1	TRAV12-3*01	TRAJ57*01			TRBV25-1*01	TRBJ1-1*01	CAMSTQGGSEKLVF	tgtgcaatgtcaactcagggcggatctgaaaagctggtcttt			CASSGRLGAFF	tgtgccagcagtggcaggctaggagctttcttt	1	0	1	1	1
clonotype4650	UNK_S	1	TRAV8-6*01	TRAJ53*01			TRBV6-2*01	TRBJ2-2*01	CAVIGRGSNYKLTF	tgtgctgtgatcggacgaggtagcaactataaactgacattt			CASSYPPGKLAGELFF	tgtgccagcagttacccccctgggaagcttgccggggagctgtttttt	1	0	1	1	1
clonotype4651	UNK_S	1	TRAV36/DV7*01	TRAJ33*01			TRBV20-1*01	TRBJ2-2*01	CAVNGRDSNYQLIW	tgtgctgtgaatggtcgggatagcaactatcagttaatctgg			CSARERYSGRVNTGELFF	tgcagtgctagagaacgatatagcgggagggtgaacaccggggagctgtttttt	1	0	1	1	1
clonotype4652	UNK_S	1	TRAV8-3*01	TRAJ52*01	TRAV25*01	TRAJ42*01	TRBV18*01	TRBJ2-1*01	CAVSDGGTSYGKLTF	tgtgctgttagcgatggtggtactagctatggaaagctgacattt	CAGPRFNYGGSQGNLIF	tgtgcaggtccgagattcaattatggaggaagccaaggaaatctcatcttt	CASSPPRVTGNEQFF	tgtgccagctcacccccgcgagtaacgggaaatgagcagttcttc	2	1	2	2	1
clonotype4653	UNK_S	1	TRAV12-3*01	TRAJ6*01			TRBV12-4*01	TRBJ2-7*01	CAMTQGGSYIPTF	tgtgcaatgacccagggaggaagctacatacctacattt			CASRDSSGRPGEQYF	tgtgccagcagggattctagcgggaggccgggggagcagtacttc	1	0	1	1	1
clonotype4654	UNK_S	1	TRAV8-3*01	TRAJ41*01			TRBV12-3*01	TRBJ2-3*01	CAVGARSSGYALNF	tgtgctgtgggtgcacgtagctccgggtatgcactcaacttc			CASRASGTSTDTQYF	tgtgccagcagggcaagcggaactagcacagatacgcagtatttt	1	0	1	1	1
clonotype4655	UNK_S	1	TRAV12-3*01	TRAJ40*01			TRBV12-3*01	TRBJ2-2*01	CAMGKGGTYKYIF	tgtgcaatggggaaggggggaacctacaaatacatcttt			CASSLPTLSTGELFF	tgtgccagcagtctcccgaccctaagcaccggggagctgtttttt	1	0	1	1	1
clonotype4656	UNK_S	1	TRAV29/DV5*01	TRAJ54*01	TRAV17*01	TRAJ58*01	TRBV12-3*01	TRBJ2-5*01	CAAIQGAQKLVF	tgtgcagcaattcagggagcccagaagctggtattt	CATATREGSGSRLTF	tgtgctacggccacccgggagggcagtggctctaggttgaccttt	CASSLGGGQQETQYF	tgtgccagcagtttaggggggggacagcaagagacccagtacttc	2	1	2	2	1
clonotype4657	UNK_S	1	TRAV13-2*01	TRAJ23*01			TRBV12-3*01	TRBJ1-2*01	CAEKERNQGGKLIF	tgtgcagagaaagagaggaaccagggaggaaagcttatcttc			CASSLSGGRDYGYTF	tgtgccagcagtttgtccggggggcgcgactatggctacaccttc	1	0	1	1	1
clonotype4658	UNK_S	1	TRAV5*01	TRAJ4*01			TRBV2*01	TRBJ2-7*01	CAESKPGGYNKLIF	tgtgcagagagtaaacctggtggctacaataagctgattttt			CASTGGVPLSYEQYF	tgtgccagcaccgggggggtccccctctcctacgagcagtacttc	1	0	1	1	1
clonotype4659	UNK_S	1	TRAV19*01	TRAJ54*01	TRAV17*01	TRAJ52*01	TRBV2*01	TRBJ2-1*01	CALTQGAQKLVF	tgtgctctgactcagggagcccagaagctggtattt	CAMNAGGTSYGKLTF	tgtgctatgaatgctggtggtactagctatggaaagctgacattt	CASSRTSGTYNEQFF	tgtgccagcagtcggactagcgggacctacaatgagcagttcttc	2	1	2	2	1
clonotype466	UNK_S	1	TRAV13-2*01	TRAJ26*01			TRBV6-2*01	TRBJ1-2*01	CAETRRDNYGQNFVF	tgtgcagagacccggcgggataactatggtcagaattttgtcttt			CASRLHSGYTF	tgtgccagcaggcttcatagtggctacaccttc	1	0	1	1	1
clonotype4660	UNK_S	1	TRAV21*01	TRAJ18*01			TRBV2*01	TRBJ1-1*01	CAVSPRGSTLGRLYF	tgtgctgtgagccccagaggctcaaccctggggaggctatacttt			CASSEVGRMNTEAFF	tgtgccagcagtgaagtgggccgtatgaacactgaagctttcttt	1	0	1	1	1
clonotype4661	UNK_S	1	TRAV36/DV7*01	TRAJ28*01			TRBV2*01	TRBJ1-2*01	CAALSGAGSYQLTF	tgtgctgccttatctggggctgggagttaccaactcactttc			CASSDPPSMGYGYTF	tgtgccagcagtgatcccccttctatgggctatggctacaccttc	1	0	1	1	1
clonotype4662	UNK_S	1	TRAV8-6*01	TRAJ21*01			TRBV2*01	TRBJ2-1*01	CAVSGWVNFNKFYF	tgtgctgtgagtgggtgggtcaacttcaacaaattttacttt			CASSAGEFSNNEQFF	tgtgccagcagtgccggggagttctccaacaatgagcagttcttc	1	0	1	1	1
clonotype4663	UNK_S	1	TRAV24*01	TRAJ45*01			TRBV2*01	TRBJ2-3*01	CARLRGADGLTF	tgtgcccgcctcaggggtgctgacggactcaccttt			CASSGRAGGADTQYF	tgtgccagcagtggtagggctgggggcgcagatacgcagtatttt	1	0	1	1	1
clonotype4664	UNK_S	1	TRAV8-4*01	TRAJ48*01	TRAV23/DV6*01	TRAJ15*01	TRBV2*01	TRBJ2-1*01	CAVRTNFGNEKLTF	tgtgctgtgcgaactaactttggaaatgagaaattaaccttt	CAALKALINQAGTALIF	tgtgcagcgttgaaggccttaatcaaccaggcaggaactgctctgatcttt	CASINSGSSYNEQFF	tgtgccagcattaatagcgggagctcctacaatgagcagttcttc	2	1	2	2	1
clonotype4665	UNK_S	1	TRAV21*01	TRAJ53*01	TRAV8-4*01	TRAJ42*01	TRBV12-5*01	TRBJ1-3*01	CAVGPSGGSNYKLTF	tgtgctgtgggaccgagtggaggtagcaactataaactgacattt	CAVSLERGSQGNLIF	tgtgctgtgagtttagagaggggaagccaaggaaatctcatcttt	CASGLATGSGNTIYF	tgtgctagtggtttagcgacagggtctggaaacaccatatatttt	2	1	2	2	1
clonotype4666	UNK_S	1	TRAV9-2*01	TRAJ6*01			TRBV24-1*01	TRBJ2-3*01	CALSRASGGSYIPTF	tgtgctctgagtagggcatcaggaggaagctacatacctacattt			CATSPPAPKGTDTQYF	tgtgccaccagtccccctgcgcccaagggcacagatacgcagtatttt	1	0	1	1	1
clonotype4667	UNK_S	1	TRAV30*01	TRAJ48*01			TRBV24-1*01	TRBJ2-2*01	CGTEVGNFGNEKLTF	tgcggcacagaggtgggaaactttggaaatgagaaattaaccttt			CATSDFWQGAGGELFF	tgtgccaccagtgatttctggcagggggcaggcggggagctgtttttt	1	0	1	1	1
clonotype4668	UNK_S	1	TRAV27*01	TRAJ49*01			TRBV28*01	TRBJ1-2*01	CAGARAVLKRGGNQFYF	tgtgcaggagctcgagccgtcctaaagcgcggcggtaaccagttctatttt			CASSRGWDRGLRGYTF	tgtgccagcagccgagggtgggacagggggcttcggggctacaccttc	1	0	1	1	1
clonotype4669	UNK_S	1	TRAV13-1*01	TRAJ9*01	TRAV19*01	TRAJ40*01	TRBV28*01	TRBJ2-7*01	CAADTFYTGGFKTIF	tgtgcagcagacacattttatactggaggcttcaaaactatcttt	CALSEADSGTYKYIF	tgtgctctgagtgaggccgactcaggaacctacaaatacatcttt	CASSLVGLAGSYEQYF	tgtgccagcagcctcgtaggactagcggggagctacgagcagtacttc	2	1	2	2	1
clonotype467	UNK_S	1	TRAV17*01	TRAJ24*01			TRBV30*01	TRBJ1-5*01	CATPPTRTDSWGKLQF	tgtgctacgccgcccacgagaacagacagctgggggaaattgcagttt			CAWSTGRNQPQHF	tgtgcctggagcactgggcgcaatcagccccagcatttt	1	0	1	1	1
clonotype4670	UNK_S	1	TRAV2*01	TRAJ4*01			TRBV28*01	TRBJ1-5*01	CAVEDFSGGYNKLIF	tgtgctgtggaggatttttctggtggctacaataagctgattttt			CASSLSPDREGQPQHF	tgtgccagcagtttatcccccgacagggagggccagccccagcatttt	1	0	1	1	1
clonotype4671	UNK_S	1	TRAV8-3*01	TRAJ42*01			TRBV28*01	TRBJ2-1*01	CAVGLGGSQGNLIF	tgtgctgtgggcttgggaggaagccaaggaaatctcatcttt			CASSLWTSGGGNEQFF	tgtgccagcagtttatggactagcggagggggcaatgagcagttcttc	1	0	1	1	1
clonotype4672	UNK_S	1	TRAV8-6*01	TRAJ33*01			TRBV28*01	TRBJ1-1*01	CAVSDRGSNYQLIW	tgtgctgtgagtgaccgaggtagcaactatcagttaatctgg			CASSLNRRRSNTEAFF	tgtgccagcagtttgaaccgccggcggtcgaacactgaagctttcttt	1	0	1	1	1
clonotype4673	UNK_S	1	TRAV8-1*01	TRAJ16*01			TRBV5-8*01	TRBJ2-5*01	CAVNAPGDGQKLLF	tgtgccgtgaatgcgcctggcgatggccagaagctgctcttt			CASSLPGQGLWETQYF	tgtgccagcagcctaccgggacagggtctctgggagacccagtacttc	1	0	1	1	1
clonotype4674	UNK_S	1	TRAV12-2*01	TRAJ15*01			TRBV5-8*01	TRBJ1-5*01	CAVPGNQAGTALIF	tgtgccgtgcccgggaaccaggcaggaactgctctgatcttt			CASSFGPFGSNQPQHF	tgtgccagcagttttggtcccttcggtagcaatcagccccagcatttt	1	0	1	1	1
clonotype4676	UNK_S	1	TRAV38-1*01	TRAJ43*01			TRBV7-9*01	TRBJ1-4*01	CAFMDSNNDMRF	tgtgctttcatggactctaacaatgacatgcgcttt			CASSLTQGINEKLFF	tgtgccagcagcttaacacaggggattaatgaaaaactgtttttt	1	0	1	1	1
clonotype4677	UNK_S	1	TRAV5*01	TRAJ6*01			TRBV7-9*01	TRBJ2-3*01	CAERTPGGSYIPTF	tgtgcagagagaaccccaggaggaagctacatacctacattt			CASSLGSGSGDTQYF	tgtgccagcagcttaggtagcgggagtggggatacgcagtatttt	1	0	1	1	1
clonotype4678	UNK_S	1	TRAV8-3*01	TRAJ20*01			TRBV7-9*01	TRBJ1-4*01	CAVGAGSNDYKLSF	tgtgctgtgggtgcgggatctaacgactacaagctcagcttt			CASSFRPETNEKLFF	tgtgccagcagcttccgaccggaaactaatgaaaaactgtttttt	1	0	1	1	1
clonotype4679	UNK_S	1	TRAV8-1*01	TRAJ3*01			TRBV7-9*01	TRBJ1-5*01	CAVNDYSSASKIIF	tgtgccgtgaacgattacagcagtgcttccaagataatcttt			CASSLSGTAASPQHF	tgtgccagcagtttgtccgggacagcggcatctccccagcatttt	1	0	1	1	1
clonotype468	UNK_S	1	TRAV13-2*01	TRAJ44*01			TRBV30*01	TRBJ2-2*01	CAERGHTGTASKLTF	tgtgcagagaggggacataccggcactgccagtaaactcaccttt			CAWSRGASGELFF	tgtgcctggagtaggggggctagcggggagctgtttttt	1	0	1	1	1
clonotype4680	UNK_S	1	TRAV38-2/DV8*01	TRAJ45*01			TRBV7-9*01	TRBJ1-1*01	CASGGGADGLTF	tgtgcttcaggaggaggtgctgacggactcaccttt			CASTNLMGADAEAFF	tgtgccagcaccaacctcatgggtgcggacgctgaagctttcttt	1	0	1	1	1
clonotype4681	UNK_S	1	TRAV9-2*01	TRAJ39*01			TRBV7-9*01	TRBJ2-1*01	CALQSSNNAGNMLTF	tgtgctctccaatcctcaaataatgcaggcaacatgctcaccttt			CASSLPLGRDNEQFF	tgtgccagcagcttacccctaggaagagacaatgagcagttcttc	1	0	1	1	1
clonotype4682	UNK_S	1	TRAV14/DV4*01	TRAJ4*01	TRAV8-3*01	TRAJ33*01	TRBV7-9*01	TRBJ2-5*01	CAMGAGGYNKLIF	tgtgcaatgggagccggtggctacaataagctgattttt	CAFLPMDSNYQLIW	tgtgccttcctacccatggatagcaactatcagttaatctgg	CASSFGLQAQETQYF	tgtgccagcagcttcggattacaggcccaagagacccagtacttc	2	1	2	2	1
clonotype4683	UNK_S	1	TRAV3*01	TRAJ3*01			TRBV7-9*01	TRBJ2-1*01	CAVSPYSSASKIIF	tgtgctgtgagcccatacagcagtgcttccaagataatcttt			CASSQVESGSNEQFF	tgtgccagcagtcaagtcgaatccgggtccaatgagcagttcttc	1	0	1	1	1
clonotype4684	UNK_S	1	TRAV26-1*01	TRAJ52*01			TRBV7-3*01	TRBJ2-1*01	CIVRVPVNAGGTSYGKLTF	tgcatcgtcagagtccccgttaatgctggtggtactagctatggaaagctgacattt			CASSLSGPRMGEQFF	tgtgccagcagcttaagcggacccaggatgggtgagcagttcttc	1	0	1	1	1
clonotype4685	UNK_S	1	TRAV12-2*01	TRAJ28*01			TRBV7-3*01	TRBJ2-1*01	CAAYSGAGSYQLTF	tgtgccgcatactctggggctgggagttaccaactcactttc			CASSLRESSYNEQFF	tgtgccagcagcttacgggagtcctcctacaatgagcagttcttc	1	0	1	1	1
clonotype4686	UNK_S	1	TRAV41*01	TRAJ35*01			TRBV7-3*01	TRBJ2-3*01	CAVSLLIGFGNVLHC	tgtgctgtcagtctcctaataggctttgggaatgtgctgcattgc			CASSLGLGGTDTQYF	tgtgccagcagcttaggtctagggggcacagatacgcagtatttt	1	0	1	1	1
clonotype4688	UNK_S	1	TRAV8-4*01	TRAJ11*01			TRBV11-2*01	TRBJ2-7*01	CAVILNSGYSTLTF	tgtgctgtgattttgaattcaggatacagcaccctcaccttt			CASSWGQGAPYEQYF	tgtgccagcagctggggacagggggccccctacgagcagtacttc	1	0	1	1	1
clonotype4689	UNK_S	1	TRAV21*01	TRAJ33*01			TRBV11-2*01	TRBJ2-7*01	CAVRDLGHSNYQLIW	tgtgctgtgagggacctggggcatagcaactatcagttaatctgg			CASSLLAGGSNEQYF	tgtgccagcagcttactagcgggaggtagcaacgagcagtacttc	1	0	1	1	1
clonotype469	UNK_S	1	TRAV36/DV7*01	TRAJ45*01			TRBV30*01	TRBJ1-5*01	CAVEGSGGGADGLTF	tgtgctgtggagggctcaggaggaggtgctgacggactcaccttt			CAWSGQRNQPQHF	tgtgcctggagtggacagcgcaatcagccccagcatttt	1	0	1	1	1
clonotype4690	UNK_S	1	TRAV8-4*01	TRAJ9*01			TRBV7-8*01	TRBJ1-5*01	CAVSDTAGGFKTIF	tgtgctgtgagtgatacggctggaggcttcaaaactatcttt			CASSQGSGGGQPQHF	tgtgccagcagccaaggctctgggggcggtcagccccagcatttt	1	0	1	1	1
clonotype4691	UNK_S	1	TRAV38-2/DV8*01	TRAJ49*01	TRAV13-2*01	TRAJ47*01	TRBV7-8*01	TRBJ2-2*01	CAYRSANTGNQFYF	tgtgcttataggagcgcgaacaccggtaaccagttctatttt	CAENRKEYGNKLVF	tgtgcagagaataggaaggaatatggaaacaagctggtcttt	CASSSQGQAFGELFF	tgtgccagcagctcacagggtcaagccttcggggagctgtttttt	2	1	2	2	1
clonotype4692	UNK_S	1	TRAV5*01	TRAJ13*01			TRBV7-8*01	TRBJ2-7*01	CAETFSGGYQKVTF	tgtgcagagaccttttctgggggttaccagaaagttaccttt			CASSLNPESSYEQYF	tgtgccagcagcttaaatcccgaatcttcctacgagcagtacttc	1	0	1	1	1
clonotype4693	UNK_S	1	TRAV8-1*01	TRAJ3*01			TRBV7-8*01	TRBJ2-7*01	CAVSAYSSASKIIF	tgtgccgtttctgcgtacagcagtgcttccaagataatcttt			CASSLESRVRNEQYV	tgtgccagcagcttagagagcagggtacggaacgagcagtacgtc	1	0	1	1	1
clonotype4694	UNK_S	1	TRAV39*01	TRAJ45*01			TRBV7-2*01	TRBJ2-7*01	CAVVGVRSGGGADGLTF	tgtgccgtggtaggagtgcgatcaggaggaggtgctgacggactcaccttt			CASSLVSSVYYEQYV	tgtgccagcagcctcgttagtagcgtttactacgagcagtacgtc	1	0	1	1	1
clonotype4695	UNK_S	1	TRAV12-3*01	TRAJ17*01			TRBV7-2*01	TRBJ2-1*01	CAPSKAAGNKLTF	tgtgccccctccaaagctgcaggcaacaagctaactttt			CASSLVAGVGNEQFF	tgtgccagcagcttagtagcgggtgtcggcaatgagcagttcttc	1	0	1	1	1
clonotype4696	UNK_S	1	TRAV39*01	TRAJ52*01			TRBV7-2*01	TRBJ1-1*01	CAVDVNAGGTSYGKLTF	tgtgccgtggacgtgaatgctggtggtactagctatggaaagctgacattt			CASNWRGGSASEAFF	tgtgccagcaactggagggggggaagcgcgtctgaagctttcttt	1	0	1	1	1
clonotype4697	UNK_S	1	TRAV8-3*01	TRAJ4*01			TRBV7-2*01	TRBJ2-2*01	CAVVLSGGYNKLIF	tgtgctgtggtcctttctggtggctacaataagctgattttt			CASSRVGGNTGELFF	tgtgccagcagccgagtcggggggaacaccggggagctgtttttt	1	0	1	1	1
clonotype4698	UNK_S	1	TRAV8-3*01	TRAJ13*01			TRBV7-2*01	TRBJ2-7*01	CAVARSGGYQKVTF	tgtgctgtggcccggtctgggggttaccagaaagttaccttt			CASSLGPGQNYEQYF	tgtgccagcagtcttggtccgggacagaactacgagcagtacttc	1	0	1	1	1
clonotype4699	UNK_S	1	TRAV17*01	TRAJ53*01			TRBV7-6*01	TRBJ2-3*01	CATANSGGSNYKLTF	tgtgctacggcgaatagtggaggtagcaactataaactgacattt			CASSRWTGSTDTQYF	tgtgccagcagcaggtggacaggtagcacagatacgcagtatttt	1	0	1	1	1
clonotype470	UNK_S	1	TRAV8-3*01	TRAJ32*01			TRBV30*01	TRBJ1-1*01	CAVGHYGGATNKLIF	tgtgctgtgggccattatggtggtgctacaaacaagctcatcttt			CAWNRVENTEAFF	tgtgcctggaatcgggtggagaacactgaagctttcttt	1	0	1	1	1
clonotype4700	UNK_S	1	TRAV12-3*01	TRAJ29*01			TRBV7-6*01	TRBJ2-2*01	CAMSVGGNTPLVF	tgtgcaatgagcgtaggaggaaacacacctcttgtcttt			CASSLTPSATGELFF	tgtgccagcagcttgacgccttcggccaccggggagctgtttttt	1	0	1	1	1
clonotype4701	UNK_S	1	TRAV8-4*01	TRAJ36*01			TRBV7-6*01	TRBJ2-3*01	CAVSDRGGANNLFF	tgtgctgtgagtgatcggggtggggcaaacaacctcttcttt			CASSLAPQGPDTQYF	tgtgccagcagcttggccccccagggtccagatacgcagtatttt	1	0	1	1	1
clonotype4703	UNK_S	1	TRAV3*01	TRAJ17*01			TRBV27*01	TRBJ1-6*01	CATMIKAAGNKLTF	tgtgctacaatgatcaaagctgcaggcaacaagctaactttt			CASSLYQSSYNSPLHF	tgtgccagcagtttatatcagagctcctataattcacccctccacttt	1	0	1	1	1
clonotype4704	UNK_S	1	TRAV8-6*01	TRAJ6*01			TRBV27*01	TRBJ1-5*01	CAVSLSGGSYIPTF	tgtgctgtgagcctatcaggaggaagctacatacctacattt			CASSLSDNGGNQPQHF	tgtgccagcagtttatcggacaacggggggaatcagccccagcatttt	1	0	1	1	1
clonotype4705	UNK_S	1	TRAV8-2*01	TRAJ22*01			TRBV27*01	TRBJ2-3*01	CVVSDWGSARQLTF	tgtgttgtgagtgactggggttctgcaaggcaactgaccttt			CASIPGAAGGTDTQYF	tgtgccagcatcccgggggcggcagggggaacagatacgcagtatttt	1	0	1	1	1
clonotype4706	UNK_S	1	TRAV8-1*01	TRAJ4*01			TRBV5-6*01	TRBJ2-2*01	CAVTPLGGYNKLIF	tgtgccgtgactcccttaggcggctacaataagctgattttt			CASSSLDRGRTGELFF	tgtgccagcagctccttggacagggggcgcaccggggagctgtttttt	1	0	1	1	1
clonotype4707	UNK_S	1	TRAV9-2*01	TRAJ13*01			TRBV5-4*01	TRBJ2-2*01	CALSPNSGGYQKVTF	tgtgctctgagtccgaattctgggggttaccagaaagttaccttt			CASSLAGTVNTGELFF	tgtgccagcagcttggccgggacagtgaacaccggggagctgtttttt	1	0	1	1	1
clonotype4708	UNK_S	1	TRAV34*01	TRAJ38*01			TRBV5-1*01	TRBJ2-6*01	CGADLNAGNNRKLIW	tgtggagcagaccttaatgctggcaacaaccgtaagctgatttgg			CASSSGLVGGANVLTF	tgcgccagcagctccggactagtgggcggggccaacgtcctgactttc	1	0	1	1	1
clonotype4709	UNK_S	1	TRAV13-1*01	TRAJ49*01			TRBV5-1*01	TRBJ2-1*01	CAASRPRGTGNQFYF	tgtgcagcaagtcgcccccggggcaccggtaaccagttctatttt			CASSSTLAGGPTEQFF	tgcgccagcagctcgacgttagcgggagggccgacagagcagttcttc	1	0	1	1	1
clonotype471	UNK_S	1	TRAV14/DV4*01	TRAJ34*01			TRBV30*01	TRBJ2-2*01	CAMREINTDKLIF	tgtgcaatgagagagatcaacaccgacaagctcatcttt			CAWSPTRNRELFF	tgtgcctggagtccaacacggaaccgggagctgtttttt	1	0	1	1	1
clonotype4710	UNK_S	1	TRAV8-3*01	TRAJ12*01			TRBV5-1*01	TRBJ2-5*01	CAVGVLDSSYKLIF	tgtgctgtgggtgtcttggatagcagctataaattgatcttc			CASSFPGPAVKETQYF	tgcgccagcagcttcccggggcccgccgtaaaagagacccagtacttc	1	0	1	1	1
clonotype4711	UNK_S	1	TRAV5*01	TRAJ12*01			TRBV5-1*01	TRBJ1-1*01	CAEIRMDSSYKLIF	tgtgcagagatccggatggatagcagctataaattgatcttc			CASSFGDRGMNTEAFF	tgcgccagcagcttcggggacagggggatgaacactgaagctttcttt	1	0	1	1	1
clonotype4712	UNK_S	1	TRAV8-4*01	TRAJ22*01	TRAV3*01	TRAJ23*01	TRBV5-1*01	TRBJ2-1*01	CAVTPSGSARQLTF	tgtgctgtgaccccatctggttctgcaaggcaactgaccttt	CAVRDLKLGWRGGKLIF	tgtgctgtgagagaccttaaattgggctggaggggaggaaagcttatcttc	CASSLAQGGSYNEQFF	tgcgccagcagcttggcccagggtgggtcctacaatgagcagttcttc	2	1	2	2	1
clonotype4713	UNK_S	1	TRAV6*01	TRAJ6*01	TRAV12-1*01	TRAJ38*01	TRBV5-1*01	TRBJ1-5*01	CALGPRSGGSYIPTF	tgtgctctaggccctcggtcaggaggaagctacatacctacattt	CVVNDFAGNNRKLIW	tgtgtggtgaacgactttgctggcaacaaccgtaagctgatttgg	CASSLGGDYSNQPQHF	tgcgccagcagcttgggcggggattatagcaatcagccccagcatttt	2	1	2	2	1
clonotype4714	UNK_S	1	TRAV21*01	TRAJ32*01			TRBV12-4*01	TRBJ2-2*01	CAVAQNGGATNKLIF	tgtgctgtggcccagaatggtggtgctacaaacaagctcatcttt			CASSLRLVGTGELFF	tgtgccagcagtttaaggctagtcggcaccggggagctgtttttt	1	0	1	1	1
clonotype4715	UNK_S	1	TRAV8-4*01	TRAJ54*01			TRBV12-4*01	TRBJ1-3*01	CAVSFFQGAQKLVF	tgtgctgtgagcttttttcagggagcccagaagctggtattt			CASSLARGRGNTIYF	tgtgccagcagtttggcccgaggccggggaaacaccatatatttt	1	0	1	1	1
clonotype4716	UNK_S	1	TRAV12-3*01	TRAJ53*01			TRBV3-1*01	TRBJ2-7*01	CAMGGGSNYKLTF	tgtgcaatgggtggaggtagcaactataaactgacattt			CASSQDGWVPSYEQYF	tgtgccagcagccaagacggttgggtcccctcttacgagcagtacttc	1	0	1	1	1
clonotype4717	UNK_S	1	TRAV8-2*01	TRAJ13*01	TRAV6*01	TRAJ27*01	TRBV3-1*01	TRBJ1-5*01	CVVIERGGYQKVTF	tgtgttgtgatcgaaagggggggttaccagaaagttaccttt	CALSTNAGKSTF	tgtgctctaagcaccaatgcaggcaaatcaaccttt	CASSQGQALGNQPQHF	tgtgccagcagccaaggccaggccttgggcaatcagccccagcatttt	2	1	2	2	1
clonotype4718	UNK_S	1	TRAV12-3*01	TRAJ22*01			TRBV3-1*01	TRBJ1-2*01	CAMSEGSARQLTF	tgtgcaatgagcgagggttctgcaaggcaactgaccttt			CASSQSGDSRSYGYTF	tgtgccagcagccaatccggggacagccgaagctatggctacaccttc	1	0	1	1	1
clonotype4719	UNK_S	1	TRAV12-3*01	TRAJ39*01			TRBV3-1*01	TRBJ2-7*01	CAMRRYAGNMLTF	tgtgcaatgagaaggtatgcaggcaacatgctcaccttt			CASSQYSSGLTYEQYF	tgtgccagcagccagtatagctcaggactgacctacgagcagtacttc	1	0	1	1	1
clonotype472	UNK_S	1	TRAV9-2*01	TRAJ52*01			TRBV30*01	TRBJ2-1*01	CALSDRGGTSYGKLTF	tgtgctctgagtgatcgtggtggtactagctatggaaagctgacattt			CAWSATSSGEQFF	tgtgcctggagtgccactagctctggtgagcagttcttc	1	0	1	1	1
clonotype4720	UNK_S	1	TRAV9-2*01	TRAJ27*01			TRBV4-1*01	TRBJ2-5*01	CALSDLNTNAGKSTF	tgtgctctgagtgacttgaacaccaatgcaggcaaatcaaccttt			CASSQARSGPQETQYF	tgcgccagcagccaagcccgtagcggaccccaagagacccagtacttc	1	0	1	1	1
clonotype4721	UNK_S	1	TRAV8-6*01	TRAJ6*01			TRBV4-1*01	TRBJ1-3*01	CAVRALGGSYIPTF	tgtgctgtgagggccctagggggaagctacatacctacattt			CASSHPPGSSGNTIYF	tgcgccagcagccaccccccagggagctctggaaacaccatatatttt	1	0	1	1	1
clonotype4722	UNK_S	1	TRAV25*01	TRAJ52*01			TRBV4-1*01	TRBJ2-7*01	CAVTRNAGGTSYGKLTF	tgtgcagtaactcgtaatgctggtggtactagctatggaaagctgacattt			CASSPWKGPPDYEQYF	tgcgccagcagcccctggaagggaccccccgactacgagcagtacttc	1	0	1	1	1
clonotype4723	UNK_S	1	TRAV20*01	TRAJ40*01			TRBV4-3*01	TRBJ2-1*01	CAVQGIYSGTYKYIF	tgtgctgtgcaggggatttactcaggaacctacaaatacatcttt			CASSQGGRGTYNEQFF	tgcgccagcagccaagggggcaggggtacttacaatgagcagttcttc	1	0	1	1	1
clonotype4724	UNK_S	1	TRAV21*01	TRAJ44*01			TRBV9*01	TRBJ2-1*01	CAVSKVTGTASKLTF	tgtgctgtgagtaaagttaccggcactgccagtaaactcaccttt			CASSGRTWETYNEQFF	tgtgccagcagcggaaggacgtgggagacctacaatgagcagttcttc	1	0	1	1	1
clonotype4725	UNK_S	1	TRAV3*01	TRAJ9*01			TRBV9*01	TRBJ1-3*01	CAVRDDTGGFKTIF	tgtgctgtgagagacgatactggaggcttcaaaactatcttt			CASSVEGGTTGNTIYF	tgtgccagcagcgtagaaggcgggaccactggaaacaccatatatttt	1	0	1	1	1
clonotype4726	UNK_S	1	TRAV3*01	TRAJ31*01			TRBV9*01	TRBJ2-1*01	CAVRDIPNNARLMF	tgtgctgtgagagacatccctaacaatgccagactcatgttt			CASSVEGSGSSNEQFF	tgtgccagcagcgtagagggtagcgggagctcgaatgagcagttcttc	1	0	1	1	1
clonotype4727	UNK_S	1	TRAV12-3*01	TRAJ12*01			TRBV9*01	TRBJ1-1*01	CAMRGDSSYKLIF	tgtgcaatgagaggggatagcagctataaattgatcttc			CASSVARQGPNTEAFF	tgtgccagcagcgtagcaaggcagggcccgaacactgaagctttcttt	1	0	1	1	1
clonotype4728	UNK_S	1	TRAV22*01	TRAJ22*01			TRBV9*01	TRBJ2-1*01	CAVDPFLASGSARQLTF	tgtgctgtggatcccttcttggcttctggttctgcaaggcaactgaccttt			CASSVTPILAGGPKFF	tgtgccagcagcgtcaccccgatactagcgggagggcccaagttcttc	1	0	1	1	1
clonotype4729	UNK_S	1	TRAV5*01	TRAJ45*01			TRBV11-3*01	TRBJ2-2*01	CAEISGGGADGLTF	tgtgcagagatttcaggaggaggtgctgacggactcaccttt			CASSVGQGAGGELFF	tgtgccagcagcgtaggacagggggccggcggggagctgtttttt	1	0	1	1	1
clonotype473	UNK_S	1	TRAV8-6*01	TRAJ58*01			TRBV30*01	TRBJ1-6*01	CAVSGEETSGSRLTF	tgtgctgtgagtggggaagaaaccagtggctctaggttgaccttt			CAWSVRRGKALHF	tgtgcctggagtgtaaggagggggaaggccctccacttt	1	0	1	1	1
clonotype4731	UNK_S	1	TRAV13-1*01	TRAJ58*01			TRBV15*01	TRBJ2-3*01	CAASMGETSGSRLTF	tgtgcagcaagtatgggggaaaccagtggctctaggttgaccttt			CATSRWTSGRRYTQYF	tgtgccaccagcaggtggactagcgggaggcggtatacgcagtatttt	1	0	1	1	1
clonotype4732	UNK_S	1	TRAV3*01	TRAJ6*01			TRBV6-4*01	TRBJ2-1*01	CAVRDATGGSYIPTF	tgtgctgtgagagacgcgacaggaggaagctacatacctacattt			CASSGQIVYSYNEQFF	tgtgccagcagtggtcagatagtatattcctacaatgagcagttcttc	1	0	1	1	1
clonotype4733	UNK_S	1	TRAV3*01	TRAJ24*01			TRBV19*01	TRBJ2-3*01	CAVRGPTDSWGKLQF	tgtgctgtgagaggcccaactgacagctgggggaaattgcagttt			CASSMAPASSADTQYF	tgtgccagtagtatggcccctgcatcaagcgcagatacgcagtatttt	1	0	1	1	1
clonotype4734	UNK_S	1	TRAV9-2*01	TRAJ11*01			TRBV19*01	TRBJ1-5*01	CALSELLNSGYSTLTF	tgtgctctgagcgagcttctgaattcaggatacagcaccctcaccttt			CASSNGQVYSNQPQHF	tgtgccagtagtaatggacaggtttatagcaatcagccccagcatttt	1	0	1	1	1
clonotype4735	UNK_S	1	TRAV2*01	TRAJ20*01			TRBV19*01	TRBJ2-1*01	CAVERGRMGNDYKLSF	tgtgctgtggagcgggggaggatgggtaacgactacaagctcagcttt			CASSIPDRRGDNEQFF	tgtgccagtagtatacccgacaggaggggggacaatgagcagttcttc	1	0	1	1	1
clonotype4736	UNK_S	1	TRAV8-4*01	TRAJ5*01			TRBV19*01	TRBJ1-5*01	CAVSVRGTGRRALTF	tgtgctgtgagtgtaaggggaacgggcaggagagcacttactttt			CASSPQEGFLSQPQHF	tgtgccagtagtccccaggaggggtttttgagtcagccccagcatttt	1	0	1	1	1
clonotype4737	UNK_S	1	TRAV3*01	TRAJ12*01			TRBV11-1*01	TRBJ1-6*01	CAVSAWMDSSYKLIF	tgtgctgtgagtgcctggatggatagcagctataaattgatcttc			CASSLAGDREGTLHF	tgtgccagcagcttagctggggaccgggaaggaaccctccacttt	1	0	1	1	1
clonotype4738	UNK_S	1	TRAV36/DV7*01	TRAJ52*01			TRBV6-6*01	TRBJ2-7*01	CAVEAGGTSYGKLTF	tgtgctgtggaggcgggtggtactagctatggaaagctgacattt			CASSYSTGGSSYEQYV	tgtgccagcagttactcgacggggggaagctcctacgagcagtacgtc	1	0	1	1	1
clonotype4739	UNK_S	1	TRAV8-6*01	TRAJ43*01			TRBV6-5*01	TRBJ2-6*01	CAVSETPHNNNDMRF	tgtgctgtgagtgagaccccccacaataacaatgacatgcgcttt			CASSRGGPPGANVLTF	tgtgccagcagccggggggggccgcctggggccaacgtcctgactttc	1	0	1	1	1
clonotype474	UNK_S	1	TRAV36/DV7*01	TRAJ52*01			TRBV30*01	TRBJ1-6*01	CAVNAGGTSYGKLTF	tgtgctgtgaatgctggtggtactagctatggaaagctgacattt			CAWSSLQGSPLHF	tgtgcctggagttctttacagggttcacccctccacttt	1	0	1	1	1
clonotype4740	UNK_S	1	TRAV3*01	TRAJ3*01			TRBV6-5*01	TRBJ1-3*01	CAVRDIESSASKIIF	tgtgctgtgagagacattgagagcagtgcttccaagataatcttt			CASSYGRLGSGNTIYF	tgtgccagcagttacggacggctcggctctggaaacaccatatatttt	1	0	1	1	1
clonotype4741	UNK_S	1	TRAV24*01	TRAJ34*01			TRBV6-5*01	TRBJ1-2*01	CASLSYNTDKLIF	tgtgcctccctatcttataacaccgacaagctcatcttt			CASSYYLGDASYGYTF	tgtgccagcagttactacctcggggacgcatcctatggctacaccttc	1	0	1	1	1
clonotype4742	UNK_S	1	TRAV13-2*01	TRAJ8*01			TRBV6-5*01	TRBJ1-3*01	CAESRMNTGFQKLVF	tgtgcagagagcagaatgaacacaggctttcagaaacttgtattt			CASSYSNRASGNTIYF	tgtgccagcagttactcgaacagggcgtctggaaacaccatatatttt	1	0	1	1	1
clonotype4743	UNK_S	1	TRAV13-2*01	TRAJ5*01	TRAV8-4*01	TRAJ13*01	TRBV6-5*01	TRBJ2-5*01	CAEARGRPGRRALTF	tgtgcagaggcccgaggtcgaccgggcaggagagcacttactttt	CAVSESLRGGYQKVTF	tgtgctgtgagcgagtccctccgcgggggttaccagaaagttaccttt	CASSSPGTANQWTQYF	tgtgccagcagttccccgggaacagcaaaccagtggacccagtacttc	2	1	2	2	1
clonotype4744	UNK_S	1	TRAV12-3*01	TRAJ45*01			TRBV6-5*01	TRBJ2-7*01	CAMTSGGGADGLTF	tgtgcaatgacctcaggaggaggtgctgacggactcaccttt			CASGARDRGPSYEQYF	tgtgccagcggagcccgggacaggggtccctcctacgagcagtacttc	1	0	1	1	1
clonotype4745	UNK_S	1	TRAV9-2*01	TRAJ8*01			TRBV6-1*01	TRBJ2-1*01	CALSSPGGTGFQKLVF	tgtgctctgagttcccccgggggcacaggctttcagaaacttgtattt			CASRPGLNGLYNEQFF	tgtgccagcagaccgggactaaacggcctatacaatgagcagttcttc	1	0	1	1	1
clonotype4746	UNK_S	1	TRAV3*01	TRAJ35*01			TRBV6-1*01	TRBJ2-5*01	CAVRAGGSFGNVLHC	tgtgctgtgagagcgggcggaagctttgggaatgtgctgcattgc			CASSESIGPNQETQYF	tgtgccagcagtgaaagtatcggaccaaaccaagagacccagtacttc	1	0	1	1	1
clonotype4747	UNK_S	1	TRAV38-1*01	TRAJ49*01			TRBV6-1*01	TRBJ1-5*01	CAFIPNTGNQFYF	tgtgctttcattccgaacaccggtaaccagttctatttt			CASSEALWGGNQPQHF	tgtgccagcagtgaagcgctctgggggggcaatcagccccagcatttt	1	0	1	1	1
clonotype4748	UNK_S	1	TRAV12-2*01	TRAJ4*01			TRBV6-2*01	TRBJ2-7*01	CAGGGFSGGYNKLIF	tgtgccggtggggggttttctggtggctacaataagctgattttt			CASSPPPLAGEREQYV	tgtgccagcagtccaccacccctggcgggagagagggagcagtacgtc	1	0	1	1	1
clonotype4749	UNK_S	1	TRAV12-3*01	TRAJ24*01			TRBV20-1*01	TRBJ2-1*01	CAMTAFDSWGKLQF	tgtgcaatgaccgcatttgacagctgggggaaattgcagttt			CSARARLAGGSSYNEQFF	tgcagtgctagagcccgactagcgggaggaagctcctacaatgagcagttcttc	1	0	1	1	1
clonotype475	UNK_S	1	TRAV3*01	TRAJ26*01			TRBV29-1*01	TRBJ2-5*01	CAVRDRRNYGQNFVF	tgtgctgtgagagacaggaggaactatggtcagaattttgtcttt			CSATGSTQETQYF	tgcagcgctacagggagtacccaagagacccagtacttc	1	0	1	1	1
clonotype4750	UNK_S	1	TRAV10*01	TRAJ6*01			TRBV18*01	TRBJ2-1*01	CVVRTSGGSYIPTF	tgtgtggtgaggacctcaggaggaagctacatacctacattt			CASSPSAGERNEQFF	tgtgccagctcaccttcggcgggagaaagaaatgagcagttcttc	1	0	1	1	1
clonotype4751	UNK_S	1	TRAV10*01	TRAJ32*01			TRBV18*01	TRBJ2-1*01	CVVMRGGATNKLIF	tgtgtggtgatgaggggtggtgctacaaacaagctcatcttt			CASARVGEAYNEQFF	tgtgccagcgcccgggtgggggaggcttacaatgagcagttcttc	1	0	1	1	1
clonotype4752	UNK_S	1	TRAV38-1*01	TRAJ43*01			TRBV18*01	TRBJ2-5*01	CASARNNNNDMRF	tgtgcttccgcccgaaacaataacaatgacatgcgcttt			CASSPGAGAGETQYF	tgtgccagctcaccaggggcgggagccggagagacccagtacttc	1	0	1	1	1
clonotype4753	UNK_S	1	TRAV8-6*01	TRAJ13*01			TRBV18*01	TRBJ1-3*01	CAVTALSGGYQKVTF	tgtgctgtgaccgccctgtctgggggttaccagaaagttaccttt			CASSAGTNSGNTIYF	tgtgccagctcagccgggacaaactctggaaacaccatatatttt	1	0	1	1	1
clonotype4754	UNK_S	1	TRAV5*01	TRAJ44*01			TRBV18*01	TRBJ2-2*01	CAESIYTGTASKLTF	tgtgcagagagtatatataccggcactgccagtaaactcaccttt			CASFPTSSRTGELFF	tgtgccagcttcccgactagttcccgaaccggggagctgtttttt	1	0	1	1	1
clonotype4756	UNK_S	1	TRAV10*01	TRAJ8*01			TRBV12-3*01	TRBJ2-7*01	CVVSADTGFQKLVF	tgtgtggtgagcgcggacacaggctttcagaaacttgtattt			CASSRTSGNSYEQYF	tgtgccagcagtcgaactagcgggaactcctacgagcagtacttc	1	0	1	1	1
clonotype4757	UNK_S	1	TRAV19*01	TRAJ8*01	TRAV8-2*01	TRAJ24*01	TRBV12-3*01	TRBJ2-1*01	CALRENTGFQKLVF	tgtgctctgagggagaacacaggctttcagaaacttgtattt	CVVSCGADSWGKLQF	tgtgttgtgagttgcggggctgacagctgggggaaattgcagttt	CASSLGTSGTWGQFF	tgtgccagcagtttagggactagcggcacctgggggcagttcttc	2	1	2	2	1
clonotype4758	UNK_S	1	TRAV12-1*01	TRAJ5*01			TRBV2*01	TRBJ1-5*01	CVVNRLMDTGRRALTF	tgtgtggtgaaccgcctcatggacacgggcaggagagcacttactttt			CASSGGQGADQPQHF	tgtgccagcagcggaggacagggggccgatcagccccagcatttt	1	0	1	1	1
clonotype4759	UNK_S	1	TRAV21*01	TRAJ28*01			TRBV2*01	TRBJ1-4*01	CAVRIYSGAGSYQLTF	tgtgctgtccggatctactctggggctgggagttaccaactcactttc			CASSGTGGRNEKLFF	tgtgccagcagcgggacagggggccgtaatgaaaaactgtttttt	1	0	1	1	1
clonotype476	UNK_S	1	TRAV12-2*01	TRAJ52*01			TRBV29-1*01	TRBJ1-4*01	CAVLAGGTSYGKLTF	tgtgccgtgcttgctggtggtactagctatggaaagctgacattt			CSVGTGLNEKLFF	tgcagcgtcgggacagggctaaatgaaaaactgtttttt	1	0	1	1	1
clonotype4760	UNK_S	1	TRAV3*01	TRAJ6*01			TRBV2*01	TRBJ2-7*01	CAVTSASGGSYIPTF	tgtgctgtgacgtcggcatcaggaggaagctacatacctacattt			CASSEEVGNRVEQYF	tgtgccagcagtgaagaggtagggaatagggtcgagcagtacttc	1	0	1	1	1
clonotype4761	UNK_S	1	TRAV8-2*01	TRAJ17*01			TRBV2*01	TRBJ1-5*01	CVVSEARAAGNKLTF	tgtgttgtgagtgaagcgcgagctgcaggcaacaagctaactttt			CASSEGSASNQPQHF	tgtgccagcagtgaagggtcagctagcaatcagccccagcatttt	1	0	1	1	1
clonotype4762	UNK_S	1	TRAV38-1*01	TRAJ37*01			TRBV2*01	TRBJ1-1*01	CAFIFSNTGKLIF	tgtgctttcatctttagcaacacaggcaaactaatcttt			CASSSESRQGTEAFF	tgtgccagcagttccgaatctcgacaggggactgaagctttcttt	1	0	1	1	1
clonotype4763	UNK_S	1	TRAV10*01	TRAJ6*01			TRBV2*01	TRBJ2-3*01	CVVGTSGGSYIPTF	tgtgtggtgggtacatcaggaggaagctacatacctacattt			CASSLLAGGPDTQYF	tgtgccagcagtttattagcgggaggaccagatacgcagtatttt	1	0	1	1	1
clonotype4764	UNK_S	1	TRAV9-2*01	TRAJ10*01			TRBV2*01	TRBJ2-6*01	CALSDWITGGGNKLTF	tgtgctctgagtgattggatcacgggaggaggaaacaaactcaccttt			CASRGELSGANVLTF	tgtgccagccgaggggagctctctggggccaacgtcctgactttc	1	0	1	1	1
clonotype4765	UNK_S	1	TRAV12-1*01	TRAJ10*01			TRBV2*01	TRBJ2-1*01	CVVNSALTGGGNKLTF	tgtgtggtgaacagtgcactcacgggaggaggaaacaaactcaccttt			CASKLGGGEYNEQFF	tgtgccagtaagttggggggaggagagtacaatgagcagttcttc	1	0	1	1	1
clonotype4766	UNK_S	1	TRAV13-2*01	TRAJ17*01			TRBV2*01	TRBJ2-5*01	CAENMRSGAGNKLTF	tgtgcagagaatatgcgttcaggtgcaggcaacaagctaactttt			CASRQLAGARETQYF	tgtgccagtagacagctagcgggagcacgggagacccagtacttc	1	0	1	1	1
clonotype4767	UNK_S	1	TRAV8-2*01	TRAJ3*01			TRBV12-5*01	TRBJ1-1*01	CVVSIRYSSASKIIF	tgtgttgtgagcattcggtacagcagtgcttccaagataatcttt			CASGLDRGLDTEAFF	tgtgctagtggtttggacagggggcttgacactgaagctttcttt	1	0	1	1	1
clonotype4768	UNK_S	1	TRAV14/DV4*01	TRAJ5*01			TRBV24-1*01	TRBJ2-1*01	CAMKGTGRRALTF	tgtgcaatgaaaggcacgggcaggagagcacttactttt			CATSDPRLTKYNEQFF	tgtgccaccagtgacccccgactaacaaagtacaatgagcagttcttc	1	0	1	1	1
clonotype4769	UNK_S	1	TRAV13-1*01	TRAJ32*01			TRBV24-1*01	TRBJ2-1*01	CAAKFRYGGATNKLIF	tgtgcagcaaaatttagatatggtggtgctacaaacaagctcatcttt			CATSVGSGNLNNEQFF	tgtgccaccagtgttggtagcgggaacctaaacaatgagcagttcttc	1	0	1	1	1
clonotype477	UNK_S	1	TRAV38-2/DV8*01	TRAJ43*01			TRBV29-1*01	TRBJ2-5*01	CAYRSYDDNDMRF	tgtgcttataggagctacgacgacaatgacatgcgcttt			CSVDIPPPETQYF	tgcagcgttgatatcccccccccggagacccagtacttc	1	0	1	1	1
clonotype4770	UNK_S	1	TRAV8-6*01	TRAJ57*01			TRBV28*01	TRBJ1-2*01	CAVTPLRGGSEKLVF	tgtgctgtgacccccctccggggcggatctgaaaagctggtcttt			CASTVSPQGTNYGYTF	tgtgccagcactgtttccccgcagggaactaactatggctacaccttc	1	0	1	1	1
clonotype4771	UNK_S	1	TRAV19*01	TRAJ17*01			TRBV28*01	TRBJ2-1*01	CALIKAAGNKLTF	tgtgctctgatcaaagctgcaggcaacaagctaactttt			CASRGTSGRSYNEQFF	tgtgccagcagggggactagcgggagatcatacaatgagcagttcttc	1	0	1	1	1
clonotype4772	UNK_S	1	TRAV13-2*01	TRAJ37*01			TRBV28*01	TRBJ2-1*01	CAEAYGSSNTGKLIF	tgtgcagaggcgtatggctctagcaacacaggcaaactaatcttt			CASSVSGRARNNEQFF	tgtgccagcagtgtcagcgggagggccaggaacaatgagcagttcttc	1	0	1	1	1
clonotype4773	UNK_S	1	TRAV8-3*01	TRAJ4*01			TRBV28*01	TRBJ2-1*01	CAVVRLSGGYNKLIF	tgtgctgtggttcgactttctggtggctacaataagctgattttt			CASSSPWTDSYNEQFF	tgtgccagcagttccccctggacggactcctacaatgagcagttcttc	1	0	1	1	1
clonotype4774	UNK_S	1	TRAV12-3*01	TRAJ7*01			TRBV28*01	TRBJ2-2*01	CAMSRVRGNNRLAF	tgtgcaatgagccgtgtacgcgggaacaacagactcgctttt			CASSLYSGRGTGELFF	tgtgccagcagtttatatagcgggagaggcaccggggagctgtttttt	1	0	1	1	1
clonotype4775	UNK_S	1	TRAV13-2*01	TRAJ45*01			TRBV28*01	TRBJ2-1*01	CAESYSGGGADGLTF	tgtgcagagtcttattcaggaggaggtgctgacggactcaccttt			CASSLLAGAAWNEQFF	tgtgccagcagtttattagcgggagccgcttggaatgagcagttcttc	1	0	1	1	1
clonotype4776	UNK_S	1	TRAV8-4*01	TRAJ48*01			TRBV10-3*01	TRBJ2-2*01	CAVSDGGFGNEKLTF	tgtgctgtgagtgatgggggctttggaaatgagaaattaaccttt			CAISETSGSVTGELFF	tgtgccatcagtgagactagcgggagcgtaaccggggagctgtttttt	1	0	1	1	1
clonotype4777	UNK_S	1	TRAV9-2*01	TRAJ28*01			TRBV7-9*01	TRBJ1-1*01	CALSDSSGAGSYQLTF	tgtgctctgagtgattcctctggggctgggagttaccaactcactttc			CASSLAQGLYTEAFF	tgtgccagcagcttagcgcaaggattgtacactgaagctttcttt	1	0	1	1	1
clonotype4778	UNK_S	1	TRAV38-2/DV8*01	TRAJ33*01			TRBV7-3*01	TRBJ1-1*01	CAYRRDSNYQLIW	tgtgcttataggagggatagcaactatcagttaatctgg			CASSLIERTGTEAFF	tgtgccagcagcttaatagagcggacaggcactgaagctttcttt	1	0	1	1	1
clonotype4779	UNK_S	1	TRAV8-3*01	TRAJ50*01			TRBV11-2*01	TRBJ2-2*01	CAVGSLKTSYDKVIF	tgtgctgtgggttccctgaaaacctcctacgacaaggtgatattt			CASSSGGPETGELFF	tgtgccagcagcagcggggggccagaaaccggggagctgtttttt	1	0	1	1	1
clonotype478	UNK_S	1	TRAV12-3*01	TRAJ17*01			TRBV29-1*01	TRBJ1-2*01	CAMSGEAAGNKLTF	tgtgcaatgagcggcgaagctgcaggcaacaagctaactttt			CSVVGAGPYGYTF	tgcagcgttgtgggcgcaggcccctatggctacaccttc	1	0	1	1	1
clonotype4780	UNK_S	1	TRAV8-3*01	TRAJ48*01			TRBV11-2*01	TRBJ2-3*01	CAVGRSNFGNEKLTF	tgtgctgtggggaggtctaactttggaaatgagaaattaaccttt			CASSLEVGRTDTQYF	tgtgccagcagcttagaggtcggccgcacagatacgcagtatttt	1	0	1	1	1
clonotype4781	UNK_S	1	TRAV12-2*01	TRAJ42*01			TRBV11-2*01	TRBJ2-5*01	CAVSNYGGSQGNLIF	tgtgccgtgtcaaattatggaggaagccaaggaaatctcatcttt			CASSLVMGWQETQYF	tgtgccagcagcttagtgatggggtggcaagagacccagtacttc	1	0	1	1	1
clonotype4782	UNK_S	1	TRAV21*01	TRAJ22*01			TRBV11-2*01	TRBJ2-2*01	CAVRRGTSGSARQLTF	tgtgctgtgaggcgggggacttctggttctgcaaggcaactgaccttt			CASSLVDRHTGELFF	tgtgccagcagcttagttgacagacataccggggagctgtttttt	1	0	1	1	1
clonotype4783	UNK_S	1	TRAV14/DV4*01	TRAJ12*01			TRBV11-2*01	TRBJ2-7*01	CAMSLDSSYKLIF	tgtgcaatgagtctagatagcagctataaattgatcttc			CASSFATSGTYEQYF	tgtgccagcagcttcgccactagcgggacatacgagcagtacttc	1	0	1	1	1
clonotype4784	UNK_S	1	TRAV24*01	TRAJ16*01			TRBV7-8*01	TRBJ1-5*01	CAPRLRDGQKLLF	tgtgccccccgactaagagatggccagaagctgctcttt			CASSLDRSSNQPQHF	tgtgccagcagcttagacaggtctagcaatcagccccagcatttt	1	0	1	1	1
clonotype4785	UNK_S	1	TRAV9-2*01	TRAJ52*01			TRBV7-2*01	TRBJ2-7*01	CALRNAGGTSYGKLTF	tgtgctctgagaaatgctggtggtactagctatggaaagctgacattt			CASSPEWWDAYEQYV	tgtgccagcagcccagaatggtgggacgcctacgagcagtacgtc	1	0	1	1	1
clonotype4786	UNK_S	1	TRAV9-2*01	TRAJ45*01			TRBV7-2*01	TRBJ2-5*01	CALKERSGGGADGLTF	tgtgctctgaaggaaaggtcaggaggaggtgctgacggactcaccttt			CASSPPPPQGETQYF	tgtgccagcagccccccccccccgcagggagagacccagtacttc	1	0	1	1	1
clonotype4787	UNK_S	1	TRAV8-3*01	TRAJ6*01			TRBV7-2*01	TRBJ2-1*01	CAVVSGSGGSYIPTF	tgtgctgtggtctcgggttcaggaggaagctacatacctacattt			CASSSRDRAFEEQFF	tgtgccagcagctcccgggacagggccttcgaggagcagttcttc	1	0	1	1	1
clonotype4788	UNK_S	1	TRAV34*01	TRAJ57*01	TRAV29/DV5*01	TRAJ52*01	TRBV7-2*01	TRBJ1-6*01	CGADSDKYGGSEKLVF	tgtggagcagacagtgataagtacggcggatctgaaaagctggtcttt	CAASPGGTSYGKLTF	tgtgcagcaagccctggtggtactagctatggaaagctgacattt	CASSITGTENSPLHF	tgtgccagcagcatcactgggacggagaattcacccctccacttt	2	1	2	2	1
clonotype4789	UNK_S	1	TRAV24*01	TRAJ38*01			TRBV7-2*01	TRBJ1-4*01	CAPSAGNNRKLIW	tgtgcccctagtgctggcaacaaccgtaagctgatttgg			CASSSRTGRSEKLFF	tgtgccagcagctcccggacagggaggagtgaaaaactgtttttt	1	0	1	1	1
clonotype479	UNK_S	1	TRAV38-1*01	TRAJ42*01			TRBV20-1*01	TRBJ2-1*01	CAFGGGSQGNLIF	tgtgctttcgggggaggaagccaaggaaatctcatcttt			CSATSGSYNEQFF	tgcagtgccactagcgggagctacaatgagcagttcttc	1	0	1	1	1
clonotype4790	UNK_S	1	TRAV14/DV4*01	TRAJ48*01			TRBV7-2*01	TRBJ1-5*01	CAMRGFGNEKLTF	tgtgcaatgagagggtttggaaatgagaaattaaccttt			CASSLGASGRQPQHF	tgtgccagcagcttaggggcgagcgggaggcagccccagcatttt	1	0	1	1	1
clonotype4791	UNK_S	1	TRAV13-1*01	TRAJ54*01			TRBV27*01	TRBJ2-7*01	CAAPIRDIQGAQKLVF	tgtgcagcgccgataagggacattcagggagcccagaagctggtattt			CASSLGLAGVNYEQYF	tgtgccagcagtttgggtctagcgggagtaaactacgagcagtacttc	1	0	1	1	1
clonotype4792	UNK_S	1	TRAV8-1*01	TRAJ24*01	TRAV10*01	TRAJ15*01	TRBV5-6*01	TRBJ2-1*01	CAVSMTTDSWGKLQF	tgtgccgtgtctatgacaactgacagctgggggaaattgcagttt	CVVSSRNQAGTALIF	tgtgtggtgagctcccgcaaccaggcaggaactgctctgatcttt	CASSPGLAGPWDEQFF	tgtgccagcagcccaggactagcgggcccctgggatgagcagttcttc	2	1	2	2	1
clonotype4793	UNK_S	1	TRAV5*01	TRAJ37*01			TRBV5-6*01	TRBJ1-5*01	CAEKKGSSNTGKLIF	tgtgcagagaagaagggctctagcaacacaggcaaactaatcttt			CASSPWGQGSNQPQHF	tgtgccagcagcccttgggggcagggaagcaatcagccccagcatttt	1	0	1	1	1
clonotype4794	UNK_S	1	TRAV8-3*01	TRAJ42*01	TRAV8-4*01	TRAJ38*01	TRBV5-6*01	TRBJ1-1*01	CAVGAYGGSQGNLIF	tgtgctgtgggtgcctatggaggaagccaaggaaatctcatcttt	CAVSLNAGNNRKLIW	tgtgctgtgagcctcaatgctggcaacaaccgtaagctgatttgg	CASSFFHGRSNTEAFF	tgtgccagcagcttttttcatggaagatcaaacactgaagctttcttt	2	1	2	2	1
clonotype4795	UNK_S	1	TRAV5*01	TRAJ37*01			TRBV5-4*01	TRBJ2-1*01	CAEIYGSSNTGKLIF	tgtgcagagatttatggctctagcaacacaggcaaactaatcttt			CASSLPGTSATNEQFF	tgtgccagcagcttgcccgggactagcgctactaatgagcagttcttc	1	0	1	1	1
clonotype4796	UNK_S	1	TRAV8-4*01	TRAJ9*01			TRBV5-4*01	TRBJ1-3*01	CAVSDRGTGGFKTIF	tgtgctgtgagtgatcgaggaactggaggcttcaaaactatcttt			CASSLGVSTSGNTIYF	tgtgccagcagcttgggggtcagcacctctggaaacaccatatatttt	1	0	1	1	1
clonotype4797	UNK_S	1	TRAV8-2*01	TRAJ6*01			TRBV5-4*01	TRBJ2-6*01	CVVSDPPGGSYIPTF	tgtgttgtgagtgatcctccaggaggaagctacatacctacattt			CASSSTGSSGANVLTF	tgtgccagcagttccacggggagctctggggccaacgtcctgactttc	1	0	1	1	1
clonotype4798	UNK_S	1	TRAV38-1*01	TRAJ39*01			TRBV5-1*01	TRBJ1-2*01	CARRGNAGNMLTF	tgtgcccgaaggggcaatgcaggcaacatgctcaccttt			CASSTETGAGPYGYTF	tgcgccagcagcaccgagacaggggctggaccctatggctacaccttc	1	0	1	1	1
clonotype4799	UNK_S	1	TRAV8-6*01	TRAJ32*01			TRBV5-1*01	TRBJ2-2*01	CAVRGYGGATNKLIF	tgtgctgtgagggggtatggtggtgctacaaacaagctcatcttt			CASMVEGGISAGELFF	tgcgccagcatggtagaaggtggcatctcggcgggggagctgtttttt	1	0	1	1	1
clonotype48	UNK_S	2	TRAV26-2*01	TRAJ52*01			TRBV6-2*01	TRBJ2-7*01	CILTPNAGGTSYGKLTF	tgcatcctgactcctaatgctggtggtactagctatggaaagctgacattt			CASSFILVNEQYF	tgtgccagcagttttattctagtcaacgagcagtacttc	2	0	2	1	1
clonotype480	UNK_S	1	TRAV8-6*01	TRAJ32*01			TRBV20-1*01	TRBJ1-6*01	CAVTPLSGATNKLIF	tgtgctgtgaccccactgagtggtgctacaaacaagctcatcttt			CSAPPSNNSPLHF	tgcagtgcgcctccctcgaataattcacccctccacttt	1	0	1	1	1
clonotype4800	UNK_S	1	TRAV36/DV7*01	TRAJ40*01			TRBV3-1*01	TRBJ2-1*01	CAGGKGGSGTYKYIF	tgtgctggtggtaaagggggctcaggaacctacaaatacatcttt			CASSQDGVVFSNEQFF	tgtgccagcagccaagatggagtcgtatttagcaatgagcagttcttc	1	0	1	1	1
clonotype4801	UNK_S	1	TRAV8-3*01	TRAJ39*01			TRBV3-1*01	TRBJ2-3*01	CAVGTLNNAGNMLTF	tgtgctgtggggacactaaataatgcaggcaacatgctcaccttt			CASSPQTSGRSDTQYF	tgtgccagcagcccacagactagcgggagatcggatacgcagtatttt	1	0	1	1	1
clonotype4802	UNK_S	1	TRAV5*01	TRAJ4*01			TRBV4-1*01	TRBJ2-1*01	CAEIQFSGGYNKLIF	tgtgcagagattcagttttctggtggctacaataagctgattttt			CASSQQGQRVREQKFF	tgcgccagcagccaacaggggcagagggtacgggagcagaagttcttc	1	0	1	1	1
clonotype4803	UNK_S	1	TRAV30*01	TRAJ52*01			TRBV4-1*01	TRBJ1-5*01	CGTEGGGGTSYGKLTF	tgcggcacagagggaggtggtggtactagctatggaaagctgacattt			CASSPSGQGFNQPQHF	tgcgccagcagcccctctggacagggttttaatcagccccagcatttt	1	0	1	1	1
clonotype4804	UNK_S	1	TRAV19*01	TRAJ26*01			TRBV4-1*01	TRBJ2-6*01	CALSEHYGQNFVF	tgtgctctgagtgagcactatggtcagaattttgtcttt			CASSRLERSGANVLTF	tgcgccagcagccgactggagagatctggggccaacgtcctgactttc	1	0	1	1	1
clonotype4805	UNK_S	1	TRAV19*01	TRAJ56*01			TRBV4-2*01	TRBJ2-5*01	CALLTGANSKLTF	tgtgctcttcttactggagccaatagtaagctgacattt			CASSQRLAGLQETQYF	tgtgccagcagccaacgactagcgggcctacaagagacccagtacttc	1	0	1	1	1
clonotype4806	UNK_S	1	TRAV12-1*01	TRAJ6*01			TRBV9*01	TRBJ2-2*01	CVVNGPTTGGSYIPTF	tgtgtggtgaacggcccgaccacaggaggaagctacatacctacattt			CASSPMEGAGTGELFF	tgtgccagcagccctatggagggggcggggaccggggagctgtttttt	1	0	1	1	1
clonotype4807	UNK_S	1	TRAV8-4*01	TRAJ53*01			TRBV9*01	TRBJ1-2*01	CAVSPSGGSNYKLTF	tgtgctgtgagtcctagtggaggtagcaactataaactgacattt			CASSASGQATPYGYTF	tgtgccagcagcgcctctggacaggctactccctatggctacaccttc	1	0	1	1	1
clonotype4808	UNK_S	1	TRAV19*01	TRAJ30*01			TRBV9*01	TRBJ1-1*01	CALSDYRDDKIIF	tgtgctctgagtgattacagagatgacaagatcatcttt			CASSVVGREGNTEAFF	tgtgccagcagcgtagtgggtcgggaggggaacactgaagctttcttt	1	0	1	1	1
clonotype4809	UNK_S	1	TRAV21*01	TRAJ52*01			TRBV9*01	TRBJ2-2*01	CAVINAGGTSYGKLTF	tgtgctgtgattaatgctggtggtactagctatggaaagctgacattt			CASSFSGKANTGELFF	tgtgccagcagctttagcgggaaagcgaacaccggggagctgtttttt	1	0	1	1	1
clonotype481	UNK_S	1	TRAV38-1*01	TRAJ37*01			TRBV20-1*01	TRBJ1-1*01	CAFISSNTGKLIF	tgtgctttcatctctagcaacacaggcaaactaatcttt			CSAPIKGNTEAFF	tgcagtgctcccatcaaggggaacactgaagctttcttt	1	0	1	1	1
clonotype4810	UNK_S	1	TRAV8-3*01	TRAJ45*01			TRBV15*01	TRBJ1-1*01	CAVGAPGGGADGLTF	tgtgctgtgggcgcaccaggaggaggtgctgacggactcaccttt			CATSREKGRVYTEAFF	tgtgccaccagcagagaaaaaggcagggtttacactgaagctttcttt	1	0	1	1	1
clonotype4811	UNK_S	1	TRAV41*01	TRAJ53*01			TRBV15*01	TRBJ2-1*01	CAVRRLSGGSNYKLTF	tgtgctgtcaggaggttaagtggaggtagcaactataaactgacattt			CATSRNFPGTYNEQFF	tgtgccaccagcaggaattttccagggacctacaatgagcagttcttc	1	0	1	1	1
clonotype4812	UNK_S	1	TRAV12-1*01	TRAJ5*01			TRBV14*01	TRBJ2-1*01	CVVNGPRDTGRRALTF	tgtgtggtgaacggtccgcgagacacgggcaggagagcacttactttt			CASSQRRDSHNEQFF	tgtgccagcagccaaagaagggactcccacaatgagcagttcttc	1	0	1	1	1
clonotype4813	UNK_S	1	TRAV8-4*01	TRAJ22*01			TRBV14*01	TRBJ2-5*01	CAVSLFSGSARQLTF	tgtgctgtgagccttttttctggttctgcaaggcaactgaccttt			CASSQTGLAQETQYF	tgtgccagcagccagaccggactagctcaagagacccagtacttc	1	0	1	1	1
clonotype4814	UNK_S	1	TRAV17*01	TRAJ42*01	TRAV19*01	TRAJ18*01	TRBV14*01	TRBJ1-6*01	CATDVVYGGSQGNLIF	tgtgctacggacgtcgtttatggaggaagccaaggaaatctcatcttt	CALKIDRGSTLGRLYF	tgtgctctgaagatcgacagaggctcaaccctggggaggctatacttt	CASSPGQGAGSPLHF	tgtgccagcagcccaggacagggggcaggttcacccctccacttt	2	1	2	2	1
clonotype4815	UNK_S	1	TRAV10*01	TRAJ10*01			TRBV19*01	TRBJ2-2*01	CVVTRFTGGGNKLTF	tgtgtggtgactcggttcacgggaggaggaaacaaactcaccttt			CASSPLGGANTGELFF	tgtgccagtagccctttgggcggagcgaacaccggggagctgtttttt	1	0	1	1	1
clonotype4816	UNK_S	1	TRAV19*01	TRAJ20*01			TRBV19*01	TRBJ1-5*01	CALSEASNDYKLSF	tgtgctctgagtgaggcatccaacgactacaagctcagcttt			CASSPLGGTGDQPQHF	tgtgccagtagtccccttggagggacaggggaccagccccagcatttt	1	0	1	1	1
clonotype4817	UNK_S	1	TRAV2*01	TRAJ10*01			TRBV19*01	TRBJ2-1*01	CAVARGILTGGGNKLTF	tgtgctgtggctcgaggaatactcacgggaggaggaaacaaactcaccttt			CASSATVAGGVGEQFF	tgtgccagtagtgccacggtagcgggaggggtgggcgagcagttcttc	1	0	1	1	1
clonotype4818	UNK_S	1	TRAV10*01	TRAJ3*01			TRBV11-1*01	TRBJ1-1*01	CVVSAGYSSASKIIF	tgtgtggtgagcgctgggtacagcagtgcttccaagataatcttt			CASSLGLDRASEAFF	tgtgccagcagcttagggttggacagggcgtctgaagctttcttt	1	0	1	1	1
clonotype4819	UNK_S	1	TRAV38-1*01	TRAJ39*01			TRBV6-6*01	TRBJ2-7*01	CAFQPFGAGNMLTF	tgtgctttccagccctttggtgcaggcaacatgctcaccttt			CASSPSRGPLSYEQYF	tgtgccagcagtcccagcagggggccgctttcctacgagcagtacttc	1	0	1	1	1
clonotype482	UNK_S	1	TRAV8-2*01	TRAJ22*01			TRBV20-1*01	TRBJ2-1*01	CVVSPPSGSARQLTF	tgtgttgtgagtcccccttctggttctgcaaggcaactgaccttt			CSVSTSRGGEQFF	tgcagtgtttcgactagcaggggtggggagcagttcttc	1	0	1	1	1
clonotype4820	UNK_S	1	TRAV14/DV4*01	TRAJ13*01			TRBV6-5*01	TRBJ2-5*01	CAMRGGGGYQKVTF	tgtgcaatgagaggcggcggaggttaccagaaagttaccttt			CASSYSTGAGYETQYF	tgtgccagcagttactcgacaggagcgggatacgagacccagtacttc	1	0	1	1	1
clonotype4821	UNK_S	1	TRAV38-2/DV8*01	TRAJ49*01			TRBV6-5*01	TRBJ1-1*01	CAYRSAATGNQFYF	tgtgcttataggagcgcggccaccggtaaccagttctatttt			CASSYRGLGLNTEAFF	tgtgccagcagttatagggggctggggctgaacactgaagctttcttt	1	0	1	1	1
clonotype4822	UNK_S	1	TRAV38-1*01	TRAJ23*01			TRBV6-5*01	TRBJ2-5*01	CAWGDYNQGGKLIF	tgtgcttggggggattataaccagggaggaaagcttatcttc			CASSSSGTSGRQTQYF	tgtgccagcagttcgtccgggactagcgggagacagacccagtacttc	1	0	1	1	1
clonotype4823	UNK_S	1	TRAV38-2/DV8*01	TRAJ41*01			TRBV6-2*01	TRBJ2-1*01	CAYRTANSGYALNF	tgtgcttataggaccgcaaattccgggtatgcactcaacttc			CASSYPPGGSYNEQFF	tgtgccagcagttaccctccgggaggatcctacaatgagcagttcttc	1	0	1	1	1
clonotype4824	UNK_S	1	TRAV13-1*01	TRAJ4*01			TRBV6-2*01	TRBJ2-1*01	CAAAARVPSGGYNKLIF	tgtgcagcagccgcgagggtcccttctggtggctacaataagctgattttt			CASRAFTSGRGNEQFF	tgtgccagtcgcgcttttactagcgggagggggaatgagcagttcttc	1	0	1	1	1
clonotype4825	UNK_S	1	TRAV38-1*01	TRAJ31*01			TRBV30*01	TRBJ2-7*01	CAFMNHRNNARLMF	tgtgctttcatgaatcaccgtaacaatgccagactcatgttt			CAWSGTGGDRGFVLEQYF	tgtgcctggagtggaactgggggggacaggggctttgtcctcgagcagtacttc	1	0	1	1	1
clonotype4826	UNK_S	1	TRAV3*01	TRAJ45*01			TRBV29-1*01	TRBJ2-3*01	CAVRGRSGGGADGLTF	tgtgctgtgagaggacgatcaggaggaggtgctgacggactcaccttt			CSGFRGTFPPVAPDTQYF	tgcagcggatttcgcgggactttcccccccgtcgccccagatacgcagtatttt	1	0	1	1	1
clonotype4827	UNK_S	1	TRAV10*01	TRAJ32*01			TRBV18*01	TRBJ2-6*01	CVVSPLGGATNKLIF	tgtgtggtgagcccactcggtggtgctacaaacaagctcatcttt			CASSPTPTGANVLTF	tgtgccagctcaccaactcctactggggccaacgtcctgactttc	1	0	1	1	1
clonotype4828	UNK_S	1	TRAV14/DV4*01	TRAJ6*01			TRBV12-3*01	TRBJ2-7*01	CAMRESGGSYIPTF	tgtgcaatgagagagtcaggaggaagctacatacctacattt			CASSLAHGMNYEQYF	tgtgccagcagtttagcgcacggaatgaactacgagcagtacttc	1	0	1	1	1
clonotype4829	UNK_S	1	TRAV38-1*01	TRAJ40*01			TRBV12-3*01	TRBJ1-5*01	CAFMKQSGTYKYIF	tgtgctttcatgaagcagtcaggaacctacaaatacatcttt			CASSFRDGTNQPQHF	tgtgccagcagtttccgggacggaacgaatcagccccagcatttt	1	0	1	1	1
clonotype483	UNK_S	1	TRAV21*01	TRAJ52*01			TRBV20-1*01	TRBJ1-1*01	CAVSGAGGTSYGKLTF	tgtgctgtgagtggcgctggtggtactagctatggaaagctgacattt			CSARGQGRAEAFF	tgcagtgctagaggacagggaagggctgaagctttcttt	1	0	1	1	1
clonotype4830	UNK_S	1	TRAV8-1*01	TRAJ42*01			TRBV12-3*01	TRBJ1-5*01	CAVRRGYGGSQGNLIF	tgtgccgtgaggcggggatatggaggaagccaaggaaatctcatcttt			CASSLTGASNQPQHF	tgtgccagcagtttgacaggggctagcaatcagccccagcatttt	1	0	1	1	1
clonotype4831	UNK_S	1	TRAV36/DV7*01	TRAJ38*01	TRAV19*01	TRAJ18*01	TRBV2*01	TRBJ2-5*01	CAVSMSGAGNNRKLIW	tgtgctgtatcgatgtcgggggctggcaacaaccgtaagctgatttgg	CALSGGSTLGRLYF	tgtgctctgtccggaggctcaaccctggggaggctatacttt	CASSSFAGPQETQYF	tgtgccagcagtagctttgcggggccccaagagacccagtacttc	2	1	2	2	1
clonotype4832	UNK_S	1	TRAV3*01	TRAJ39*01			TRBV2*01	TRBJ2-1*01	CAVRDGENNAGNMLTF	tgtgctgtgagagacggcgagaataatgcaggcaacatgctcaccttt			CASSFQGLAGNEQFF	tgtgccagcagtttccagggactagcgggtaatgagcagttcttc	1	0	1	1	1
clonotype4833	UNK_S	1	TRAV12-3*01	TRAJ48*01			TRBV28*01	TRBJ2-1*01	CAMSRSNFGNEKLTF	tgtgcaatgagcagatctaactttggaaatgagaaattaaccttt			CASNTGGLAGDVEQFF	tgtgccagcaatacagggggcctagcgggagacgtggagcagttcttc	1	0	1	1	1
clonotype4834	UNK_S	1	TRAV41*01	TRAJ48*01			TRBV28*01	TRBJ1-2*01	CAVRLGRLNFGNEKLTF	tgtgctgtcagattggggcggcttaactttggaaatgagaaattaaccttt			CASSFAGKSFNYGYTF	tgtgccagcagttttgcagggaaatcctttaactatggctacaccttc	1	0	1	1	1
clonotype4835	UNK_S	1	TRAV8-6*01	TRAJ37*01	TRAV5*01	TRAJ7*01	TRBV5-8*01	TRBJ1-1*01	CAVSDPGSSNTGKLIF	tgtgctgtgagtgatcccggctctagcaacacaggcaaactaatcttt	CAEADKPSDHGNNRLAF	tgtgcagaggccgataaaccttctgaccatgggaacaacagactcgctttt	CASSLLRQGANTEAFF	tgtgccagcagcttgcttcgacagggagctaacactgaagctttcttt	2	1	2	2	1
clonotype4836	UNK_S	1	TRAV10*01	TRAJ4*01			TRBV7-9*01	TRBJ2-1*01	CVVSFLSGGYNKLIF	tgtgtggtgagcttcctttctggtggctacaataagctgattttt			CASSLRQGNAAEQFF	tgtgccagcagcttacgacaggggaacgcggctgagcagttcttc	1	0	1	1	1
clonotype4837	UNK_S	1	TRAV38-1*01	TRAJ39*01			TRBV11-2*01	TRBJ1-4*01	CAFMRYNAGNMLTF	tgtgctttcatgaggtataatgcaggcaacatgctcaccttt			CASSSTGTGNEKLFF	tgtgccagcagctcaaccgggacagggaatgaaaaactgtttttt	1	0	1	1	1
clonotype4838	UNK_S	1	TRAV38-1*01	TRAJ31*01			TRBV7-8*01	TRBJ1-1*01	CAFTLSNNNARLMF	tgtgctttcaccctctcgaataacaatgccagactcatgttt			CASSLLGGAGTEAFF	tgtgccagcagcttattagggggggctggaactgaagctttcttt	1	0	1	1	1
clonotype4839	UNK_S	1	TRAV29/DV5*01	TRAJ49*01			TRBV7-8*01	TRBJ2-1*01	CAASKHQFYF	tgtgcagcaagcaagcaccagttctatttt			CASRPGTSSWNEQFF	tgtgccagcaggccagggaccagtagctggaatgagcagttcttc	1	0	1	1	1
clonotype484	UNK_S	1	TRAV12-1*01	TRAJ38*01			TRBV28*01	TRBJ1-5*01	CVVNNLDAGNNRKLIW	tgtgtggtgaacaatctggatgctggcaacaaccgtaagctgatttgg			CASSSDQPQHF	tgtgccagcagttctgaccagccccagcatttt	1	0	1	1	1
clonotype4840	UNK_S	1	TRAV3*01	TRAJ6*01			TRBV7-2*01	TRBJ1-4*01	CAVRDIGAGGSYIPTF	tgtgctgtgagagacataggggcaggaggaagctacatacctacattt			CASSSQGSQQEKLFF	tgtgccagcagctcacagggttcacagcaagaaaaactgtttttt	1	0	1	1	1
clonotype4841	UNK_S	1	TRAV38-2/DV8*01	TRAJ33*01			TRBV7-2*01	TRBJ2-3*01	CAYRGVDSNYQLIW	tgtgcttatagaggcgtagatagcaactatcagttaatctgg			CASSSLAGVADTQYF	tgtgccagcagctcattagcgggagtggcagatacgcagtatttt	1	0	1	1	1
clonotype4842	UNK_S	1	TRAV3*01	TRAJ28*01			TRBV27*01	TRBJ1-1*01	CAVRDNSGAGSYQLTF	tgtgctgtgagagacaactctggggctgggagttaccaactcactttc			CASSLSSLLWGTEAFF	tgtgccagcagtttatcgtcgttactctggggcactgaagctttcttt	1	0	1	1	1
clonotype4843	UNK_S	1	TRAV14/DV4*01	TRAJ8*01			TRBV5-6*01	TRBJ2-5*01	CAMRGLTGFQKLVF	tgtgcaatgaggggcctcacaggctttcagaaacttgtattt			CASSLARAGGQETQYF	tgtgccagcagcttggcccgagcagggggacaagagacccagtacttc	1	0	1	1	1
clonotype4844	UNK_S	1	TRAV8-6*01	TRAJ4*01			TRBV5-5*01	TRBJ2-2*01	CAVSKTTTGGYNKLIF	tgtgctgtgagtaaaacaactactggtggctacaataagctgattttt			CASSSGTGLSSGELFF	tgtgccagcagctccgggacagggctctcctccggggagctgtttttt	1	0	1	1	1
clonotype4845	UNK_S	1	TRAV10*01	TRAJ39*01			TRBV5-1*01	TRBJ1-1*01	CVVSGPDNAGNMLTF	tgtgtggtgagcggtcctgataatgcaggcaacatgctcaccttt			CASTPPTGVLNTEAFF	tgcgccagcacccccccgacaggggttttgaacactgaagctttcttt	1	0	1	1	1
clonotype4846	UNK_S	1	TRAV19*01	TRAJ15*01			TRBV5-1*01	TRBJ2-3*01	CALSEAQAGTALIF	tgtgctctgagtgaggcccaggcaggaactgctctgatcttt			CASSRRASGSTDTQYF	tgcgccagcagccgacgggctagcgggagcacagatacgcagtatttt	1	0	1	1	1
clonotype4847	UNK_S	1	TRAV13-1*01	TRAJ39*01			TRBV5-1*01	TRBJ2-1*01	CAALRGPINNAGNMLTF	tgtgcagcactccgtgggcccataaataatgcaggcaacatgctcaccttt			CASSLLFSGAGNEQFF	tgcgccagcagcttgttgttttcgggagcgggaaatgagcagttcttc	1	0	1	1	1
clonotype4848	UNK_S	1	TRAV19*01	TRAJ31*01			TRBV3-1*01	TRBJ2-3*01	CALSGRNNNARLMF	tgtgctctgagcggacggaataacaatgccagactcatgttt			CASSQALGTATDTQYF	tgtgccagcagccaagcgctggggacagccacagatacgcagtatttt	1	0	1	1	1
clonotype4849	UNK_S	1	TRAV14/DV4*01	TRAJ20*01			TRBV4-1*01	TRBJ2-5*01	CAMSGNSNDYKLSF	tgtgcaatgagcggaaattctaacgactacaagctcagcttt			CASKDRIAGVQETQYF	tgcgccagcaaggaccggatagcgggagtacaggagacccagtacttc	1	0	1	1	1
clonotype485	UNK_S	1	TRAV20*01	TRAJ53*01			TRBV28*01	TRBJ1-5*01	CAVPGDSGGSNYKLTF	tgtgctgtgccgggggatagtggaggtagcaactataaactgacattt			CASSFHQPQHF	tgtgccagcagtttccatcagccccagcatttt	1	0	1	1	1
clonotype4850	UNK_S	1	TRAV19*01	TRAJ6*01			TRBV4-1*01	TRBJ1-3*01	CALFVSGGSYIPTF	tgtgctctttttgtatcaggaggaagctacatacctacattt			CASSQLGGLFGNTIYF	tgcgccagcagccaactgggggggctgttcggaaacaccatatatttt	1	0	1	1	1
clonotype4851	UNK_S	1	TRAV3*01	TRAJ6*01			TRBV4-1*01	TRBJ2-7*01	CAVRDPDPGGSYIPTF	tgtgctgtgagagacccagaccccggaggaagctacatacctacattt			CASSQAPALGTYEQYF	tgcgccagcagccaagcgcccgctttaggtacatacgagcagtacttc	1	0	1	1	1
clonotype4852	UNK_S	1	TRAV14/DV4*01	TRAJ15*01	TRAV14/DV4*01	TRAJ37*01	TRBV4-3*01	TRBJ1-1*01	CAMRENQAGTALIF	tgtgcaatgagagagaaccaggcaggaactgctctgatcttt	CAMRGSSNTGKLIF	tgtgcaatgagaggctctagcaacacaggcaaactaatcttt	CASSQEGGGWSAEAFF	tgcgccagcagccaagaaggcggggggtggagcgctgaagctttcttt	2	1	2	2	1
clonotype4853	UNK_S	1	TRAV10*01	TRAJ26*01			TRBV4-3*01	TRBJ1-6*01	CVVSARDNYGQNFVF	tgtgtggtgagcgcgcgggataactatggtcagaattttgtcttt			CASSQDRSSYNSPLHF	tgcgccagcagccaggacaggagctcctataattcacccctccacttt	1	0	1	1	1
clonotype4854	UNK_S	1	TRAV14/DV4*01	TRAJ20*01			TRBV15*01	TRBJ1-5*01	CAMREGPSDYKLSF	tgtgcaatgagagagggcccgagcgactacaagctcagcttt			CATSDRTGIGNQPQHF	tgtgccaccagcgaccgaacaggaattggcaatcagccccagcatttt	1	0	1	1	1
clonotype4855	UNK_S	1	TRAV5*01	TRAJ28*01			TRBV14*01	TRBJ1-1*01	CAEIPYSGAGSYQLTF	tgtgcagagattccttactctggggctgggagttaccaactcactttc			CASSQIGRQNTEAFF	tgtgccagcagccaaatcggacggcagaacactgaagctttcttt	1	0	1	1	1
clonotype4856	UNK_S	1	TRAV19*01	TRAJ18*01			TRBV25-1*01	TRBJ1-2*01	CARSDRGSTLGRLYF	tgtgctcggagcgacagaggctcaaccctggggaggctatacttt			CASSELVAVSLYGYTF	tgtgccagcagtgaattggtagcggtaagcctctatggctacaccttc	1	0	1	1	1
clonotype4857	UNK_S	1	TRAV12-2*01	TRAJ52*01			TRBV19*01	TRBJ2-5*01	CAVNKGAGGTSYGKLTF	tgtgccgtgaacaagggagctggtggtactagctatggaaagctgacattt			CASSTLYRDGQETQYF	tgtgccagtagtaccctataccgggacggccaagagacccagtacttc	1	0	1	1	1
clonotype4858	UNK_S	1	TRAV36/DV7*01	TRAJ52*01			TRBV19*01	TRBJ1-1*01	CAVPINAGGTSYGKLTF	tgtgctgttcctatcaatgctggtggtactagctatggaaagctgacattt			CASSTQGAGWGTEAFF	tgtgccagtagtacacagggggccgggtggggcactgaagctttcttt	1	0	1	1	1
clonotype4859	UNK_S	1	TRAV19*01	TRAJ12*01			TRBV19*01	TRBJ2-6*01	CALSGVMDSSYKLIF	tgtgctctgagtggggtaatggatagcagctataaattgatcttc			CASSIAAESGANVLTF	tgtgccagtagtatagcggcggagtctggggccaacgtcctgactttc	1	0	1	1	1
clonotype486	UNK_S	1	TRAV12-3*01	TRAJ22*01			TRBV5-1*01	TRBJ2-7*01	CASISSGSARQLTF	tgtgcctcaatttcttctggttctgcaaggcaactgaccttt			CASSLGYEQYF	tgcgccagcagcttgggctacgagcagtacttc	1	0	1	1	1
clonotype4860	UNK_S	1	TRAV38-2/DV8*01	TRAJ42*01	TRAV38-1*01	TRAJ39*01	TRBV6-5*01	TRBJ2-3*01	CAYRSAWRSQGNLIF	tgtgcttataggagcgcgtggagaagccaaggaaatctcatcttt	CAFMKPSNAGNMLTF	tgtgctttcatgaagccgagtaatgcaggcaacatgctcaccttt	CASSYSASGRTDTQYF	tgtgccagcagttactctgctagcggacgcacagatacgcagtatttt	2	1	2	2	1
clonotype4861	UNK_S	1	TRAV14/DV4*01	TRAJ18*01			TRBV6-5*01	TRBJ1-1*01	CAMREAGSTLGRLYF	tgtgcaatgagagaggccggctcaaccctggggaggctatacttt			CASSYRAVGVVAEAFF	tgtgccagcagttatagggcggtgggggtggtggctgaagctttcttt	1	0	1	1	1
clonotype4862	UNK_S	1	TRAV8-4*01	TRAJ18*01			TRBV6-1*01	TRBJ1-4*01	CAVSEYHRGSTLGRLYF	tgtgctgtgagtgaatatcacagaggctcaaccctggggaggctatacttt			CASSETGTATNEKLFF	tgtgccagcagtgaaacaggcactgcaactaatgaaaaactgtttttt	1	0	1	1	1
clonotype4863	UNK_S	1	TRAV14/DV4*01	TRAJ40*01			TRBV6-2*01	TRBJ2-2*01	CAMRLRGSGTYKYIF	tgtgcaatgagactccgcggctcaggaacctacaaatacatcttt			CASSLSLAVYTGELFF	tgtgccagcagtctaagcctagcggtgtacaccggggagctgtttttt	1	0	1	1	1
clonotype4864	UNK_S	1	TRAV14/DV4*01	TRAJ40*01			TRBV18*01	TRBJ1-2*01	CAMREVTSGTYKYIF	tgtgcaatgagagaggttacctcaggaacctacaaatacatcttt			CASSPGGQGNYGYTF	tgtgccagctcacctgggggccagggcaactatggctacaccttc	1	0	1	1	1
clonotype4865	UNK_S	1	TRAV19*01	TRAJ36*01			TRBV12-4*01	TRBJ1-4*01	CALSAPSTGANNLFF	tgtgctctgagtgccccttctactggggcaaacaacctcttcttt			CASSLRTGPNEKLFF	tgtgccagcagtttacggacaggccctaatgaaaaactgtttttt	1	0	1	1	1
clonotype4866	UNK_S	1	TRAV9-2*01	TRAJ53*01			TRBV12-3*01	TRBJ2-7*01	CALAGIENSGGSNYKLTF	tgtgctctggcggggatagagaatagtggaggtagcaactataaactgacattt			CASSLIGTLIDEQYF	tgtgccagcagtttaatcgggactctgatagacgagcagtacttc	1	0	1	1	1
clonotype4867	UNK_S	1	TRAV3*01	TRAJ10*01			TRBV2*01	TRBJ1-6*01	CAVRDRVLTGGGNKLTF	tgtgctgtgagagacagggtactcacgggaggaggaaacaaactcaccttt			CASSEAGTANSPLHF	tgtgccagcagtgaagcagggaccgcaaattcacccctccacttt	1	0	1	1	1
clonotype4868	UNK_S	1	TRAV38-1*01	TRAJ44*01			TRBV2*01	TRBJ1-6*01	CALGANTGTASKLTF	tgtgctttgggggctaataccggcactgccagtaaactcaccttt			CASSEVRGGASPLHF	tgtgccagcagtgaagtgcgggggggcgcttcacccctccacttt	1	0	1	1	1
clonotype4869	UNK_S	1	TRAV19*01	TRAJ37*01			TRBV24-1*01	TRBJ2-3*01	CALSYGSSNTGKLIF	tgtgctctgagttatggctctagcaacacaggcaaactaatcttt			CATSDRRDTYTDTQYF	tgtgccaccagtgatcgccgggacacttacacagatacgcagtatttt	1	0	1	1	1
clonotype487	UNK_S	1	TRAV12-1*01	TRAJ41*01			TRBV30*01	TRBJ1-5*01	CVVNEVVNSNSGYALNF	tgtgtggtgaatgaggttgtgaactcaaattccgggtatgcactcaacttc			CAWTAGLNQPQHF	tgtgcctggacagcaggcctcaatcagccccagcatttt	1	0	1	1	1
clonotype4870	UNK_S	1	TRAV21*01	TRAJ52*01			TRBV24-1*01	TRBJ1-5*01	CAVIPLNAGGTSYGKLTF	tgtgctgttatccccctgaacgctggtggtactagctatggaaagctgacattt			CATSDSGLFRNQPQHF	tgtgccaccagtgattccggactttttcgcaatcagccccagcatttt	1	0	1	1	1
clonotype4871	UNK_S	1	TRAV23/DV6*01	TRAJ48*01	TRAV8-4*01	TRAJ52*01	TRBV28*01	TRBJ1-1*01	CAAVSNFGNEKLTF	tgtgcagccgtatctaactttggaaatgagaaattaaccttt	CAVRKGAGGTSYGKLTF	tgtgctgtgagaaagggggctggtggtactagctatggaaagctgacattt	CASSLATGVMNTEAFF	tgtgccagcagtttagcaacaggagttatgaacactgaagctttcttt	2	1	2	2	1
clonotype4872	UNK_S	1	TRAV23/DV6*01	TRAJ29*01			TRBV7-9*01	TRBJ2-1*01	CAASPSLVF	tgtgcagcaagcccctctcttgtcttt			CASSPRGGRDNEQFF	tgtgccagcagcccacggggggggcgggacaatgagcagttcttc	1	0	1	1	1
clonotype4873	UNK_S	1	TRAV19*01	TRAJ50*01			TRBV7-9*01	TRBJ2-7*01	CALSEGETSYDKVIF	tgtgctctgagtgagggagaaacctcctacgacaaggtgatattt			CASLPPRTGKDEQYF	tgtgccagcctgcctcctcggacagggaaagacgagcagtacttc	1	0	1	1	1
clonotype4874	UNK_S	1	TRAV14/DV4*01	TRAJ7*01			TRBV7-9*01	TRBJ1-1*01	CAMREGRYGNNRLAF	tgtgcaatgagagagggccgatatgggaacaacagactcgctttt			CASFSSGGVRTEAFF	tgtgccagcttttcctctggaggggttcggactgaagctttcttt	1	0	1	1	1
clonotype4875	UNK_S	1	TRAV8-4*01	TRAJ42*01			TRBV7-3*01	TRBJ2-3*01	CAVSAQNYGGSQGNLIF	tgtgctgtgagtgcccagaattatggaggaagccaaggaaatctcatcttt			CASSHIGGGTDTQYF	tgtgccagcagccacatcggcggaggcacagatacgcagtatttt	1	0	1	1	1
clonotype4876	UNK_S	1	TRAV38-2/DV8*01	TRAJ44*01	TRAV8-2*01	TRAJ42*01	TRBV7-3*01	TRBJ2-3*01	CAYRGGTGTASKLTF	tgtgcttatagggggggtaccggcactgccagtaaactcaccttt	CVVSDCMNYGGSQGNLIF	tgtgttgtgagtgattgcatgaattatggaggaagccaaggaaatctcatcttt	CASSPGLESTDTQYF	tgtgccagcagccccggactagaaagcacagatacgcagtatttt	2	1	2	2	1
clonotype4877	UNK_S	1	TRAV19*01	TRAJ6*01			TRBV7-3*01	TRBJ1-6*01	CALSEGPGGSYIPTF	tgtgctctgagtgaggggccaggaggaagctacatacctacattt			CASSLGTGGNSPLHF	tgtgccagcagcttagggacagggggtaattcacccctccacttt	1	0	1	1	1
clonotype4878	UNK_S	1	TRAV38-1*01	TRAJ28*01	TRAV29/DV5*01	TRAJ29*01	TRBV11-2*01	TRBJ2-7*01	CAFMKRAGSGAGSYQLTF	tgtgctttcatgaagcgggcgggatctggggctgggagttaccaactcactttc	CAASGNTPLVF	tgtgcagcttcaggaaacacacctcttgtcttt	CASSSPGQPSYEQYF	tgtgccagcagcagcccgggacagccctcctacgagcagtacttc	2	1	2	2	1
clonotype4880	UNK_S	1	TRAV19*01	TRAJ10*01			TRBV11-2*01	TRBJ2-2*01	CALLILTGGGNKLTF	tgtgctctgctaatactcacgggaggaggaaacaaactcaccttt			CASSLDRTATGELFF	tgtgccagcagcttagatcgaactgccaccggggagctgtttttt	1	0	1	1	1
clonotype4881	UNK_S	1	TRAV38-1*01	TRAJ28*01			TRBV11-2*01	TRBJ2-7*01	CAFQGSGAGSYQLTF	tgtgcttttcaggggtctggggctgggagttaccaactcactttc			CASSLYPGLSYEQYF	tgtgccagcagcttatatccgggtctctcctacgagcagtacttc	1	0	1	1	1
clonotype4882	UNK_S	1	TRAV19*01	TRAJ5*01			TRBV7-8*01	TRBJ1-5*01	CALSEADTGRRALTF	tgtgctctgagtgaggcggacacgggcaggagagcacttactttt			CASSLRQGPSEPQHF	tgtgccagcagcttaagacaggggccctcggagccccagcatttt	1	0	1	1	1
clonotype4883	UNK_S	1	TRAV19*01	TRAJ17*01			TRBV7-2*01	TRBJ1-4*01	CALTMIKAAGNKLTF	tgtgctctgaccatgatcaaagctgcaggcaacaagctaactttt			CASSPDGRPNEKLFF	tgtgccagcagtccggacgggagacccaatgaaaaactgtttttt	1	0	1	1	1
clonotype4884	UNK_S	1	TRAV19*01	TRAJ8*01			TRBV27*01	TRBJ1-6*01	CALSGGNTGFQKLVF	tgtgctctgagtggagggaacacaggctttcagaaacttgtattt			CASRAGQGTFNSPLHF	tgtgccagcagagcgggacaggggacgtttaattcacccctccacttt	1	0	1	1	1
clonotype4885	UNK_S	1	TRAV19*01	TRAJ44*01	TRAV14/DV4*01	TRAJ35*01	TRBV27*01	TRBJ1-6*01	CALSEVTGTASKLTF	tgtgctctgagtgaggttaccggcactgccagtaaactcaccttt	CAMREGMGFGNVLHC	tgtgcaatgagagagggcatgggctttgggaatgtgctgcattgc	CASSLTAGSYNSPLHF	tgtgccagcagtttaacggctggctcctataattcacccctccacttt	2	1	2	2	1
clonotype4886	UNK_S	1	TRAV13-2*01	TRAJ52*01			TRBV27*01	TRBJ2-5*01	CAENIGAGGTSYGKLTF	tgtgcagagaatataggtgctggtggtactagctatggaaagctgacattt			CASSLRSAGTQETQYF	tgtgccagcagtttgaggtctgctggaacgcaagagacccagtacttc	1	0	1	1	1
clonotype4887	UNK_S	1	TRAV8-6*01	TRAJ32*01			TRBV27*01	TRBJ1-6*01	CAVSDHNYGGATNKLIF	tgtgctgtgagtgaccataattatggtggtgctacaaacaagctcatcttt			CASSLGPSSYNSPLHF	tgtgccagcagtttggggccgagctcctataattcacccctccacttt	1	0	1	1	1
clonotype4888	UNK_S	1	TRAV8-6*01	TRAJ10*01			TRBV5-6*01	TRBJ2-1*01	CAVSDRMITGGGNKLTF	tgtgctgtgagtgatcggatgatcacgggaggaggaaacaaactcaccttt			CASSKRGSGNHNEQFF	tgtgccagcagcaagcggggttcggggaaccacaatgagcagttcttc	1	0	1	1	1
clonotype4889	UNK_S	1	TRAV38-2/DV8*01	TRAJ39*01			TRBV5-5*01	TRBJ1-6*01	CAYRRKGDAGNMLTF	tgtgcttataggagaaaaggtgatgcaggcaacatgctcaccttt			CASSLYGQWDNSPLHF	tgtgccagcagcttgtacggacagtgggataattcacccctccacttt	1	0	1	1	1
clonotype489	UNK_S	1	TRAV9-2*01	TRAJ38*01			TRBV30*01	TRBJ2-7*01	CALSDRKGAGNNRKLIW	tgtgctctgagtgatcgaaagggtgctggcaacaaccgtaagctgatttgg			CAWGAGGLNEQYF	tgtgcctggggagcgggaggtctcaacgagcagtacttc	1	0	1	1	1
clonotype4890	UNK_S	1	TRAV19*01	TRAJ20*01			TRBV5-1*01	TRBJ2-1*01	CALSGSFRDDYKLSF	tgtgctctgagtggatcttttagggacgactacaagctcagcttt			CASSQDSPSSYNEQFF	tgcgccagcagccaggactccccgagctcctacaatgagcagttcttc	1	0	1	1	1
clonotype4891	UNK_S	1	TRAV14/DV4*01	TRAJ13*01			TRBV5-1*01	TRBJ2-7*01	CAMREGPTSEQKVTF	tgtgcaatgagagaggggcctacctcagaacagaaagttaccttt			CASSSGLAGDHYEQYV	tgcgccagcagctcaggactagcgggagaccactacgagcagtacgtc	1	0	1	1	1
clonotype4892	UNK_S	1	TRAV38-2/DV8*01	TRAJ30*01			TRBV5-1*01	TRBJ2-1*01	CAYRSAGNRDDKIIF	tgtgcttataggagcgcggggaacagagatgacaagatcatcttt			CASSSFPGLAYNEQFF	tgcgccagcagctccttcccgggactggcatacaatgagcagttcttc	1	0	1	1	1
clonotype4893	UNK_S	1	TRAV29/DV5*01	TRAJ9*01	TRAV19*01	TRAJ37*01	TRBV5-1*01	TRBJ2-7*01	CAASASTGGFKTIF	tgtgcagcaagcgcgagtactggaggcttcaaaactatcttt	CALRGGSSNTGKLIF	tgtgctctgaggggtggctctagcaacacaggcaaactaatcttt	CASSLALTRGGYEQYF	tgcgccagcagcttggcccttacaagggggggctacgagcagtacttc	2	1	2	2	1
clonotype4894	UNK_S	1	TRAV8-4*01	TRAJ48*01			TRBV3-1*01	TRBJ2-7*01	CAVSDLTSNFGNEKLTF	tgtgctgtgagtgatctaacatctaactttggaaatgagaaattaaccttt			CASSQDWSGGGYEQYF	tgtgccagcagccaagattggagcggagggggctacgagcagtacttc	1	0	1	1	1
clonotype4895	UNK_S	1	TRAV14/DV4*01	TRAJ10*01			TRBV3-1*01	TRBJ2-4*01	CAMRGYTGGGNKLTF	tgtgcaatgagagggtacacgggaggaggaaacaaactcaccttt			CASSLGTGGGKNIQYF	tgtgccagcagcctcgggacaggggggggtaaaaacattcagtacttc	1	0	1	1	1
clonotype4896	UNK_S	1	TRAV29/DV5*01	TRAJ43*01			TRBV4-1*01	TRBJ2-7*01	CAASAQGDMRF	tgtgcagcaagcgcgcagggtgacatgcgcttt			CASSRAPGQGIHEQYF	tgcgccagcagccgagccccgggacaggggatccacgagcagtacttc	1	0	1	1	1
clonotype4897	UNK_S	1	TRAV14/DV4*01	TRAJ41*01			TRBV9*01	TRBJ2-5*01	CAMRAYSNSGYALNF	tgtgcaatgagagcatactcaaattccgggtatgcactcaacttc			CASSPGTSGYQETQYF	tgtgccagcagccccgggactagcggttaccaagagacccagtacttc	1	0	1	1	1
clonotype4898	UNK_S	1	TRAV19*01	TRAJ54*01			TRBV9*01	TRBJ2-2*01	CALSELFQGAQKLVF	tgtgctctgagtgagctttttcagggagcccagaagctggtattt			CASSVGVGPPSGELFF	tgtgccagcagcgtaggtgttggacccccgagcggggagctgtttttt	1	0	1	1	1
clonotype4899	UNK_S	1	TRAV14/DV4*01	TRAJ5*01			TRBV14*01	TRBJ1-3*01	CAMRDPDTGRRALTF	tgtgcaatgagagatccggacacgggcaggagagcacttactttt			CASSHPSLSGNTIYF	tgtgccagcagccacccgtccctctctggaaacaccatatatttt	1	0	1	1	1
clonotype49	UNK_S	2	TRAV17*01	TRAJ15*01			TRBV6-2*01	TRBJ2-2*01	CATGRNQAGTALIF	tgtgctacgggtagaaaccaggcaggaactgctctgatcttt			CASTVFNTGELFF	tgtgccagcacggtctttaacaccggggagctgtttttt	2	0	2	1	1
clonotype490	UNK_S	1	TRAV14/DV4*01	TRAJ5*01			TRBV29-1*01	TRBJ2-3*01	CAMREVTGRRALTF	tgtgcaatgagagaggtcacgggcaggagagcacttactttt			CSVQQVPTDTQYF	tgcagcgtccaacaggtccccacagatacgcagtatttt	1	0	1	1	1
clonotype4900	UNK_S	1	TRAV19*01	TRAJ44*01			TRBV19*01	TRBJ1-5*01	CALSEAGTGTASKLTF	tgtgctctgagtgaggccggtaccggcactgccagtaaactcaccttt			CASSIRGGTGNQPQHF	tgtgccagtagtattcggggggggacgggcaatcagccccagcatttt	1	0	1	1	1
clonotype4901	UNK_S	1	TRAV14/DV4*01	TRAJ13*01			TRBV6-1*01	TRBJ1-5*01	CAMREGSSGGYQKVTF	tgtgcaatgagagaggggtcttctgggggttaccagaaagttaccttt			CASSELRGTSNQPQHF	tgtgccagcagtgaattgaggggcacgagcaatcagccccagcatttt	1	0	1	1	1
clonotype4902	UNK_S	1	TRAV38-2/DV8*01	TRAJ9*01			TRBV6-2*01	TRBJ1-1*01	CAYRSARGTGGFKTIF	tgtgcttataggagcgcgagaggtactggaggcttcaaaactatcttt			CASSYSVFLTNTEAFF	tgtgccagcagttactcagttttccttacgaacactgaagctttcttt	1	0	1	1	1
clonotype4903	UNK_S	1	TRAV12-3*01	TRAJ28*01			TRBV6-2*01	TRBJ2-3*01	CAMSARNSGAGSYQLTF	tgtgcaatgagcgcgaggaactctggggctgggagttaccaactcactttc			CATKIVTSGSGDTQYF	tgtgccaccaagattgtgactagcgggagtggagatacgcagtatttt	1	0	1	1	1
clonotype4904	UNK_S	1	TRAV19*01	TRAJ23*01			TRBV6-2*01	TRBJ2-5*01	CALSEGFYNQGGKLIF	tgtgctctgagtgagggtttttataaccagggaggaaagcttatcttc			CASSPLGERDGETQYF	tgtgccagcagtccccttggagagcgggatggggagacccagtacttc	1	0	1	1	1
clonotype4905	UNK_S	1	TRAV14/DV4*01	TRAJ9*01			TRBV18*01	TRBJ1-1*01	CAMREGPGTGGFKTIF	tgtgcaatgagagagggccctgggactggaggcttcaaaactatcttt			CASSPPGRRNTEAFF	tgtgccagctcacccccgggacggaggaacactgaagctttcttt	1	0	1	1	1
clonotype4906	UNK_S	1	TRAV29/DV5*01	TRAJ27*01	TRAV29/DV5*01	TRAJ44*01	TRBV12-3*01	TRBJ2-3*01	CAAHTNAGKSTF	tgtgcagcccacaccaatgcaggcaaatcaaccttt	CAAMWPASKLTF	tgtgcagcaatgtggcctgccagtaaactcaccttt	CASSLGGNPTDTQYF	tgtgccagcagtttaggaggtaatcccacagatacgcagtatttt	2	1	2	2	1
clonotype4907	UNK_S	1	TRAV38-1*01	TRAJ45*01			TRBV2*01	TRBJ2-5*01	CAFMKHQIRGADGLTF	tgtgctttcatgaagcatcagataagaggtgctgacggactcaccttt			CASALPGGREETQYF	tgtgccagcgctttgcctggcgggagggaagagacccagtacttc	1	0	1	1	1
clonotype4908	UNK_S	1	TRAV13-1*01	TRAJ52*01			TRBV24-1*01	TRBJ2-2*01	CAATVQGNAGGTSYGKLTF	tgtgcagcaacggtgcagggcaatgctggtggtactagctatggaaagctgacattt			CATRGGGTLSTGELFF	tgtgccaccagggggggcggaactcttagtaccggggagctgtttttt	1	0	1	1	1
clonotype4909	UNK_S	1	TRAV38-1*01	TRAJ57*01	TRAV38-1*01	TRAJ35*01	TRBV24-1*01	TRBJ2-5*01	CASAAITQGGSEKLVF	tgtgcttccgccgctataactcagggcggatctgaaaagctggtcttt	CAFMKHSRLLRNVLHC	tgtgctttcatgaagcacagtcggctgctaaggaatgtgctgcattgc	CATSAPTLAGLETQYF	tgtgccaccagtgcccctacgctagcgggattagagacccagtacttc	2	1	2	2	1
clonotype491	UNK_S	1	TRAV20*01	TRAJ52*01			TRBV20-1*01	TRBJ2-6*01	CAVQARTGGTSYGKLTF	tgtgctgtgcaggcgaggactggtggtactagctatggaaagctgacattt			CSARGAGANVLTF	tgcagtgctagaggggctggggccaacgtcctgactttc	1	0	1	1	1
clonotype4910	UNK_S	1	TRAV14/DV4*01	TRAJ39*01			TRBV7-9*01	TRBJ1-6*01	CAMREGFGNAGNMLTF	tgtgcaatgagagagggcttcgggaatgcaggcaacatgctcaccttt			CASSLASSYNSPLHF	tgtgccagcagcttggctagctcctataattcacccctccacttt	1	0	1	1	1
clonotype4911	UNK_S	1	TRAV38-1*01	TRAJ28*01			TRBV7-9*01	TRBJ2-5*01	CAFASYSGAGSYQLTF	tgtgctttcgcttcatactctggggctgggagttaccaactcactttc			CASSPRLAPKETQYF	tgtgccagcagcccaagactagcccccaaagagacccagtacttc	1	0	1	1	1
clonotype4912	UNK_S	1	TRAV14/DV4*01	TRAJ48*01			TRBV7-3*01	TRBJ2-2*01	CAMREVTNFGNEKLTF	tgtgcaatgagagaagtaactaactttggaaatgagaaattaaccttt			CASSLQGANTGELFF	tgtgccagcagcttacaaggtgcgaacaccggggagctgtttttt	1	0	1	1	1
clonotype4913	UNK_S	1	TRAV38-2/DV8*01	TRAJ49*01			TRBV7-6*01	TRBJ2-7*01	CAYRSRFTNTGNQFYF	tgtgcttataggagtagatttacgaacaccggtaaccagttctatttt			CASSQTGLANYEQYF	tgtgccagcagccagacgggactagcgaattacgagcagtacttc	1	0	1	1	1
clonotype4914	UNK_S	1	TRAV38-2/DV8*01	TRAJ17*01			TRBV7-6*01	TRBJ2-2*01	CAYRSAVGAAGNKLTF	tgtgcttataggagcgcagtaggtgctgcaggcaacaagctaactttt			CASSLLAGLVGELFF	tgtgccagcagcttactagcgggattagtcggggagctgtttttt	1	0	1	1	1
clonotype4915	UNK_S	1	TRAV14/DV4*01	TRAJ11*01			TRBV27*01	TRBJ1-1*01	CAMRDPLNSGYSTLTF	tgtgcaatgagagatccgttgaattcaggatacagcaccctcaccttt			CASSLRPGSPNTEAFF	tgtgccagcagtttacggcccgggtctccgaacactgaagctttcttt	1	0	1	1	1
clonotype4916	UNK_S	1	TRAV3*01	TRAJ42*01			TRBV5-4*01	TRBJ2-1*01	CAVSPLMNYGGSQGNLIF	tgtgctgtgagccctctcatgaattatggaggaagccaaggaaatctcatcttt			CASSPARSRSYNEQFF	tgtgccagcagccccgcccgttcacgctcctacaatgagcagttcttc	1	0	1	1	1
clonotype4917	UNK_S	1	TRAV29/DV5*01	TRAJ44*01			TRBV5-1*01	TRBJ1-3*01	CAATGTASKLTF	tgtgcagcaaccggcactgccagtaaactcaccttt			CASSLAGKSSGNTIYF	tgcgccagcagcttggctgggaaaagctctggaaacaccatatatttt	1	0	1	1	1
clonotype4918	UNK_S	1	TRAV14/DV4*01	TRAJ28*01			TRBV3-1*01	TRBJ1-5*01	CAMRVSSGAGSYQLTF	tgtgcaatgagagttagttctggggctgggagttaccaactcactttc			CASSQDTGRIGQPQHF	tgtgccagcagccaagacacagggaggatcggtcagccccagcatttt	1	0	1	1	1
clonotype4919	UNK_S	1	TRAV14/DV4*01	TRAJ50*01			TRBV4-1*01	TRBJ2-2*01	CAMREGGRTSYDKVIF	tgtgcaatgagagagggagggagaacctcctacgacaaggtgatattt			CASSPREQGMTGELFF	tgcgccagcagcccgcgggaacagggaatgaccggggagctgtttttt	1	0	1	1	1
clonotype492	UNK_S	1	TRAV19*01	TRAJ4*01			TRBV20-1*01	TRBJ2-7*01	CALTSYGGYNKLIF	tgtgctctgaccagctatggtggctacaataagctgattttt			CSARETLAAEQYF	tgcagtgctagagaaaccctagcggccgagcagtacttc	1	0	1	1	1
clonotype4920	UNK_S	1	TRAV14/DV4*01	TRAJ48*01			TRBV4-2*01	TRBJ2-5*01	CAMREPTNFGNEKLTF	tgtgcaatgagagagcccactaactttggaaatgagaaattaaccttt			CASSQGAQGLQETQYF	tgtgccagcagccaaggagcgcagggcttacaagagacccagtacttc	1	0	1	1	1
clonotype4921	UNK_S	1	TRAV38-2/DV8*01	TRAJ9*01			TRBV4-3*01	TRBJ1-2*01	CAYRSNLNTGGFKTIF	tgtgcttataggagcaacttaaatactggaggcttcaaaactatcttt			CASSHPTTGPFYGYTF	tgcgccagcagccaccccacgacagggccattctatggctacaccttc	1	0	1	1	1
clonotype4922	UNK_S	1	TRAV29/DV5*01	TRAJ41*01			TRBV25-1*01	TRBJ2-5*01	CAALSNSGYALNF	tgtgcagcactctcaaattccgggtatgcactcaacttc			CASSLSRGLVGETQYF	tgtgccagcagcctctcccgcggactagtcggggagacccagtacttc	1	0	1	1	1
clonotype4923	UNK_S	1	TRAV29/DV5*01	TRAJ37*01			TRBV19*01	TRBJ2-1*01	CAASLYNTGKLIF	tgtgcagcaagcctttacaacacaggcaaactaatcttt			CASRMGLAGGGNEQFF	tgtgccagtagaatgggactagcgggaggcggcaatgagcagttcttc	1	0	1	1	1
clonotype4924	UNK_S	1	TRAV38-1*01	TRAJ52*01			TRBV19*01	TRBJ1-5*01	CAFSSSAGGTSYGKLTF	tgtgctttcagttcgagtgctggtggtactagctatggaaagctgacattt			CASSPPGQFRVQPQHF	tgtgccagtagcccccccggacagtttagagttcagccccagcatttt	1	0	1	1	1
clonotype4925	UNK_S	1	TRAV14/DV4*01	TRAJ49*01			TRBV19*01	TRBJ2-4*01	CAMREGPASNTGNQFYF	tgtgcaatgagagagggaccagcctcgaacaccggtaaccagttctatttt			CASSPLAGKAKNIQYF	tgtgccagtagtcctctagcgggaaaagccaaaaacattcagtacttc	1	0	1	1	1
clonotype4926	UNK_S	1	TRAV29/DV5*01	TRAJ48*01			TRBV6-6*01	TRBJ2-3*01	CAASDFGNEKLTF	tgtgcagcaagcgactttggaaatgagaaattaaccttt			CASTTGLPYSTDTQYF	tgtgccagcaccacgggactgccttattccacagatacgcagtatttt	1	0	1	1	1
clonotype4927	UNK_S	1	TRAV29/DV5*01	TRAJ42*01	TRAV29/DV5*01	TRAJ54*01	TRBV6-1*01	TRBJ2-7*01	CAASPTYGGSQGNLIF	tgtgcagcaagcccgacatatggaggaagccaaggaaatctcatcttt	CAATSVGAQKLVF	tgtgcagcaacatcggtgggagcccagaagctggtattt	CASSERVSSGSGAQYV	tgtgccagcagtgagcgcgtgtctagcgggagcggggcgcagtacgtc	2	1	2	2	1
clonotype4928	UNK_S	1	TRAV14/DV4*01	TRAJ4*01			TRBV30*01	TRBJ2-5*01	CAMREALFSGGYNKLIF	tgtgcaatgagagaggctttgttttctggtggctacaataagctgattttt			CAWSWSRTSGSLAETQYF	tgtgcctggagttggtcccggactagcgggagtttggcggagacccagtacttc	1	0	1	1	1
clonotype493	UNK_S	1	TRAV38-2/DV8*01	TRAJ42*01			TRBV20-1*01	TRBJ2-4*01	CAYNYGGSQGNLIF	tgtgcctataattatggaggaagccaaggaaatctcatcttt			CSASVGMGHIQYF	tgcagtgctagtgtagggatggggcacattcagtacttc	1	0	1	1	1
clonotype4930	UNK_S	1	TRAV29/DV5*01	TRAJ34*01			TRBV28*01	TRBJ2-1*01	CAASEYNTDKLIF	tgtgcagcaagcgagtataacaccgacaagctcatcttt			CASSPVAGTGWNEQFF	tgtgccagcagtcccgtcgccgggacagggtggaatgagcagttcttc	1	0	1	1	1
clonotype4931	UNK_S	1	TRAV29/DV5*01	TRAJ35*01			TRBV28*01	TRBJ1-2*01	CAARGGFGNVLHC	tgtgcagcaaggggaggctttgggaatgtgctgcattgc			CASSSGRGRANYGYTF	tgtgccagcagttcgggtcggggacgagctaactatggctacaccttc	1	0	1	1	1
clonotype4932	UNK_S	1	TRAV29/DV5*01	TRAJ46*01			TRBV28*01	TRBJ2-1*01	CAARKSSGDKLTF	tgtgcagcaaggaaaagcagcggagacaagctgactttt			CASSSFLAGVYNEQFF	tgtgccagcagttcttttttagcgggagtctacaatgagcagttcttc	1	0	1	1	1
clonotype4933	UNK_S	1	TRAV29/DV5*01	TRAJ49*01			TRBV5-8*01	TRBJ2-1*01	CAASGGTGNQFYF	tgtgcagcaagcgggggcaccggtaaccagttctatttt			CATTRIGVEVFHEQFF	tgtgccaccacccgaattggtgttgaggtcttccatgagcagttcttc	1	0	1	1	1
clonotype4934	UNK_S	1	TRAV29/DV5*01	TRAJ39*01			TRBV5-8*01	TRBJ2-5*01	CAASARAGNMLTF	tgtgcagcaagcgcgcgcgcaggcaacatgctcaccttt			CASSSPRGGWEETQYF	tgtgccagcagctcaccccgcgggggctgggaagagacccagtacttc	1	0	1	1	1
clonotype4935	UNK_S	1	TRAV29/DV5*01	TRAJ54*01			TRBV7-9*01	TRBJ1-4*01	CAASAQGAQKLVF	tgtgcagcaagtgcacagggagcccagaagctggtattt			CASSLAGGGVEKLFF	tgtgccagcagcttagcgggagggggcgttgaaaaactgtttttt	1	0	1	1	1
clonotype4936	UNK_S	1	TRAV29/DV5*01	TRAJ58*01			TRBV7-9*01	TRBJ2-1*01	CAASETSGSRLTF	tgtgcagcaagcgaaaccagtggctctaggttgaccttt			CASSSGGGRRPPQFF	tgtgccagcagctccggagggggacgtcgtccccctcagttcttc	1	0	1	1	1
clonotype4937	UNK_S	1	TRAV29/DV5*01	TRAJ37*01			TRBV7-2*01	TRBJ2-5*01	CAAKGSNTGKLIF	tgtgcagccaaggggagcaacacaggcaaactaatcttt			CASTKPARQGWTQYF	tgtgccagcaccaaaccggcccgacaggggtggacccagtacttc	1	0	1	1	1
clonotype4938	UNK_S	1	TRAV14/DV4*01	TRAJ44*01			TRBV7-2*01	TRBJ1-6*01	CAMREGGNTGTASKLTF	tgtgcaatgagagaggggggaaataccggcactgccagtaaactcaccttt			CASSPAGPLGSPLHF	tgtgccagcagtccagcggggccattgggttcacccctccacttt	1	0	1	1	1
clonotype4939	UNK_S	1	TRAV3*01	TRAJ42*01			TRBV7-6*01	TRBJ1-5*01	CAVRDMQSNYGGSQGNLIF	tgtgctgtgagagacatgcagtcaaattatggaggaagccaaggaaatctcatcttt			CASSLGRGRNQPQHF	tgtgccagcagcttaggcagggggcgcaatcagccccagcatttt	1	0	1	1	1
clonotype4940	UNK_S	1	TRAV38-2/DV8*01	TRAJ40*01			TRBV27*01	TRBJ2-5*01	CAYRTAFTTSGTYKYIF	tgtgcttataggaccgcttttactacctcaggaacctacaaatacatcttt			CASSPRLAGGGLTQYF	tgtgccagcagtccgagactagcgggagggggactaacccagtacttc	1	0	1	1	1
clonotype4941	UNK_S	1	TRAV14/DV4*01	TRAJ13*01			TRBV27*01	TRBJ1-5*01	CAMRDPTNSGGYQKVTF	tgtgcaatgagagatcctacgaattctgggggttaccagaaagttaccttt			CASSETGAFSNQPQHF	tgtgccagcagtgagacaggggccttcagcaatcagccccagcatttt	1	0	1	1	1
clonotype4942	UNK_S	1	TRAV38-1*01	TRAJ37*01			TRBV27*01	TRBJ2-7*01	CAFEFVHGSSNTGKLIF	tgtgctttcgaatttgtacatggctctagcaacacaggcaaactaatcttt			CASSLSSWDSNREQYF	tgtgccagcagtttatcctcttgggacagtaaccgcgagcagtacttc	1	0	1	1	1
clonotype4943	UNK_S	1	TRAV38-2/DV8*01	TRAJ49*01			TRBV27*01	TRBJ1-6*01	CAYRSEPKLNTGNQFYF	tgtgcttataggagcgaacccaaattgaacaccggtaaccagttctatttt			CASSFLGRGRNSPLHF	tgtgccagcagtttcctcggcaggggacgtaattcacccctccacttt	1	0	1	1	1
clonotype4944	UNK_S	1	TRAV29/DV5*01	TRAJ45*01	TRAV8-3*01	TRAJ52*01	TRBV5-1*01	TRBJ1-4*01	CAASESGGGADGLTF	tgtgcagcaagcgaatcaggaggaggtgctgacggactcaccttt	CAVHMTSNAGGTSYGKLTF	tgtgctgtccacatgacttctaatgctggtggtactagctatggaaagctgacattt	CASSLRPRDNNEKLFF	tgcgccagcagcttgagaccccgcgataataatgaaaaactgtttttt	2	1	2	2	1
clonotype4945	UNK_S	1	TRAV29/DV5*01	TRAJ40*01			TRBV5-1*01	TRBJ2-3*01	CAATISGTYKYIF	tgtgcagcaaccatctcaggaacctacaaatacatcttt			CASSLEGRSSRSGQYF	tgcgccagcagcttggaaggcaggtcctcccggtcggggcagtatttt	1	0	1	1	1
clonotype4946	UNK_S	1	TRAV29/DV5*01	TRAJ38*01			TRBV4-3*01	TRBJ2-3*01	CAGEAGNNRKLIW	tgtgcgggggaagctggcaacaaccgtaagctgatttgg			CASSQTDRGRWDTQYF	tgcgccagcagccaaacggacagggggagatgggatacgcagtatttt	1	0	1	1	1
clonotype4947	UNK_S	1	TRAV19*01	TRAJ13*01			TRBV14*01	TRBJ1-1*01	CALSEALRAGGYQKVTF	tgtgctctgagtgaggcgctccgtgctgggggttaccagaaagttaccttt			CASSQDTPWIAEAFF	tgtgccagcagccaagacactccctggatcgctgaagctttcttt	1	0	1	1	1
clonotype4948	UNK_S	1	TRAV29/DV5*01	TRAJ58*01			TRBV19*01	TRBJ1-6*01	CAADGETSGSRLTF	tgtgcagcagatggagaaaccagtggctctaggttgaccttt			CASSRTGGSYNSPLHF	tgtgccagtagtcggacagggggctcctataattcacccctccacttt	1	0	1	1	1
clonotype4949	UNK_S	1	TRAV29/DV5*01	TRAJ54*01			TRBV6-5*01	TRBJ1-2*01	CAASGLQGAQKLVF	tgtgcagcaagcgggctccagggagcccagaagctggtattt			CASRKVGDRGSYGYTF	tgtgccagcaggaaggtcggggacagggggtcctatggctacaccttc	1	0	1	1	1
clonotype495	UNK_S	1	TRAV3*01	TRAJ18*01			TRBV28*01	TRBJ2-5*01	CAVRGDRGSTLGRLYF	tgtgctgtgagaggtgacagaggctcaaccctggggaggctatacttt			CASSRAGPQDF	tgtgccagcagccgagcggggccccaggacttc	1	0	1	1	1
clonotype4950	UNK_S	1	TRAV29/DV5*01	TRAJ23*01			TRBV6-5*01	TRBJ1-1*01	CAASRYNQGGKLIF	tgtgcagcctcacgctataaccagggaggaaagcttatcttc			CASSYSMGGLPREAFF	tgtgccagcagttactcgatgggcggactcccacgtgaagctttcttt	1	0	1	1	1
clonotype4951	UNK_S	1	TRAV29/DV5*01	TRAJ9*01			TRBV6-1*01	TRBJ2-3*01	CAASVSTGGFKTIF	tgtgcagcaagcgtgagtactggaggcttcaaaactatcttt			CASSEFRGRAVDTQYF	tgtgccagcagtgagttccgggggagggccgtggatacgcagtatttt	1	0	1	1	1
clonotype4952	UNK_S	1	TRAV29/DV5*01	TRAJ48*01			TRBV18*01	TRBJ1-2*01	CAARTNFGNEKLTF	tgtgcagcaaggactaactttggaaatgagaaattaaccttt			CASSISGPRRDGYTF	tgtgccagctcaatatccggcccccgaagggatggctacaccttc	1	0	1	1	1
clonotype4953	UNK_S	1	TRAV29/DV5*01	TRAJ36*01			TRBV18*01	TRBJ1-2*01	CAASAGTGANNLFF	tgtgcagcaagcgcggggactggggcaaacaacctcttcttt			CASSPTGTGENGYTF	tgtgccagctcacctaccgggacaggggagaatggctacaccttc	1	0	1	1	1
clonotype4954	UNK_S	1	TRAV29/DV5*01	TRAJ27*01			TRBV12-3*01	TRBJ1-5*01	CAASRVTNAGKSTF	tgtgcagcaagccgtgtcaccaatgcaggcaaatcaaccttt			CASSPSAGGNQPQHF	tgtgccagcagtccctcagccgggggcaatcagccccagcatttt	1	0	1	1	1
clonotype4955	UNK_S	1	TRAV29/DV5*01	TRAJ31*01			TRBV2*01	TRBJ2-1*01	CAVPPWNNNARLMF	tgtgcagtcccgccatggaataacaatgccagactcatgttt			CASSDGTSGRGEQFF	tgtgccagcagtgacgggactagcgggaggggtgagcagttcttc	1	0	1	1	1
clonotype4956	UNK_S	1	TRAV14/DV4*01	TRAJ52*01			TRBV2*01	TRBJ1-2*01	CAMRETNAGGTSYGKLTF	tgtgcaatgagagagactaatgctggtggtactagctatggaaagctgacattt			CARNQEGGLKGGYTF	tgtgccaggaaccaggagggaggccttaagggtggctacaccttc	1	0	1	1	1
clonotype4957	UNK_S	1	TRAV29/DV5*01	TRAJ45*01			TRBV7-9*01	TRBJ2-1*01	CAASDEGGADGLTF	tgtgcagcaagcgatgaaggaggtgctgacggactcaccttt			CASSLEVGFYNEQFF	tgtgccagcagcttagaggtcggattctacaatgagcagttcttc	1	0	1	1	1
clonotype4959	UNK_S	1	TRAV23/DV6*01	TRAJ27*01			TRBV11-2*01	TRBJ2-1*01	CAASTNAGKSTF	tgtgcagcaagcaccaatgcaggcaaatcaaccttt			CASSLAGSSYNEQFF	tgtgccagcagcttagccggcagctcctacaatgagcagttcttc	1	0	1	1	1
clonotype496	UNK_S	1	TRAV12-3*01	TRAJ45*01			TRBV3-1*01	TRBJ2-7*01	CAMTDSGGGADGLTF	tgtgcaatgacggattcaggaggaggtgctgacggactcaccttt			CASQGPYEQYF	tgtgccagtcagggtccctacgagcagtacttc	1	0	1	1	1
clonotype4960	UNK_S	1	TRAV23/DV6*01	TRAJ33*01			TRBV7-2*01	TRBJ2-1*01	CAASYSNYQLIW	tgtgcagcaagctatagcaactatcagttaatctgg			CASSPVGQIYNEQFF	tgtgccagcagccccgtagggcagatctacaatgagcagttcttc	1	0	1	1	1
clonotype4961	UNK_S	1	TRAV38-2/DV8*01	TRAJ42*01			TRBV7-6*01	TRBJ2-3*01	CAYRSAANYGGSQGNLIF	tgtgcttataggagcgcagcgaattatggaggaagccaaggaaatctcatcttt			CASSLRGRGTDTQYF	tgtgccagcagcttaagggggaggggaacagatacgcagtatttt	1	0	1	1	1
clonotype4962	UNK_S	1	TRAV29/DV5*01	TRAJ36*01			TRBV27*01	TRBJ2-6*01	CAAMAQTGANNLFF	tgtgcagcaatggctcaaactggggcaaacaacctcttcttt			CASRFDSSSGANVLTF	tgtgccagcaggttcgacagcagctctggggccaacgtcctgactttc	1	0	1	1	1
clonotype4963	UNK_S	1	TRAV29/DV5*01	TRAJ49*01			TRBV27*01	TRBJ2-7*01	CAASASVTGNQFYF	tgtgcagcaagcgcttcggtcaccggtaaccagttctatttt			CASSLSRAGGSYEQYF	tgtgccagcagtttatcccgagcgggagggtcttacgagcagtacttc	1	0	1	1	1
clonotype4964	UNK_S	1	TRAV29/DV5*01	TRAJ10*01			TRBV5-4*01	TRBJ1-3*01	CAASATGGGNKLTF	tgtgcagcaagcgcaacgggaggaggaaacaaactcaccttt			CASSPDERVRGNTIYF	tgtgccagcagcccagatgagcgggtccgtggaaacaccatatatttt	1	0	1	1	1
clonotype4965	UNK_S	1	TRAV29/DV5*01	TRAJ54*01			TRBV5-1*01	TRBJ2-2*01	CAASRRQGAQKLVF	tgtgcagcaagtagaagacagggagcccagaagctggtattt			CASSAGTSGRAGELFF	tgcgccagcagcgctgggactagcgggagggccggggagctgtttttt	1	0	1	1	1
clonotype4966	UNK_S	1	TRAV29/DV5*01	TRAJ29*01			TRBV5-1*01	TRBJ1-6*01	CAASVNSGNTPLVF	tgtgcagcaagcgtgaattcaggaaacacacctcttgtcttt			CASSLGGSSYNSPLHF	tgcgccagcagcttgggagggagctcctataattcacccctccacttt	1	0	1	1	1
clonotype4967	UNK_S	1	TRAV23/DV6*01	TRAJ8*01			TRBV15*01	TRBJ2-1*01	CATQRGFQKLVF	tgtgctacccaaaggggctttcagaaacttgtattt			CATSRDGTSGSYEQFF	tgtgccaccagcagggacgggactagcgggagctatgagcagttcttc	1	0	1	1	1
clonotype4968	UNK_S	1	TRAV29/DV5*01	TRAJ48*01			TRBV19*01	TRBJ2-1*01	CAASVKYFGNEKLTF	tgtgcagcaagcgtgaaatactttggaaatgagaaattaaccttt			CASSPYERAGYNEQFF	tgtgccagtagcccctacgagagggccggatacaatgagcagttcttc	1	0	1	1	1
clonotype4969	UNK_S	1	TRAV23/DV6*01	TRAJ29*01			TRBV6-2*01	TRBJ2-3*01	CAATSSGNTPLVF	tgtgcagcaacctcatcaggaaacacacctcttgtcttt			CASSPTGGWVTDTQYF	tgtgccagcagtccgacagggggctgggtgacagatacgcagtatttt	1	0	1	1	1
clonotype497	UNK_S	1	TRAV19*01	TRAJ36*01			TRBV6-2*01	TRBJ1-2*01	CALSEARTGANNLFF	tgtgctctgagtgaggcccggactggggcaaacaacctcttcttt			CASSYVYGYTF	tgtgccagcagttatgtatatggctacaccttc	1	0	1	1	1
clonotype4970	UNK_S	1	TRAV23/DV6*01	TRAJ49*01			TRBV2*01	TRBJ2-7*01	CAARRNTGNQFYF	tgtgcagctaggcgcaacaccggtaaccagttctatttt			CASTRPGVGAWEQYF	tgtgccagcacccgaccgggggtgggagcatgggagcagtacttc	1	0	1	1	1
clonotype4971	UNK_S	1	TRAV29/DV5*01	TRAJ40*01			TRBV7-8*01	TRBJ1-5*01	CAATVRTSGTYKYIF	tgtgcagcaaccgttcgtacctcaggaacctacaaatacatcttt			CASSLDEVLNQPQHF	tgtgccagcagcttagacgaggttttaaatcagccccagcatttt	1	0	1	1	1
clonotype4972	UNK_S	1	TRAV29/DV5*01	TRAJ29*01			TRBV10-2*01	TRBJ2-7*01	CAAAKILSGNTPLVF	tgtgcagcggcaaaaattctttcaggaaacacacctcttgtcttt			CASSESNTPPPYEQYF	tgcgccagcagtgagtcgaataccccccccccctacgagcagtacttc	1	0	1	1	1
clonotype4973	UNK_S	1	TRAV14/DV4*01	TRAJ52*01			TRBV27*01	TRBJ2-1*01	CAMRESVNAGGTSYGKLTF	tgtgcaatgagagagtcagtcaatgctggtggtactagctatggaaagctgacattt			CASSLSGAGGPHEQFF	tgtgccagcagtttatcgggtgcgggagggcctcatgagcagttcttc	1	0	1	1	1
clonotype4974	UNK_S	1	TRAV29/DV5*01	TRAJ37*01			TRBV4-3*01	TRBJ2-1*01	CAASGGSSNTGKLIF	tgtgcagcaagcgggggctctagcaacacaggcaaactaatcttt			CASSPLGLASYNEQFF	tgcgccagcagcccccttggactagcctcctacaatgagcagttcttc	1	0	1	1	1
clonotype4975	UNK_S	1	TRAV23/DV6*01	TRAJ49*01			TRBV9*01	TRBJ2-1*01	CAASYGTGNQFYF	tgtgcagcaagctacggcaccggtaaccagttctatttt			CASSLQVAAKYNEQFF	tgtgccagcagcttacaagtagcggcaaaatacaatgagcagttcttc	1	0	1	1	1
clonotype4976	UNK_S	1	TRAV23/DV6*01	TRAJ9*01			TRBV6-1*01	TRBJ1-5*01	CAASIGTGGFKTIF	tgtgcagcaagcataggaactggaggcttcaaaactatcttt			CASSPTDRGLNQPQHF	tgtgccagcagtccaacggacagggggcttaatcagccccagcatttt	1	0	1	1	1
clonotype4977	UNK_S	1	TRAV29/DV5*01	TRAJ32*01			TRBV30*01	TRBJ1-6*01	CAASVGYGGATNKLIF	tgtgcagcaagcgttggttatggtggtgctacaaacaagctcatcttt			CAWSPRSSLSYYNSPLHF	tgtgcctggagtccccggagctccctctcttactataattcacccctccacttt	1	0	1	1	1
clonotype4978	UNK_S	1	TRAV29/DV5*01	TRAJ52*01			TRBV18*01	TRBJ1-1*01	CAASEAGGTSYGKLTF	tgtgcagcaagcgaagcgggtggtactagctatggaaagctgacattt			CASSPRQTLNTEAFF	tgtgccagctcaccccgacagacccttaacactgaagctttcttt	1	0	1	1	1
clonotype4979	UNK_S	1	TRAV23/DV6*01	TRAJ40*01			TRBV18*01	TRBJ2-7*01	CAAPRASGTYKYIF	tgtgcagctccgagggcctcaggaacctacaaatacatcttt			CASSPPGQGSYEQYF	tgtgccagctcccctccgggacagggctcctacgagcagtacttc	1	0	1	1	1
clonotype498	UNK_S	1	TRAV38-2/DV8*01	TRAJ52*01			TRBV30*01	TRBJ1-1*01	CAYLAGGTSYGKLTF	tgtgcttatctggctggtggtactagctatggaaagctgacattt			CAWKAGLRTEAFF	tgtgcctggaaggcggggttgcggactgaagctttcttt	1	0	1	1	1
clonotype4980	UNK_S	1	TRAV29/DV5*01	TRAJ50*01			TRBV12-3*01	TRBJ2-3*01	CAASDWEKTSYDKVIF	tgtgcagcaagcgattgggagaaaacctcctacgacaaggtgatattt			CASRSSGSHTDTQYF	tgtgccagcagaagcagcgggagccacacagatacgcagtatttt	1	0	1	1	1
clonotype4981	UNK_S	1	TRAV23/DV6*01	TRAJ27*01			TRBV11-2*01	TRBJ2-1*01	CAASKSTNAGKSTF	tgtgcagcaagcaaaagcaccaatgcaggcaaatcaaccttt			CASSDVSGKGNEQFF	tgtgccagcagcgacgttagcgggaaagggaatgagcagttcttc	1	0	1	1	1
clonotype4982	UNK_S	1	TRAV23/DV6*01	TRAJ48*01			TRBV5-4*01	TRBJ2-7*01	CAASKNFGNEKLTF	tgtgcagcaagcaaaaactttggaaatgagaaattaaccttt			CASSQDSSFLRGEQYF	tgtgccagcagccaggacagctccttcttaagaggggagcagtacttc	1	0	1	1	1
clonotype4983	UNK_S	1	TRAV29/DV5*01	TRAJ52*01			TRBV5-1*01	TRBJ2-1*01	CAASAAGGTSYGKLTF	tgtgcagcaagcgcggctggtggtactagctatggaaagctgacattt			CASSLGVTSPSEEQFF	tgcgccagcagcctgggagtgacttcgccttcagaggagcagttcttc	1	0	1	1	1
clonotype4984	UNK_S	1	TRAV29/DV5*01	TRAJ42*01			TRBV5-1*01	TRBJ1-3*01	CAASVGYGGSQGNLIF	tgtgcagcaagcgtcgggtatggaggaagccaaggaaatctcatcttt			CASSLGWGSSGNTIYF	tgcgccagcagcctggggtgggggagctctggaaacaccatatatttt	1	0	1	1	1
clonotype4985	UNK_S	1	TRAV29/DV5*01	TRAJ18*01			TRBV5-1*01	TRBJ1-3*01	CAASVPRGSTLGRLYF	tgtgcagcaagcgttcccagaggctcaaccctggggaggctatacttt			CASSLLRADSGNTIYF	tgcgccagcagcttgctcagggcggattctggaaacaccatatatttt	1	0	1	1	1
clonotype4986	UNK_S	1	TRAV29/DV5*01	TRAJ52*01			TRBV14*01	TRBJ1-2*01	CAANRIGGTSYGKLTF	tgtgcagcaaaccgaatcgggggtactagctatggaaagctgacattt			CASSQRMTGTGGYTF	tgtgccagcagccagagaatgacagggaccggtggctacaccttc	1	0	1	1	1
clonotype4987	UNK_S	1	TRAV23/DV6*01	TRAJ36*01			TRBV18*01	TRBJ2-3*01	CAASGGRTGANNLFF	tgtgcagcaagcgggggccgaactggggcaaacaacctcttcttt			CASWLTSGSADTQYF	tgtgccagctggttgactagcgggagtgcagatacgcagtatttt	1	0	1	1	1
clonotype4988	UNK_S	1	TRAV23/DV6*01	TRAJ39*01			TRBV2*01	TRBJ2-5*01	CAASRASNAGNMLTF	tgtgcagcaagcagggccagtaatgcaggcaacatgctcaccttt			CASRPLMGNQETQYF	tgtgccagcagacctctgatggggaaccaagagacccagtacttc	1	0	1	1	1
clonotype4989	UNK_S	1	TRAV29/DV5*01	TRAJ52*01			TRBV7-3*01	TRBJ2-5*01	CAARRRSGGTSYGKLTF	tgtgcagcaaggaggagatctggtggtactagctatggaaagctgacattt			CASSLNGRAPETQYF	tgtgccagcagcttaaacgggagggccccggagacccagtacttc	1	0	1	1	1
clonotype499	UNK_S	1	TRAV29/DV5*01	TRAJ31*01			TRBV30*01	TRBJ1-6*01	CAASSNARLMF	tgtgcagcaagctccaatgccagactcatgttt			CAWQSSYNSPLHF	tgtgcctggcagagctcctataattcacccctccacttt	1	0	1	1	1
clonotype4990	UNK_S	1	TRAV29/DV5*01	TRAJ52*01			TRBV7-8*01	TRBJ1-6*01	CAASPHAGGTSYGKLTF	tgtgcagcaagcccccatgctggtggtactagctatggaaagctgacattt			CASSLALQKSSPLHF	tgtgccagcagcttagcgttacaaaaaagttcacccctccacttt	1	0	1	1	1
clonotype4991	UNK_S	1	TRAV23/DV6*01	TRAJ45*01			TRBV7-8*01	TRBJ1-2*01	CAARESGGGADGLTF	tgtgcagcaagggagtcaggaggaggtgctgacggactcaccttt			CASSLVDRVGYGYTF	tgtgccagcagcttagtcgacagggtgggctatggctacaccttc	1	0	1	1	1
clonotype4992	UNK_S	1	TRAV29/DV5*01	TRAJ45*01			TRBV5-4*01	TRBJ2-4*01	CAASSRISGGGADGLTF	tgtgcagcatcaagccgaatttcaggaggaggtgctgacggactcaccttt			CASSSNRGIAKNIQYF	tgtgccagcagctccaacaggggaatagccaaaaacattcagtacttc	1	0	1	1	1
clonotype4993	UNK_S	1	TRAV29/DV5*01	TRAJ54*01			TRBV5-1*01	TRBJ2-7*01	CAASARGIIQGAQKLVF	tgtgcagcaagcgcgaggggtataattcagggagcccagaagctggtattt			CASSLGGRASSYEQYF	tgcgccagcagcttgggcgggagggccagttcctacgagcagtacttc	1	0	1	1	1
clonotype4994	UNK_S	1	TRAV23/DV6*01	TRAJ10*01			TRBV6-2*01	TRBJ1-5*01	CAASPILTGGGNKLTF	tgtgcagcaagccctatactcacgggaggaggaaacaaactcaccttt			CASTKHASYSNQPQHF	tgtgccagcaccaaacatgcgtcttatagcaatcagccccagcatttt	1	0	1	1	1
clonotype4995	UNK_S	1	TRAV23/DV6*01	TRAJ5*01			TRBV7-2*01	TRBJ2-3*01	CAASPIMGTGRRALTF	tgtgcagcaagccccataatggggacgggcaggagagcacttactttt			CASSYGLGSTDTQYF	tgtgccagcagctacggactagggtccacagatacgcagtatttt	1	0	1	1	1
clonotype4996	UNK_S	1	TRAV23/DV6*01	TRAJ3*01			TRBV7-2*01	TRBJ2-3*01	CAATRYGMGYSSASKIIF	tgtgcagcaactaggtacgggatgggttacagcagtgcttccaagataatcttt			CASSFSGKNTDTQYF	tgtgccagcagctttagcgggaagaacacagatacgcagtatttt	1	0	1	1	1
clonotype4997	UNK_S	1	TRAV6*01	TRAJ26*01			TRBV6-5*01	TRBJ2-2*01	CALHNYGQNFVF	tgtgctctccataactatggtcagaattttgtcttt			CASSLGLAGGSGELFF	tgtgccagcagtctgggactagcgggaggttcaggggagctgtttttt	1	0	1	1	1
clonotype4998	UNK_S	1	TRAV6*01	TRAJ12*01			TRBV18*01	TRBJ2-3*01	CALEDSSYKLIF	tgtgctctcgaggatagcagctataaattgatcttc			CASSRDSASTDTQYF	tgtgccagctcacgagacagtgctagcacagatacgcagtatttt	1	0	1	1	1
clonotype4999	UNK_S	1	TRAV6*01	TRAJ3*01			TRBV10-3*01	TRBJ2-1*01	CALYSSASKIIF	tgtgccctgtacagcagtgcttccaagataatcttt			CAISESSSGLYNEQFF	tgtgccatcagtgagtcttctagcgggctgtacaatgagcagttcttc	1	0	1	1	1
clonotype5	UNK_S	10	TRAV13-1*01	TRAJ48*01			TRBV12-3*01	TRBJ1-2*01	CAAVPTF	tgtgcagctgtccccaccttt			CASSFGDGLVYGYTF	tgtgccagcagtttcggggacggtcttgtctatggctacaccttc	10	0	10	1	1
clonotype50	UNK_S	2	TRAV20*01	TRAJ45*01			TRBV27*01	TRBJ2-1*01	CAVRSYSGGGADGLTF	tgtgctgtgcggtcgtattcaggaggaggtgctgacggactcaccttt			CASLREGENEQFF	tgtgccagcttgagggaaggagagaatgagcagttcttc	2	0	2	1	1
clonotype500	UNK_S	1	TRAV38-2/DV8*01	TRAJ57*01			TRBV30*01	TRBJ1-6*01	CAYRTIRGGSEKLVF	tgtgcttataggactattaggggcggatctgaaaagctggtcttt			CAWKGDRDSPLHF	tgtgcctggaagggggacagagattcacccctccacttt	1	0	1	1	1
clonotype5000	UNK_S	1	TRAV6*01	TRAJ18*01			TRBV11-2*01	TRBJ2-7*01	CAPRSTLGRLYF	tgtgccccccgctcaaccctggggaggctatacttt			CASSSNRDSSYEQYF	tgtgccagcagctcaaaccgggacagttcctacgagcagtacttc	1	0	1	1	1
clonotype5001	UNK_S	1	TRAV6*01	TRAJ44*01			TRBV27*01	TRBJ1-5*01	CVRGGTASKLTF	tgtgttcggggcggcactgccagtaaactcaccttt			CASRSYPGTHNQPQHF	tgtgccagcagatcctaccccgggacacataatcagccccagcatttt	1	0	1	1	1
clonotype5002	UNK_S	1	TRAV6*01	TRAJ11*01	TRAV6*01	TRAJ13*01	TRBV18*01	TRBJ2-5*01	CALEGSGYSTLTF	tgtgctctagagggatcaggatacagcaccctcaccttt	CALDMNSGGYQKVTF	tgtgctctagacatgaattctgggggttaccagaaagttaccttt	CASSPSGLAGETQYF	tgtgccagctcaccttcgggactagcgggagagacccagtacttc	2	1	2	2	1
clonotype5003	UNK_S	1	TRAV6*01	TRAJ9*01			TRBV11-2*01	TRBJ2-2*01	CALASDGGFKTIF	tgtgctctggcctcggatggaggcttcaaaactatcttt			CASSVQWNTGGELFF	tgtgccagcagcgtgcagtggaacacaggcggggagctgtttttt	1	0	1	1	1
clonotype5004	UNK_S	1	TRAV6*01	TRAJ24*01			TRBV5-4*01	TRBJ2-1*01	CALDPDSWGKLQF	tgtgctctagaccctgacagctgggggaaattgcagttt			CASSPTSGSSYNEQFF	tgtgccagcagcccgactagcgggagctcctacaatgagcagttcttc	1	0	1	1	1
clonotype5005	UNK_S	1	TRAV6*01	TRAJ4*01			TRBV3-1*01	TRBJ2-2*01	CALVGGGYNKLIF	tgtgctctagtggggggtggctacaataagctgattttt			CASSQGVAGGPGELFF	tgtgccagcagccaaggcgtggcgggaggccccggggagctgtttttt	1	0	1	1	1
clonotype5006	UNK_S	1	TRAV6*01	TRAJ4*01			TRBV7-3*01	TRBJ2-5*01	CALDLSGGYNKLIF	tgtgctctagacctttctggtggctacaataagctgattttt			CASSLDVAGKETQYF	tgtgccagcagcttagacgtggccggaaaagagacccagtacttc	1	0	1	1	1
clonotype5007	UNK_S	1	TRAV6*01	TRAJ37*01			TRBV4-2*01	TRBJ2-1*01	CALESPSNTGKLIF	tgtgctctagaaagccctagcaacacaggcaaactaatcttt			CASSPKLAGGYNEQFF	tgtgccagcagcccgaagctagcgggaggttacaatgagcagttcttc	1	0	1	1	1
clonotype5008	UNK_S	1	TRAV6*01	TRAJ3*01			TRBV7-6*01	TRBJ2-5*01	CALVEYPSSASKIIF	tgtgctctagtagagtatcccagcagtgcttccaagataatcttt			CASRSLAGVEETQYF	tgtgccagcagatctttagcgggagtggaggagacccagtacttc	1	0	1	1	1
clonotype5009	UNK_S	1	TRAV6*01	TRAJ28*01			TRBV27*01	TRBJ2-3*01	CAPDYSGAGSYQLTF	tgtgctccggactactctggggctgggagttaccaactcactttc			CASSLSGTGGADTQYF	tgtgccagcagtttatcggggacaggtggtgcagatacgcagtatttt	1	0	1	1	1
clonotype501	UNK_S	1	TRAV38-1*01	TRAJ53*01			TRBV29-1*01	TRBJ2-7*01	CAFRASGGSNYKLTF	tgtgctttccgggctagtggaggtagcaactataaactgacattt			CSVRGLAVYEQYF	tgcagcgttcgtggactagcggtttacgagcagtacttc	1	0	1	1	1
clonotype5010	UNK_S	1	TRAV6*01	TRAJ8*01			TRBV6-5*01	TRBJ1-3*01	CALDEGMNTGFQKLVF	tgtgctctagacgaggggatgaacacaggctttcagaaacttgtattt			CASSYSVDRAGNTIYF	tgtgccagcagttactcggtggacagggctggaaacaccatatatttt	1	0	1	1	1
clonotype5011	UNK_S	1	TRAV6*01	TRAJ5*01			TRBV5-4*01	TRBJ2-7*01	CALDMEEDTGRRALTF	tgtgctctagacatggaagaggacacgggcaggagagcacttactttt			CASSLGGGGRAYEQYV	tgtgccagcagcttggggggaggcgggagggcctacgagcagtacgtc	3	0	3	1	1
clonotype5012	UNK_S	1	TRAV6*01	TRAJ28*01			TRBV4-1*01	TRBJ1-3*01	CALDIASAYSGAGSYQLTF	tgtgctctagacatagccagtgcatactctggggctgggagttaccaactcactttc			CASSPSGTGFGNTIYF	tgcgccagcagcccatccgggacagggtttggaaacaccatatatttt	1	0	1	1	1
clonotype502	UNK_S	1	TRAV24*01	TRAJ37*01			TRBV29-1*01	TRBJ1-2*01	CALNHGSSNTGKLIF	tgtgccctaaaccatggctctagcaacacaggcaaactaatcttt			CSVVAGANYGYTF	tgcagcgttgtggcaggggcgaactatggctacaccttc	1	0	1	1	1
clonotype503	UNK_S	1	TRAV14/DV4*01	TRAJ36*01			TRBV20-1*01	TRBJ2-3*01	CAMNEARTGANNLFF	tgtgcaatgaacgaggcccggactggggcaaacaacctcttcttt			CSALPDPTDTQYF	tgcagtgccctcccggaccccacagatacgcagtatttt	1	0	1	1	1
clonotype504	UNK_S	1	TRAV12-3*01	TRAJ3*01			TRBV20-1*01	TRBJ2-2*01	CAMSTPGYSSASKIIF	tgtgcaatgagcacaccggggtacagcagtgcttccaagataatcttt			CSAEDGNTGELFF	tgcagtgctgaggacgggaacaccggggagctgtttttt	1	0	1	1	1
clonotype505	UNK_S	1	TRAV14/DV4*01	TRAJ3*01			TRBV20-1*01	TRBJ1-1*01	CAMREGYSSASKIIF	tgtgcaatgagagaggggtacagcagtgcttccaagataatcttt			CSAMTGDSTEAFF	tgcagtgctatgacaggggatagcactgaagctttcttt	1	0	1	1	1
clonotype5052	UNK_S	1	TRAV26-1*01	TRAJ26*01			TRBV2*01	TRBJ1-1*01	CIVRLQNFVF	tgcatcgtcaggttgcagaattttgtcttt			CASSEPPFAENTEAFF	tgtgccagcagtgaaccccccttcgctgagaacactgaagctttcttt	1	0	1	1	1
clonotype5053	UNK_S	1	TRAV38-1*01	TRAJ13*01	TRAV26-2*01	TRAJ34*01	TRBV11-2*01	TRBJ2-1*01	CAFMKRTGGYQKVTF	tgtgctttcatgaagcgtactgggggttaccagaaagttaccttt	CIRGADKLIF	tgcatccgaggcgccgacaagctcatcttt	CASSTPSGQGANEQFF	tgtgccagcagcaccccctcgggtcagggagcgaatgagcagttcttc	2	1	2	2	1
clonotype5054	UNK_S	1	TRAV40*01	TRAJ40*01	TRAV20*01	TRAJ56*01	TRBV7-8*01	TRBJ1-1*01	CLLGTSGTYKYIF	tgtcttctgggaacctcaggaacctacaaatacatcttt	CAVQAKGTTNSKLTF	tgtgctgtgcaggccaagggtacaaccaatagtaagctgacattt	CASSFRTETRRTEAFF	tgtgccagcagcttccggacggaaaccaggaggactgaagctttcttt	2	1	2	2	1
clonotype5055	UNK_S	1	TRAV40*01	TRAJ26*01	TRAV39*01	TRAJ43*01	TRBV14*01	TRBJ2-1*01	CLLGDNYGQNFVF	tgtcttctgggagataactatggtcagaattttgtcttt	CAVDRSDMRF	tgtgccgtggaccggtctgacatgcgcttt	CASSQERSRKGGEQFF	tgtgccagcagccaagaaagatcgaggaagggcggtgagcagttcttc	2	1	2	2	1
clonotype5056	UNK_S	1	TRAV27*01	TRAJ23*01			TRBV18*01	TRBJ1-1*01	CAGGGKLIF	tgtgcaggcggaggaaagcttatcttc			CASSLGTGSLNTEAFF	tgtgccagctcactcgggacagggtccttgaacactgaagctttcttt	1	0	1	1	1
clonotype5057	UNK_S	1	TRAV41*01	TRAJ43*01	TRAV41*01	TRAJ49*01	TRBV18*01	TRBJ2-3*01	CPNDMRF	tgtcccaatgacatgcgcttt	CAVILATGNQFYF	tgtgctgtcatcctcgccaccggtaaccagttctatttt	CASSQAQGLVADTQYF	tgtgccagctcacaggcacaggggctggtcgcagatacgcagtatttt	2	1	2	2	1
clonotype5058	UNK_S	1	TRAV26-1*01	TRAJ15*01			TRBV4-3*01	TRBJ2-4*01	CIVSTGTALIF	tgcatcgtcagcacaggaactgctctgatcttt			CASSQSPSGIMKNIQYF	tgcgccagcagccaaagtcctagcgggatcatgaaaaacattcagtacttc	1	0	1	1	1
clonotype5059	UNK_S	1	TRAV4*01	TRAJ24*01			TRBV19*01	TRBJ2-1*01	CLVGDSWGKLQF	tgcctcgtgggtgacagctgggggaaattgcagttt			CASSINPGLAGDGEQFF	tgtgccagtagtataaatccgggactagcgggagacggtgagcagttcttc	1	0	1	1	1
clonotype506	UNK_S	1	TRAV8-4*01	TRAJ52*01			TRBV27*01	TRBJ2-2*01	CAVSGRAGGTSYGKLTF	tgtgctgtgagtggtcgtgctggtggtactagctatggaaagctgacattt			CASMGLGELFF	tgtgccagcatgggactcggggagctgtttttt	1	0	1	1	1
clonotype5060	UNK_S	1	TRAV1-2*01	TRAJ27*01			TRBV12-4*01	TRBJ1-2*01	CAANTNAGKSTF	tgtgctgctaacaccaatgcaggcaaatcaaccttt			CASIKGRENSLNGYTF	tgtgccagcatcaaaggaagggagaatagtctcaatggctacaccttc	1	0	1	1	1
clonotype5061	UNK_S	1	TRAV26-1*01	TRAJ49*01			TRBV2*01	TRBJ2-7*01	CIVRDTGNQFYF	tgcatcgtcagagacaccggtaaccagttctatttt			CASSEARDYSSYEQYV	tgtgccagcagtgaagctcgggattatagctcctacgagcagtacgtc	1	0	1	1	1
clonotype5062	UNK_S	1	TRAV4*01	TRAJ30*01			TRBV7-9*01	TRBJ1-1*01	CLVHNRDDKIIF	tgcctcgttcataacagagatgacaagatcatcttt			CASSWDRGGASTEAFF	tgtgccagcagctgggatcgtgggggggcgagcactgaagctttcttt	1	0	1	1	1
clonotype5063	UNK_S	1	TRAV25*01	TRAJ31*01			TRBV7-9*01	TRBJ1-1*01	CAGQEARLMF	tgtgcaggccaggaagccagactcatgttt			CASSFAALTLNTEAFF	tgtgccagcagcttcgccgccctaaccctaaacactgaagctttcttt	1	0	1	1	1
clonotype5064	UNK_S	1	TRAV1-2*01	TRAJ20*01			TRBV7-3*01	TRBJ2-3*01	CAVRGQNYKLSF	tgtgctgtgaggggccagaactacaagctcagcttt			CASSSGLAGVADTQYF	tgtgccagcagctcgggactagcgggagtggcagatacgcagtatttt	1	0	1	1	1
clonotype5065	UNK_S	1	TRAV4*01	TRAJ6*01			TRBV11-2*01	TRBJ2-2*01	CLVGPGSYIPTF	tgcctcgtgggtccggggagctacatacctacattt			CASSLGGLENTGELFF	tgtgccagcagcttagggggactagagaacaccggggagctgtttttt	1	0	1	1	1
clonotype5066	UNK_S	1	TRAV12-2*01	TRAJ7*01	TRAV4*01	TRAJ9*01	TRBV11-2*01	TRBJ2-3*01	CAGWNNRLAF	tgtgccggttggaacaacagactcgctttt	CLVGERGFKTIF	tgcctcgtgggtgagaggggcttcaaaactatcttt	CASGDPGGRRRDTQYF	tgtgccagcggggacccgggcgggaggaggagagatacgcagtatttt	2	1	2	2	1
clonotype5067	UNK_S	1	TRAV25*01	TRAJ37*01			TRBV7-6*01	TRBJ2-6*01	CSSNTGKLIF	tgctctagcaacacaggcaaactaatcttt			CASSPQAIFGANVLTF	tgtgccagctcaccgcaggcaatctttggggccaacgtcctgactttc	1	0	1	1	1
clonotype5068	UNK_S	1	TRAV25*01	TRAJ31*01			TRBV5-5*01	TRBJ1-6*01	CAGNNARLMF	tgtgcagggaacaatgccagactcatgttt			CASSLAAASSYNSPLHF	tgtgccagcagcttggccgcagcgagctcctataattcacccctccacttt	1	0	1	1	1
clonotype5069	UNK_S	1	TRAV4*01	TRAJ3*01			TRBV3-1*01	TRBJ2-3*01	CLVGSSASKIIF	tgcctcgtaggcagcagtgcttccaagataatcttt			CASSPRGTGLMGDTQYF	tgtgccagcagcccccgggggacagggttaatgggagatacgcagtatttt	1	0	1	1	1
clonotype507	UNK_S	1	TRAV8-4*01	TRAJ54*01			TRBV5-5*01	TRBJ2-7*01	CAVSDPAIIQGAQKLVF	tgtgctgtgagtgatccagccataattcagggagcccagaagctggtattt			CASNFAYEQYF	tgtgccagcaactttgcctacgagcagtacttc	1	0	1	1	1
clonotype5070	UNK_S	1	TRAV4*01	TRAJ11*01			TRBV6-6*01	TRBJ1-1*01	CLVVPSGYSTLTF	tgcctcgtggtgccttcaggatacagcaccctcaccttt			CASGDQGTPKANTEAFF	tgtgccagtggcgatcaagggacccccaaggcgaacactgaagctttcttt	1	0	1	1	1
clonotype5071	UNK_S	1	TRAV4*01	TRAJ37*01	TRAV27*01	TRAJ20*01	TRBV2*01	TRBJ2-2*01	CLVGGLPSNTGKLIF	tgcctcgtgggtggccttcctagcaacacaggcaaactaatcttt	CAGVNDYKLSF	tgtgcaggcgttaacgactacaagctcagcttt	CASRETGGSNTGELFF	tgtgccagcagggaaacagggggctctaacaccggggagctgtttttt	2	1	2	2	1
clonotype5072	UNK_S	1	TRAV26-1*01	TRAJ36*01			TRBV28*01	TRBJ2-1*01	CIVRVAGANNLFF	tgcatcgtcagagtcgccggggcaaacaacctcttcttt			CASSRTKLLISYNEQFF	tgtgccagcagtcggaccaagctgctgatctcctacaatgagcagttcttc	1	0	1	1	1
clonotype5073	UNK_S	1	TRAV40*01	TRAJ53*01	TRAV26-2*01	TRAJ56*01	TRBV11-2*01	TRBJ1-4*01	CLLGWGSGGSNYKLTF	tgtcttctgggatgggggagtggaggtagcaactataaactgacattt	CILRPLLTGANSKLTF	tgcatcctgaggcccttactgactggagccaatagtaagctgacattt	CASSLGSGTPNEKLFF	tgtgccagcagcttagggtccgggacaccgaatgaaaaactgtttttt	2	1	2	2	1
clonotype5074	UNK_S	1	TRAV1-1*01	TRAJ15*01			TRBV11-2*01	TRBJ2-1*01	CAVPVRAGTALIF	tgcgctgtacctgtccgagcaggaactgctctgatcttt			CASRSIAGEAYNEQFF	tgtgccagcaggagtatagcgggagaggcctacaatgagcagttcttc	1	0	1	1	1
clonotype5075	UNK_S	1	TRAV16*01	TRAJ34*01			TRBV7-6*01	TRBJ2-1*01	CALSRNTDKLIF	tgtgctctaagtcggaacaccgacaagctcatcttt			CASSLVAVDSYNEQFF	tgtgccagcagcttagtagcggtcgattcctacaatgagcagttcttc	1	0	1	1	1
clonotype5076	UNK_S	1	TRAV26-2*01	TRAJ34*01			TRBV27*01	TRBJ2-2*01	CILRPYNTDKLIF	tgcatcctgagaccctataacaccgacaagctcatcttt			CASSLTLGGRYDGELFF	tgtgccagcagtttaaccttgggggggcgctacgacggggagctgtttttt	1	0	1	1	1
clonotype5077	UNK_S	1	TRAV26-2*01	TRAJ45*01	TRAV13-1*01	TRAJ40*01	TRBV5-1*01	TRBJ2-1*01	CILRDVGLSGLTF	tgcatcctgagagacgtaggtttgagtggactcaccttt	CAASNSTSGTYKYIF	tgtgcagcaagtaatagtacctcaggaacctacaaatacatcttt	CASTGITGKGWGDEQFF	tgcgccagcactggaatcactgggaagggttggggggatgagcagttcttc	2	1	2	2	1
clonotype5078	UNK_S	1	TRAV1-1*01	TRAJ4*01			TRBV3-1*01	TRBJ2-1*01	CAVFSGGYNKLIF	tgcgctgtgttttctggtggctacaataagctgattttt			CASSQDGRQGYYNEQFF	tgtgccagcagccaagatggtcgtcagggatattacaatgagcagttcttc	1	0	1	1	1
clonotype5079	UNK_S	1	TRAV26-2*01	TRAJ45*01			TRBV4-2*01	TRBJ2-3*01	CIRSGGGADGLTF	tgcatccggtcaggaggaggtgctgacggactcaccttt			CASSPGVGPLYTDTQYF	tgtgccagcagcccaggggttggtccgctttacacagatacgcagtatttt	1	0	1	1	1
clonotype508	UNK_S	1	TRAV8-4*01	TRAJ24*01			TRBV9*01	TRBJ1-2*01	CAVSDRPATDSWGKLQF	tgtgctgtgagtgatcggcccgcaactgacagctgggggaaattgcagttt			CASRGHYGYTF	tgtgccagcaggggccactatggctacaccttc	1	0	1	1	1
clonotype5080	UNK_S	1	TRAV1-2*01	TRAJ23*01	TRAV4*01	TRAJ24*01	TRBV9*01	TRBJ2-1*01	CAPFYNQGGKLIF	tgtgcccccttttataaccagggaggaaagcttatcttc	CLVGDTATDSWGKLQF	tgcctcgtgggtgacacggcaactgacagctgggggaaattgcagttt	CASSVEGTSGRGNEQFF	tgtgccagcagcgtagaggggactagcgggagagggaatgagcagttcttc	2	1	2	2	1
clonotype5081	UNK_S	1	TRAV1-2*01	TRAJ28*01			TRBV6-6*01	TRBJ1-3*01	CAYTSGAGSYQLTF	tgtgcttatacttctggggctgggagttaccaactcactttc			CASSYSTGTSSGNTIYF	tgtgccagcagttactcgacagggacaagctctggaaacaccatatatttt	1	0	1	1	1
clonotype5082	UNK_S	1	TRAV35*01	TRAJ36*01			TRBV6-2*01	TRBJ2-5*01	CAGLTGANNLFF	tgtgctgggttaactggggcaaacaacctcttcttt			CASSYGGLAGAQETQYF	tgtgccagcagttacgggggattagcgggagcacaagagacccagtacttc	1	0	1	1	1
clonotype5083	UNK_S	1	TRAV4*01	TRAJ44*01			TRBV18*01	TRBJ1-4*01	CLVGYTGTASKLTF	tgcctcgtgggttataccggcactgccagtaaactcaccttt			CASSPLTGATNEKLFF	tgtgccagctcacccctaacgggcgcaactaatgaaaaactgtttttt	1	0	1	1	1
clonotype5084	UNK_S	1	TRAV13-1*01	TRAJ43*01			TRBV18*01	TRBJ2-1*01	CAARFNDMRF	tgtgcagcgcggttcaatgacatgcgcttt			CASSPGLAGVGNEQFF	tgtgccagctcacctggactagcgggagtagggaatgagcagttcttc	1	0	1	1	1
clonotype5085	UNK_S	1	TRAV1-1*01	TRAJ15*01			TRBV12-3*01	TRBJ2-7*01	CAVRTNQAGTALIF	tgcgctgtgagaaccaaccaggcaggaactgctctgatcttt			CASRSESGGRPYEQYF	tgtgccagcagaagtgaatcgggagggcgcccctacgagcagtacttc	1	0	1	1	1
clonotype5086	UNK_S	1	TRAV4*01	TRAJ3*01			TRBV12-3*01	TRBJ2-3*01	CLVGDDSSASKIIF	tgcctcgtgggtgacgacagcagtgcttccaagataatcttt			CASSPLRDSLGDTQYF	tgtgccagcagccccctccgggacagcctcggggatacgcagtatttt	1	0	1	1	1
clonotype5087	UNK_S	1	TRAV4*01	TRAJ13*01			TRBV2*01	TRBJ1-6*01	CLVGDSGGYQKVTF	tgcctcgtgggtgattctgggggttaccagaaagttaccttt			CASSDPRTGVHSPLHF	tgtgccagcagtgaccctaggacaggggttcattcacccctccacttt	1	0	1	1	1
clonotype5088	UNK_S	1	TRAV13-1*01	TRAJ20*01			TRBV28*01	TRBJ2-7*01	CAASDYKLSF	tgtgcagcaagcgactacaagctcagcttt			CASSPRLAGRESYEQYF	tgtgccagcagtcctcgactagcgggtcgcgaatcctacgagcagtacttc	1	0	1	1	1
clonotype5089	UNK_S	1	TRAV4*01	TRAJ6*01			TRBV10-3*01	TRBJ1-5*01	CLVGPSGGSYIPTF	tgcctcgtgggtccatcaggaggaagctacatacctacattt			CAISESNVDPGSQPQHF	tgtgccatcagtgagtcgaacgtggacccaggcagccagccccagcatttt	1	0	1	1	1
clonotype509	UNK_S	1	TRAV29/DV5*01	TRAJ31*01			TRBV30*01	TRBJ1-6*01	CAATSNNARLMF	tgtgcagcaacttcgaacaatgccagactcatgttt			CAWTGTGNSPLHF	tgtgcctggaccgggacagggaattcacccctccacttt	1	0	1	1	1
clonotype5090	UNK_S	1	TRAV35*01	TRAJ16*01			TRBV7-3*01	TRBJ2-3*01	CAGQLYGQKLLF	tgtgctgggcagctctatggccagaagctgctcttt			CASSFEGKWGTDTQYF	tgtgccagcagcttcgaggggaagtggggcacagatacgcagtatttt	1	0	1	1	1
clonotype5091	UNK_S	1	TRAV1-2*01	TRAJ10*01			TRBV11-2*01	TRBJ2-3*01	CAVREGGGGNKLTF	tgtgctgtgagagaggggggaggaggaaacaaactcaccttt			CASSRRAGGPQDTQYF	tgtgccagcagccgacgggcgggagggcctcaagatacgcagtatttt	1	0	1	1	1
clonotype5092	UNK_S	1	TRAV21*01	TRAJ10*01			TRBV11-2*01	TRBJ2-1*01	CAGGGNKLTF	tgtgcgggaggaggaaacaaactcaccttt			CASSEGTSGAFYEQFF	tgtgccagcagcgaagggactagcggggctttctatgagcagttcttc	1	0	1	1	1
clonotype5093	UNK_S	1	TRAV1-2*01	TRAJ28*01			TRBV7-2*01	TRBJ1-1*01	CAPQRRAGSYQLTF	tgtgctccccaaagaagagctgggagttaccaactcactttc			CASSPGQPIMNTEAFF	tgtgccagcagcccgggacagccgatcatgaacactgaagctttcttt	1	0	1	1	1
clonotype5094	UNK_S	1	TRAV21*01	TRAJ49*01			TRBV7-2*01	TRBJ2-2*01	CAVGRNQFYF	tgtgctgtgggccgtaaccagttctatttt			CASSRAGGPSTGELFF	tgtgccagcagccgagcgggagggccgagcaccggggagctgtttttt	1	0	1	1	1
clonotype5095	UNK_S	1	TRAV27*01	TRAJ5*01			TRBV7-2*01	TRBJ2-3*01	CAGAPGRRALTF	tgtgcaggagccccgggcaggagagcacttactttt			CASSSGRGGPVDTQYF	tgtgccagcagctcgggaaggggggggccggtagatacgcagtatttt	1	0	1	1	1
clonotype5096	UNK_S	1	TRAV26-2*01	TRAJ39*01			TRBV7-2*01	TRBJ2-5*01	CILTPYNAGNMLTF	tgcatcctgacaccttacaatgcaggcaacatgctcaccttt			CASSLGTSGSRETQYF	tgtgccagcagcttagggactagcgggagtcgggagacccagtacttc	1	0	1	1	1
clonotype5098	UNK_S	1	TRAV26-1*01	TRAJ22*01			TRBV5-6*01	TRBJ2-3*01	CIVRPTGSARQLTF	tgcatcgtcagaccgactggttctgcaaggcaactgaccttt			CASIEKAGGGGTDTQYF	tgtgccagcatcgaaaaggcgggaggggggggcacagatacgcagtatttt	1	0	1	1	1
clonotype5099	UNK_S	1	TRAV16*01	TRAJ9*01			TRBV5-4*01	TRBJ1-6*01	CALSSTGGFKTIF	tgtgctctaagttccactggaggcttcaaaactatcttt			CASSLMNRTYYNSPLHF	tgtgccagcagcttgatgaacaggacctattataattcacccctccacttt	1	0	1	1	1
clonotype51	UNK_S	2	TRAV5*01	TRAJ37*01			TRBV6-1*01	TRBJ1-3*01	CAEIGRGSSNTGKLIF	tgtgcagagatcggccgaggctctagcaacacaggcaaactaatcttt			CASRTGTGNTIYF	tgtgccagcagaacagggactggaaacaccatatatttt	2	0	2	1	1
clonotype510	UNK_S	1	TRAV38-1*01	TRAJ40*01			TRBV20-1*01	TRBJ2-7*01	CAFMKHGTSGTYKYIF	tgtgctttcatgaagcatgggacctcaggaacctacaaatacatcttt			CSATGRPSNEQYF	tgcagtgctaccggcagaccttctaacgagcagtacttc	1	0	1	1	1
clonotype5100	UNK_S	1	TRAV26-1*01	TRAJ54*01			TRBV5-1*01	TRBJ2-2*01	CIAARIQGAQKLVF	tgcatcgccgctaggattcagggagcccagaagctggtattt			CASSWERGFLLTGELFF	tgcgccagcagctgggaacgggggttcctactgaccggggagctgtttttt	1	0	1	1	1
clonotype5101	UNK_S	1	TRAV21*01	TRAJ30*01	TRAV13-1*01	TRAJ6*01	TRBV3-1*01	TRBJ2-3*01	CARVGDDKIIF	tgtgctcgagtaggagatgacaagatcatcttt	CEGGSYIPTF	tgtgaggggggaagctacatacctacattt	CASSQDSPGAFTDTQYF	tgtgccagcagccaagactccccgggagcttttacggatacgcagtatttt	2	1	2	2	1
clonotype5102	UNK_S	1	TRAV17*01	TRAJ20*01			TRBV4-1*01	TRBJ1-4*01	CATDQGTLSF	tgtgctacggaccagggcacgctcagcttt			CASSQEQGSASNEKLFF	tgcgccagcagccaagagcaggggtcggcctctaatgaaaaactgtttttt	1	0	1	1	1
clonotype5103	UNK_S	1	TRAV1-2*01	TRAJ31*01			TRBV4-1*01	TRBJ2-4*01	CAVRDQGNNARLMF	tgtgctgtgagagatcagggtaacaatgccagactcatgttt			CASSQTLGGGAKNIQYF	tgcgccagcagccagaccttggggggaggagccaaaaacattcagtacttc	1	0	1	1	1
clonotype5104	UNK_S	1	TRAV4*01	TRAJ38*01	TRAV8-1*01	TRAJ43*01	TRBV9*01	TRBJ2-1*01	CLVFNAGNNRKLIW	tgcctcgtttttaatgctggcaacaaccgtaagctgatttgg	CAVKLNNNDMRF	tgtgccgtgaaactcaataacaatgacatgcgcttt	CASSNKLAGGRYNEQFF	tgtgccagcagcaacaaactagcgggagggagatacaatgagcagttcttc	2	1	2	2	1
clonotype5105	UNK_S	1	TRAV26-2*01	TRAJ21*01			TRBV9*01	TRBJ2-2*01	CILRDVPDFNKFYF	tgcatcctgagagacgtgcctgacttcaacaaattttacttt			CASSPRWTSGDTGELFF	tgtgccagcagcccgagatggactagcggtgacaccggggagctgtttttt	1	0	1	1	1
clonotype5106	UNK_S	1	TRAV35*01	TRAJ39*01			TRBV9*01	TRBJ1-2*01	CAGNNAGNMLTF	tgtgctgggaataatgcaggcaacatgctcaccttt			CASSGYHQGAGDYGYTF	tgtgccagcagcgggtaccatcagggggcaggtgactatggctacaccttc	1	0	1	1	1
clonotype5107	UNK_S	1	TRAV16*01	TRAJ40*01			TRBV9*01	TRBJ1-3*01	CALAPSGTYKYIF	tgtgctcttgcgccctcaggaacctacaaatacatcttt			CASSVGGGPSSGNTIYF	tgtgccagcagcgtaggggggggaccgagctctggaaacaccatatatttt	1	0	1	1	1
clonotype5108	UNK_S	1	TRAV14/DV4*01	TRAJ22*01	TRAV9-2*01	TRAJ20*01	TRBV14*01	TRBJ1-3*01	CAMREPTSGSARQLTF	tgtgcaatgagagaaccgacttctggttctgcaaggcaactgaccttt	CALSKDKLSF	tgtgctctgagtaaggacaagctcagcttt	CASSSRPGTGGNTIYF	tgtgccagcagctcccgccccgggacaggtggaaacaccatatatttt	2	1	2	2	1
clonotype5109	UNK_S	1	TRAV19*01	TRAJ17*01	TRAV16*01	TRAJ40*01	TRBV6-4*01	TRBJ2-3*01	CALSEIRAAGNKLTF	tgtgctctgagtgaaattagagctgcaggcaacaagctaactttt	CAPRVGSGTYKYIF	tgtgctccccgagtgggctcaggaacctacaaatacatcttt	CASSDRGWGTSTDTQYF	tgtgccagcagtgaccgaggatggggcactagcacagatacgcagtatttt	2	1	2	2	1
clonotype511	UNK_S	1	TRAV29/DV5*01	TRAJ12*01			TRBV20-1*01	TRBJ2-2*01	CALMDSSYKLIF	tgtgctctgatggatagcagctataaattgatcttc			CSARPAGEWELFF	tgcagtgctagacccgcgggagagtgggagctgtttttt	1	0	1	1	1
clonotype5110	UNK_S	1	TRAV27*01	TRAJ33*01			TRBV19*01	TRBJ2-2*01	CAGPPDSNYQLIW	tgtgcaggacccccggatagcaactatcagttaatctgg			CASKLLSGQSRTGELFF	tgtgccagtaagctgttatctggccaatcccgcaccggggagctgtttttt	1	0	1	1	1
clonotype5111	UNK_S	1	TRAV13-1*01	TRAJ26*01			TRBV11-1*01	TRBJ2-2*01	CAATYGQNFVF	tgtgcagcaacatatggtcagaattttgtcttt			CASSFRLAGLTGELFF	tgtgccagcagctttagactagcgggtttaaccggggagctgtttttt	1	0	1	1	1
clonotype5112	UNK_S	1	TRAV16*01	TRAJ15*01			TRBV6-6*01	TRBJ1-2*01	CALGIGQAGTALIF	tgtgctctagggatcggccaggcaggaactgctctgatcttt			CASTGIPRTDYNYGYTF	tgtgccagcaccgggataccgcggacagactataactatggctacaccttc	1	0	1	1	1
clonotype5113	UNK_S	1	TRAV26-2*01	TRAJ9*01			TRBV6-2*01	TRBJ2-5*01	CILRVVNTGGFKTIF	tgcatcctgagagtcgttaatactggaggcttcaaaactatcttt			CASSYARLAGNQETQYF	tgtgccagcagttacgcaagactagcgggaaaccaagagacccagtacttc	1	0	1	1	1
clonotype5114	UNK_S	1	TRAV26-2*01	TRAJ37*01	TRAV38-1*01	TRAJ28*01	TRBV20-1*01	TRBJ2-3*01	CALALGSSNTGKLIF	tgcgcactagcccttggctctagcaacacaggcaaactaatcttt	CAFMYPYSGAGSYQLTF	tgtgctttcatgtatccatactctggggctgggagttaccaactcactttc	CSALDTGTEARPSTDTQYF	tgcagtgccctcgacaccgggacagaagctcgtcctagcacagatacgcagtatttt	2	1	2	2	1
clonotype5115	UNK_S	1	TRAV34*01	TRAJ21*01			TRBV18*01	TRBJ2-1*01	CGAGNFNKFYF	tgtggagcggggaacttcaacaaattttacttt			CASSPASGITYNEQFF	tgtgccagctcaccggctagcgggataacctacaatgagcagttcttc	1	0	1	1	1
clonotype5116	UNK_S	1	TRAV30*01	TRAJ34*01			TRBV18*01	TRBJ2-1*01	CGTESTDKLIF	tgcggcacagagagcaccgacaagctcatcttt			CASSAQLSGSYNEQFF	tgtgccagctcagcacaacttagcggttcctacaatgagcagttcttc	1	0	1	1	1
clonotype5117	UNK_S	1	TRAV8-4*01	TRAJ43*01			TRBV12-3*01	TRBJ2-2*01	CAVSFNDMRF	tgtgctgtgagtttcaatgacatgcgcttt			CASSPTSGSRTGELFF	tgtgccagcagtccaactagcgggagtcggaccggggagctgtttttt	1	0	1	1	1
clonotype5118	UNK_S	1	TRAV35*01	TRAJ29*01	TRAV36/DV7*01	TRAJ45*01	TRBV2*01	TRBJ2-7*01	CAGQESGNTPLVF	tgtgctgggcaggaatcaggaaacacacctcttgtcttt	CASLYSGGGADGLTF	tgtgcctccctgtattcaggaggaggtgctgacggactcaccttt	CASSDATSGRSYEQYF	tgtgccagcagtgacgctactagcgggaggtcctacgagcagtacttc	2	1	2	2	1
clonotype5119	UNK_S	1	TRAV5*01	TRAJ20*01	TRAV12-1*01	TRAJ5*01	TRBV2*01	TRBJ2-3*01	CAEWGYKLSF	tgtgcagagtggggttacaagctcagcttt	CVVIYLTGRRALTF	tgtgtggtgatttatctaacgggcaggagagcacttactttt	CASSEVAGGQTDTQYF	tgtgccagcagtgaggtagcggggggccagacagatacgcagtatttt	2	1	2	2	1
clonotype512	UNK_S	1	TRAV19*01	TRAJ30*01			TRBV27*01	TRBJ2-7*01	CALSDFPMNRDDKIIF	tgtgctctgagtgacttccccatgaacagagatgacaagatcatcttt			CASSFGYEQYF	tgtgccagcagttttgggtacgagcagtacttc	1	0	1	1	1
clonotype5120	UNK_S	1	TRAV25*01	TRAJ44*01			TRBV5-8*01	TRBJ1-6*01	CAGPAGTASKLTF	tgtgcagggcccgccggcactgccagtaaactcaccttt			CASSFRQGSSYNSPLHF	tgtgccagcagcttccgacaggggagctcctataattcacccctccacttt	1	0	1	1	1
clonotype5121	UNK_S	1	TRAV17*01	TRAJ35*01	TRAV8-6*01	TRAJ23*01	TRBV10-3*01	TRBJ2-5*01	CATEDFGNVLHC	tgtgctacggaggactttgggaatgtgctgcattgc	CAVKGGKLIF	tgtgctgtgaagggaggaaagcttatcttc	CAISESGRGDVQETQYF	tgtgccatcagtgagtcagggaggggcgatgtacaagagacccagtacttc	2	1	2	2	1
clonotype5122	UNK_S	1	TRAV14/DV4*01	TRAJ20*01			TRBV7-9*01	TRBJ2-1*01	CNDYKLSF	tgtaacgactacaagctcagcttt			CASTPAVTGGHYEQFF	tgtgccagcaccccagcggttacgggagggcactatgagcagttcttc	1	0	1	1	1
clonotype5123	UNK_S	1	TRAV30*01	TRAJ49*01	TRAV8-6*01	TRAJ48*01	TRBV7-9*01	TRBJ2-2*01	CGTDKGNQFYF	tgcggcacagataagggtaaccagttctatttt	CAVSSNFGNEKLTF	tgtgctgtgagctctaactttggaaatgagaaattaaccttt	CASSNRDRGNTGELFF	tgtgccagcagcaaccgggacaggggaaacaccggggagctgtttttt	2	1	2	2	1
clonotype5124	UNK_S	1	TRAV26-2*01	TRAJ39*01			TRBV7-9*01	TRBJ1-6*01	CILRSQGNAGNMLTF	tgcatcctgagaagccaagggaatgcaggcaacatgctcaccttt			CASSSPGSSYNSPLHF	tgtgccagcagctcacctgggagctcctataattcacccctccacttt	1	0	1	1	1
clonotype5125	UNK_S	1	TRAV16*01	TRAJ23*01			TRBV7-9*01	TRBJ2-7*01	CALRVYNQGGKLIF	tgtgctcttcgagtttataaccagggaggaaagcttatcttc			CASSSSWDRRMGEQYV	tgtgccagcagctccagctgggacaggcgaatgggggagcagtacgtc	1	0	1	1	1
clonotype5126	UNK_S	1	TRAV35*01	TRAJ20*01			TRBV7-9*01	TRBJ2-5*01	CAGQRSNDYKLSF	tgtgctgggcagcgttctaacgactacaagctcagcttt			CASSLVGERGQETQYF	tgtgccagcagtctagtgggggagcggggacaagagacccagtacttc	1	0	1	1	1
clonotype5127	UNK_S	1	TRAV26-1*01	TRAJ38*01			TRBV7-9*01	TRBJ2-3*01	CIVRPNAGNNRKLIW	tgcatcgtcagacctaatgctggcaacaaccgtaagctgatttgg			CASSIRTGGEADTQYF	tgtgccagcagcatccggacagggggagaagcagatacgcagtatttt	1	0	1	1	1
clonotype5128	UNK_S	1	TRAV13-1*01	TRAJ35*01	TRAV26-1*01	TRAJ45*01	TRBV7-9*01	TRBJ2-3*01	CAASHFSGFGNVLHC	tgtgcagcatcccacttctcaggctttgggaatgtgctgcattgc	CIVRVLDGGADGLTF	tgcatcgtcagagtcttggacggaggtgctgacggactcaccttt	CASSLSRDPLTDTQYF	tgtgccagcagcttaagccgggacccactcacagatacgcagtatttt	2	1	2	2	1
clonotype5129	UNK_S	1	TRAV26-2*01	TRAJ23*01			TRBV7-3*01	TRBJ2-1*01	CILRSYGNQGGKLIF	tgcatcctgagatcctatgggaaccagggaggaaagcttatcttc			CASSARPSGGYNEQFF	tgtgccagcagcgcccgacctagcgggggatacaatgagcagttcttc	1	0	1	1	1
clonotype513	UNK_S	1	TRAV14/DV4*01	TRAJ49*01			TRBV3-1*01	TRBJ2-5*01	CAMREAPQTTGNQFYF	tgtgcaatgagagaggccccccagaccaccggtaaccagttctatttt			CASSQVETQYF	tgtgccagcagccaagtggagacccagtacttc	1	0	1	1	1
clonotype5130	UNK_S	1	TRAV25*01	TRAJ40*01			TRBV7-3*01	TRBJ2-3*01	CAGLRAGTYKYIF	tgtgcaggcctccgcgcaggaacctacaaatacatcttt			CASSFYGAGDTDTQYF	tgtgccagcagcttctatggtgccggggacacagatacgcagtatttt	1	0	1	1	1
clonotype5131	UNK_S	1	TRAV2*01	TRAJ31*01			TRBV11-2*01	TRBJ2-2*01	CAVEWAARLMF	tgtgctgtggagtgggctgccagactcatgttt			CASSKGTRSNTGELFF	tgtgccagcagcaaagggactaggtcgaacaccggggagctgtttttt	1	0	1	1	1
clonotype5132	UNK_S	1	TRAV16*01	TRAJ39*01			TRBV11-2*01	TRBJ2-1*01	CASGANNAGNMLTF	tgtgcttccggggcgaataatgcaggcaacatgctcaccttt			CASSLGSHIRINEQFF	tgtgccagcagcttaggttctcatatcaggatcaatgagcagttcttc	1	0	1	1	1
clonotype5133	UNK_S	1	TRAV8-2*01	TRAJ40*01			TRBV11-2*01	TRBJ2-1*01	CVVTFRRYIF	tgtgttgtgaccttcaggaggtacatcttt			CASSRATRGISNEQFF	tgtgccagcagtcgggcaaccagggggatctccaatgagcagttcttc	1	0	1	1	1
clonotype5134	UNK_S	1	TRAV27*01	TRAJ22*01	TRAV25*01	TRAJ45*01	TRBV7-8*01	TRBJ2-3*01	CAGAPGSARQLTF	tgtgcaggagctccgggttctgcaaggcaactgaccttt	CAGGNPGGGADGLTF	tgtgcagggggaaatccaggaggaggtgctgacggactcaccttt	CASSLDRGFSTDTQYF	tgtgccagcagcttagataggggttttagcacagatacgcagtatttt	2	1	2	2	1
clonotype5135	UNK_S	1	TRAV26-1*01	TRAJ13*01			TRBV7-2*01	TRBJ2-1*01	CIVQKLGGGYQKVTF	tgcatcgtccaaaaattgggggggggttaccagaaagttaccttt			CASSLDPVLARNEQFF	tgtgccagcagcttagatccggtactagcgagaaatgagcagttcttc	1	0	1	1	1
clonotype5136	UNK_S	1	TRAV35*01	TRAJ39*01			TRBV7-6*01	TRBJ2-2*01	CAGPNNAGNMLTF	tgtgctgggccaaataatgcaggcaacatgctcaccttt			CASSPPGAGDTGELFF	tgtgccagcagccccccaggagcgggagacaccggggagctgtttttt	1	0	1	1	1
clonotype5137	UNK_S	1	TRAV2*01	TRAJ8*01			TRBV27*01	TRBJ2-7*01	CAVRSFQKLVF	tgtgctgtgagaagctttcagaaacttgtattt			CASSPGLAGTGGYEQYF	tgtgccagcagtccgggactagcgggaacaggtggctacgagcagtacttc	1	0	1	1	1
clonotype5138	UNK_S	1	TRAV17*01	TRAJ8*01			TRBV27*01	TRBJ2-1*01	CATVRFQKLVF	tgtgctacggtacgctttcagaaacttgtattt			CASSEASGQLTYNEQFF	tgtgccagcagtgaggctagcgggcaactcacctacaatgagcagttcttc	1	0	1	1	1
clonotype514	UNK_S	1	TRAV29/DV5*01	TRAJ48*01			TRBV19*01	TRBJ1-6*01	CAARTGGNEKLTF	tgtgcagcaagaacgggtggaaatgagaaattaaccttt			CATGRNSPLHF	tgtgccacgggcagaaattcacccctccacttt	1	0	1	1	1
clonotype5140	UNK_S	1	TRAV26-1*01	TRAJ23*01			TRBV5-4*01	TRBJ1-3*01	CIVSRGYNQGGKLIF	tgcatcgtcagtcgcggatataaccagggaggaaagcttatcttc			CASSLSRDISSGNTIYF	tgtgccagcagcttgtcccgggacataagctctggaaacaccatatatttt	1	0	1	1	1
clonotype5141	UNK_S	1	TRAV2*01	TRAJ15*01			TRBV5-1*01	TRBJ2-2*01	CAVEGGTALIF	tgtgctgtggagggaggaactgctctgatcttt			CASSLGTGGADTGELFF	tgcgccagcagcttggggacagggggcgcggacaccggggagctgtttttt	1	0	1	1	1
clonotype5142	UNK_S	1	TRAV25*01	TRAJ33*01			TRBV12-4*01	TRBJ1-4*01	CAGFKDSNYQLIW	tgtgcagggttcaaggatagcaactatcagttaatctgg			CASSLSTVTDNEKLFF	tgtgccagcagtttatccacagtaaccgataatgaaaaactgtttttt	1	0	1	1	1
clonotype5143	UNK_S	1	TRAV27*01	TRAJ33*01			TRBV3-1*01	TRBJ2-1*01	CAGESSSNYQLIW	tgtgcaggagaaagtagtagcaactatcagttaatctgg			CASSQDVLAGDLYEQFF	tgtgccagcagccaagatgtactagcgggagatctttatgagcagttcttc	1	0	1	1	1
clonotype5144	UNK_S	1	TRAV21*01	TRAJ31*01			TRBV4-1*01	TRBJ2-1*01	CAVSGNARLMF	tgtgctgtgagtggcaatgccagactcatgttt			CASSQASGRGSYNEQFF	tgcgccagcagccaagctagcgggaggggctcctacaatgagcagttcttc	1	0	1	1	1
clonotype5145	UNK_S	1	TRAV4*01	TRAJ28*01			TRBV4-1*01	TRBJ2-7*01	CLVGEPGAGSYQLTF	tgcctcgtgggtgagcccggggctgggagttaccaactcactttc			CASSQGDLGFVAYEQYF	tgcgccagcagccaaggggaccttgggttcgtcgcctacgagcagtacttc	1	0	1	1	1
clonotype5146	UNK_S	1	TRAV25*01	TRAJ40*01			TRBV4-2*01	TRBJ1-5*01	CAGLTSGTYKYIF	tgtgcagggcttacctcaggaacctacaaatacatcttt			CASSQGDRRGDNQPQHF	tgtgccagcagccaaggggacaggagaggagacaatcagccccagcatttt	1	0	1	1	1
clonotype5147	UNK_S	1	TRAV8-3*01	TRAJ20*01			TRBV4-2*01	TRBJ2-3*01	CAVGADKLSF	tgtgctgtgggtgcggacaagctcagcttt			CASSRPGLAENTDTQYF	tgtgccagcagccgaccgggactagcggaaaacacagatacgcagtatttt	1	0	1	1	1
clonotype5148	UNK_S	1	TRAV26-1*01	TRAJ42*01			TRBV9*01	TRBJ2-6*01	CILQNYGGSQGNLIF	tgcatcctccaaaattatggaggaagccaaggaaatctcatcttt			CASSRQVSGSGANVLTF	tgtgccagcagccgacaggtttcgggctctggggccaacgtcctgactttc	1	0	1	1	1
clonotype5149	UNK_S	1	TRAV26-1*01	TRAJ39*01			TRBV9*01	TRBJ2-1*01	CIVSYLNNAGNMLTF	tgcatcgtcagttaccttaataatgcaggcaacatgctcaccttt			CASSVGTSGSSYNEQFF	tgtgccagcagcgtagggactagcgggagctcctacaatgagcagttcttc	1	0	1	1	1
clonotype515	UNK_S	1	TRAV14/DV4*01	TRAJ28*01			TRBV29-1*01	TRBJ1-2*01	CAMREGYGGAGSYQLTF	tgtgcaatgagagagggctatggtggggctgggagttaccaactcactttc			CSVEDQGRYGYTF	tgcagcgttgaagatcaggggagatatggctacaccttc	1	0	1	1	1
clonotype5150	UNK_S	1	TRAV26-1*01	TRAJ53*01			TRBV9*01	TRBJ2-3*01	CIVTSSGGSNYKLTF	tgcatcgtcacttctagtggaggtagcaactataaactgacattt			CASSVGLGGLLVDTQYF	tgtgccagcagcgtagggttggggggcctcctggtagatacgcagtatttt	1	0	1	1	1
clonotype5151	UNK_S	1	TRAV26-1*01	TRAJ8*01			TRBV15*01	TRBJ2-7*01	CIVRPVNTGFQKLVF	tgcatcgtcagacccgtgaacacaggctttcagaaacttgtattt			CATSREPILTSFDEQYF	tgtgccaccagcagagaacctattctgactagtttcgacgagcagtacttc	1	0	1	1	1
clonotype5152	UNK_S	1	TRAV12-1*01	TRAJ3*01	TRAV1-2*01	TRAJ16*01	TRBV14*01	TRBJ2-1*01	CVAMYSSASKIIF	tgtgtggccatgtacagcagtgcttccaagataatcttt	CAVRVFFSDGQKLLF	tgtgctgtgagagtttttttttcagatggccagaagctgctcttt	CASSQQDFSSYNEQFF	tgtgccagcagccaacaggactttagctcctacaatgagcagttcttc	2	1	2	2	1
clonotype5153	UNK_S	1	TRAV4*01	TRAJ3*01			TRBV14*01	TRBJ2-7*01	CLVGVLYSSASKIIF	tgcctcgtgggtgtcttgtacagcagtgcttccaagataatcttt			CASSQDSTSGDYEQYF	tgtgccagcagccaagattcaactagcggagactacgagcagtacttc	1	0	1	1	1
clonotype5154	UNK_S	1	TRAV25*01	TRAJ54*01			TRBV25-1*01	TRBJ2-6*01	CAAELFQGAQKLVF	tgtgcagctgagctttttcagggagcccagaagctggtattt			CASSEGQSLSGANVLTF	tgtgccagcagtgaagggcagagcctctctggggccaacgtcctgactttc	1	0	1	1	1
clonotype5156	UNK_S	1	TRAV26-1*01	TRAJ50*01			TRBV19*01	TRBJ1-3*01	CIVRGVGGTSYDKVIF	tgcatcgtcagaggggtaggcggaacctcctacgacaaggtgatattt			CASSIGRGLRPVNTIYF	tgtgccagtagtataggtcggggactcaggcccgtaaacaccatatatttt	1	0	1	1	1
clonotype5157	UNK_S	1	TRAV34*01	TRAJ49*01			TRBV19*01	TRBJ2-5*01	CGADRPGNQFYF	tgtggagcagacagacccggtaaccagttctatttt			CASSIPGSRFNVETQYF	tgtgccagtagtatcccagggtcgagattcaatgttgagacccagtacttc	1	0	1	1	1
clonotype5158	UNK_S	1	TRAV21*01	TRAJ11*01			TRBV19*01	TRBJ1-5*01	CAVNSGYSTLTF	tgtgctgtgaattcaggatacagcaccctcaccttt			CASMTLKQGVNNQPQHF	tgtgccagtatgacactgaaacagggggtaaacaatcagccccagcatttt	1	0	1	1	1
clonotype5159	UNK_S	1	TRAV27*01	TRAJ28*01			TRBV11-1*01	TRBJ1-6*01	CAAHSGAGSYQLTF	tgtgcagcccactctggggctgggagttaccaactcactttc			CASSPWRSSYNSPLHF	tgtgccagcagcccgtggaggagctcctataattcacccctccacttt	1	0	1	1	1
clonotype5160	UNK_S	1	TRAV3*01	TRAJ21*01			TRBV11-1*01	TRBJ2-2*01	CAVYNFNKFYF	tgtgctgtatacaacttcaacaaattttacttt			CASSADWTVNTGELFF	tgtgccagcagcgcagactggacagttaacaccggggagctgtttttt	1	0	1	1	1
clonotype5161	UNK_S	1	TRAV25*01	TRAJ16*01	TRAV17*01	TRAJ6*01	TRBV6-6*01	TRBJ2-1*01	CAEPPFSDGQKLLF	tgtgcagagcccccgttttcagatggccagaagctgctcttt	CATDGELSGGSYIPTF	tgtgctacggacggagaattatcaggaggaagctacatacctacattt	CASSYSIIPVLNNEQFF	tgtgccagcagttactcgattattccggtattgaacaatgagcagttcttc	2	1	2	2	1
clonotype5162	UNK_S	1	TRAV21*01	TRAJ57*01			TRBV6-6*01	TRBJ2-2*01	CAVRGGSEKLVF	tgtgctgtgaggggcggatctgaaaagctggtcttt			CASSYQHGTVNTGELFF	tgtgccagcagttaccagcacgggacagtgaacaccggggagctgtttttt	1	0	1	1	1
clonotype5163	UNK_S	1	TRAV12-2*01	TRAJ20*01			TRBV6-5*01	TRBJ1-6*01	CAVNNDYKLSF	tgtgccgtgaacaacgactacaagctcagcttt			CASSYTPEGGGNSPLHF	tgtgccagcagttacactcccgaaggtggcgggaattcacccctccacttt	1	0	1	1	1
clonotype5164	UNK_S	1	TRAV26-1*01	TRAJ44*01			TRBV6-5*01	TRBJ1-1*01	CIVRVTNTGTASKLTF	tgcatcgtcagagtcacgaataccggcactgccagtaaactcaccttt			CASSYSYLQGMNTEAFF	tgtgccagcagttactcatacctacagggcatgaacactgaagctttcttt	1	0	1	1	1
clonotype5165	UNK_S	1	TRAV26-1*01	TRAJ23*01			TRBV6-5*01	TRBJ2-1*01	CIVRPPSYNQGGKLIF	tgcatcgtcagaccgccgtcttataaccagggaggaaagcttatcttc			CASSYSKQTGAYNEQFF	tgtgccagcagttactcgaagcaaacaggggcctacaatgagcagttcttc	1	0	1	1	1
clonotype5166	UNK_S	1	TRAV17*01	TRAJ58*01			TRBV6-5*01	TRBJ1-6*01	CATDPSGSRLTF	tgtgctacggaccccagtggctctaggttgaccttt			CASSYIPVGTEWSPLHF	tgtgccagcagttatataccggttgggacagaatggtcacccctccacttt	1	0	1	1	1
clonotype5167	UNK_S	1	TRAV26-1*01	TRAJ22*01			TRBV6-5*01	TRBJ1-1*01	CIVRPLSSGSARQLTF	tgcatcgtcagacccctttcttctggttctgcaaggcaactgaccttt			CASSWRTGRVMNTEAFF	tgtgccagcagttggaggacagggagggtcatgaacactgaagctttcttt	1	0	1	1	1
clonotype5168	UNK_S	1	TRAV26-1*01	TRAJ52*01			TRBV6-1*01	TRBJ1-2*01	CIVRSAGGTSYGKLTF	tgcatcgtcagatccgctggtggtactagctatggaaagctgacattt			CASSDPGHHHSNYGYTF	tgtgccagcagtgacccgggacaccaccattctaactatggctacaccttc	1	0	1	1	1
clonotype5169	UNK_S	1	TRAV26-1*01	TRAJ32*01			TRBV6-1*01	TRBJ2-6*01	CIVRAHYGGATNKLIF	tgcatcgtcagggctcattatggtggtgctacaaacaagctcatcttt			CASSVLGDRVVLNVLTF	tgtgccagcagtgtattgggggacagggtggtattgaacgtcctgactttc	1	0	1	1	1
clonotype517	UNK_S	1	TRAV14/DV4*01	TRAJ10*01			TRBV6-2*01	TRBJ2-7*01	CAMRDDLILTGGGNKLTF	tgtgcaatgagagacgaccttatactcacgggaggaggaaacaaactcaccttt			CASSRGGEQYF	tgtgccagcagtcgagggggcgagcagtacttc	1	0	1	1	1
clonotype5170	UNK_S	1	TRAV25*01	TRAJ53*01			TRBV6-2*01	TRBJ1-5*01	CAGRRGGSNYKLTF	tgtgcagggaggagaggaggtagcaactataaactgacattt			CASANPPGTDSNQPQHF	tgtgccagcgcaaaccctcccgggacagatagcaatcagccccagcatttt	1	0	1	1	1
clonotype5171	UNK_S	1	TRAV17*01	TRAJ5*01			TRBV18*01	TRBJ1-3*01	CATDTGRRALTF	tgtgctacggacacgggcaggagagcacttactttt			CASSPPDSVSGNTIYF	tgtgccagctcaccaccggacagcgtctctggaaacaccatatatttt	1	0	1	1	1
clonotype5172	UNK_S	1	TRAV21*01	TRAJ15*01			TRBV18*01	TRBJ2-1*01	CAIIQAGTALIF	tgcgccattatccaggcaggaactgctctgatcttt			CASSPYPVGSGNEQFF	tgtgccagctcaccttaccccgttgggtctggcaatgagcagttcttc	1	0	1	1	1
clonotype5173	UNK_S	1	TRAV2*01	TRAJ9*01			TRBV18*01	TRBJ2-3*01	CAVPTGGFKTIF	tgtgctgtcccgactggaggcttcaaaactatcttt			CASSPEGLAHTDTQYF	tgtgccagctcaccagagggactagcgcacacagatacgcagtatttt	1	0	1	1	1
clonotype5174	UNK_S	1	TRAV27*01	TRAJ57*01			TRBV18*01	TRBJ1-4*01	CAAKTQGGSEKLVF	tgtgcagccaagactcagggcggatctgaaaagctggtcttt			CASSRLDRGKNEKLFF	tgtgccagctcgcgtttggacaggggaaagaatgaaaaactgtttttt	1	0	1	1	1
clonotype5175	UNK_S	1	TRAV8-4*01	TRAJ26*01			TRBV12-3*01	TRBJ2-1*01	CAVNYGQNFVF	tgtgctgtgaactatggtcagaattttgtcttt			CASSVGTSGYYNEQFF	tgtgccagcagtgtcgggactagcggatactacaatgagcagttcttc	1	0	1	1	1
clonotype5176	UNK_S	1	TRAV4*01	TRAJ22*01			TRBV2*01	TRBJ2-5*01	CLVDGISSGSARQLTF	tgcctcgtggatggaatttcttctggttctgcaaggcaactgaccttt			CASSEASGRSRETQYF	tgtgccagcagtgaggctagcgggaggtcgagggagacccagtacttc	1	0	1	1	1
clonotype5177	UNK_S	1	TRAV26-1*01	TRAJ8*01	TRAV16*01	TRAJ18*01	TRBV28*01	TRBJ2-6*01	CIVRVGGANTGFQKLVF	tgcatcgtcagagtcgggggcgcgaacacaggctttcagaaacttgtattt	CAPADRGSTLGRLYF	tgtgctccggccgacagaggctcaaccctggggaggctatacttt	CASSFGQGFSGANVLTF	tgtgccagcagtttcggacaggggttctctggggccaacgtcctgactttc	2	1	2	2	1
clonotype5178	UNK_S	1	TRAV12-1*01	TRAJ15*01			TRBV7-9*01	TRBJ2-2*01	CVVNWGGTALIF	tgtgtggtgaactggggaggaactgctctgatcttt			CASSWTPGQSTGELFF	tgtgccagcagctggacaccgggacagagcaccggggagctgtttttt	1	0	1	1	1
clonotype5179	UNK_S	1	TRAV21*01	TRAJ24*01			TRBV7-3*01	TRBJ2-1*01	CAVIDSWGKLQF	tgtgctgtgattgacagctgggggaaattgcagttt			CASSPELGSSYNEQFF	tgtgccagcagccccgaactaggcagctcctacaatgagcagttcttc	1	0	1	1	1
clonotype518	UNK_S	1	TRAV23/DV6*01	TRAJ41*01			TRBV29-1*01	TRBJ2-7*01	CAAARSGYALNF	tgtgcagcagctcgttccgggtatgcactcaacttc			CSVQLAGTHEQYV	tgcagcgtccagctagcgggaacccacgagcagtacgtc	1	0	1	1	1
clonotype5180	UNK_S	1	TRAV8-4*01	TRAJ17*01	TRAV2*01	TRAJ31*01	TRBV11-2*01	TRBJ2-1*01	CAVILIKAAGNKLTF	tgtgctgtgatcttgatcaaagctgcaggcaacaagctaactttt	CAVEKVHARLMF	tgtgctgtggaaaaggttcatgccagactcatgttt	CASSQLAGGPANEQFF	tgtgccagcagccaactagcgggagggcctgccaatgagcagttcttc	2	1	2	2	1
clonotype5181	UNK_S	1	TRAV13-1*01	TRAJ28*01	TRAV9-2*01	TRAJ22*01	TRBV11-2*01	TRBJ2-3*01	CAASTRATGAGSYQLTF	tgtgcagcaagtacacgggcaactggggctgggagttaccaactcactttc	CALTGSARQLTF	tgtgctctgactggttctgcaaggcaactgaccttt	CASSLVGQGPTDTQYF	tgtgccagcagcttagtgggacaggggcccacagatacgcagtatttt	2	1	2	2	1
clonotype5182	UNK_S	1	TRAV5*01	TRAJ39*01			TRBV11-2*01	TRBJ2-1*01	CAESIGNMLTF	tgtgcagagagtataggcaacatgctcaccttt			CASSFLGSGGDNEQFF	tgtgccagcagctttttgggcagtggaggcgacaatgagcagttcttc	1	0	1	1	1
clonotype5183	UNK_S	1	TRAV35*01	TRAJ30*01			TRBV7-8*01	TRBJ2-7*01	CAGPHFPRDDKIIF	tgtgctgggccgcacttccccagagatgacaagatcatcttt			CASSQPRQGWNYEQYF	tgtgccagcagccaaccccgacaggggtggaactacgagcagtacttc	1	0	1	1	1
clonotype5184	UNK_S	1	TRAV21*01	TRAJ6*01			TRBV7-8*01	TRBJ2-7*01	CAVRGGSYIPTF	tgtgctgtgagaggaggaagctacatacctacattt			CASSPNSGTVSYEQYF	tgtgccagcagccccaactccgggacagtctcctacgagcagtacttc	1	0	1	1	1
clonotype5185	UNK_S	1	TRAV12-1*01	TRAJ26*01			TRBV7-2*01	TRBJ2-4*01	CVAGVRGQNFVF	tgtgtggcgggggttagaggtcagaattttgtcttt			CASSSLNLAGGNIQYF	tgtgccagcagctccctgaacctagcgggagggaacattcagtacttc	1	0	1	1	1
clonotype5186	UNK_S	1	TRAV13-1*01	TRAJ24*01			TRBV7-2*01	TRBJ1-5*01	CAATDSWGKLQF	tgtgcggcaactgacagctgggggaaattgcagttt			CASSLLPSGAGQPQHF	tgtgccagcagcttattaccttctggcgcgggtcagccccagcatttt	1	0	1	1	1
clonotype5187	UNK_S	1	TRAV21*01	TRAJ24*01			TRBV7-6*01	TRBJ2-7*01	CAALDSWGKLQF	tgtgctgcccttgacagctgggggaaattgcagttt			CASSRGTSGSSYEQYV	tgtgccagcagcagggggactagcgggagctcctacgagcagtacgtc	1	0	1	1	1
clonotype5188	UNK_S	1	TRAV13-1*01	TRAJ49*01			TRBV7-6*01	TRBJ2-1*01	CALRTPGNQFYF	tgtgcactacgaactcccggtaaccagttctatttt			CASSLGLAGAYNEQFF	tgtgccagcagcctgggactagcgggagcatacaatgagcagttcttc	1	0	1	1	1
clonotype5189	UNK_S	1	TRAV12-1*01	TRAJ41*01			TRBV27*01	TRBJ2-3*01	CVVNVPGYALNF	tgtgtggtgaacgtccctgggtatgcactcaacttc			CASSRAGTSGRTDTQYF	tgtgccagcagtagggccgggactagcgggaggacagatacgcagtatttt	1	0	1	1	1
clonotype519	UNK_S	1	TRAV19*01	TRAJ53*01			TRBV29-1*01	TRBJ1-5*01	CALSDWGNSGGSNYKLTF	tgtgctctgagtgactggggtaatagtggaggtagcaactataaactgacattt			CSVGQGNNQPQHF	tgcagcgttggccagggaaacaatcagccccagcatttt	1	0	1	1	1
clonotype5190	UNK_S	1	TRAV41*01	TRAJ26*01			TRBV27*01	TRBJ2-3*01	CAVNNYGQNFVF	tgtgctgtcaataactatggtcagaattttgtcttt			CAIGRLAGGRGIDTQYF	tgtgccatcgggaggctagcgggaggccgggggatagatacgcagtatttt	1	0	1	1	1
clonotype5191	UNK_S	1	TRAV25*01	TRAJ42*01			TRBV5-5*01	TRBJ1-2*01	CAGNYGGSQGNLIF	tgtgcagggaattatggaggaagccaaggaaatctcatcttt			CASSSTWASGPNYGYTF	tgtgccagcagctcgacctgggcgtcgggtccaaactatggctacaccttc	1	0	1	1	1
clonotype5192	UNK_S	1	TRAV21*01	TRAJ9*01			TRBV5-1*01	TRBJ1-2*01	CAYRWGGFKTIF	tgtgcttaccgatggggaggcttcaaaactatcttt			CASTIGGLQGPADGYTF	tgcgccagcactatagggggcttacagggccccgccgatggctacaccttc	1	0	1	1	1
clonotype5193	UNK_S	1	TRAV9-2*01	TRAJ31*01			TRBV5-1*01	TRBJ2-5*01	CALSGPNARLMF	tgtgctctgagcggccccaatgccagactcatgttt			CASSFGLAGQRRETQYF	tgcgccagcagctttgggctagcgggtcaaaggcgggagacccagtacttc	1	0	1	1	1
clonotype5194	UNK_S	1	TRAV27*01	TRAJ23*01			TRBV3-1*01	TRBJ1-2*01	CAGILYNQGGKLIF	tgtgcaggaatcctttataaccagggaggaaagcttatcttc			CASSQSLGQGAYYGYTF	tgtgccagcagccaatctttgggacagggggcttactatggctacaccttc	1	0	1	1	1
clonotype5195	UNK_S	1	TRAV12-1*01	TRAJ48*01	TRAV21*01	TRAJ40*01	TRBV3-1*01	TRBJ2-2*01	CVVNLSNFGNEKLTF	tgtgtggtgaacttatccaactttggaaatgagaaattaaccttt	CAVTSGTYKYIF	tgtgctgtgacgtcaggaacctacaaatacatcttt	CASSLWTSGRAPGELFF	tgtgccagcagcctatggactagcgggagggcccccggggagctgtttttt	2	1	2	2	1
clonotype5196	UNK_S	1	TRAV9-2*01	TRAJ27*01			TRBV25-1*01	TRBJ2-3*01	CALSSTNAGKSTF	tgtgctctgagcagcaccaatgcaggcaaatcaaccttt			CASSGTSGRAGTDTQYF	tgtgccagcagtggtactagcgggagggcgggcacagatacgcagtatttt	1	0	1	1	1
clonotype5197	UNK_S	1	TRAV17*01	TRAJ30*01			TRBV19*01	TRBJ2-3*01	CATVRNRDDKIIF	tgtgctacggttcggaacagagatgacaagatcatcttt			CASSARMSRTDTDTQYF	tgtgccagtagcgcgcgaatgtcccgaaccgacacagatacgcagtatttt	1	0	1	1	1
clonotype5199	UNK_S	1	TRAV12-3*01	TRAJ20*01			TRBV19*01	TRBJ2-5*01	CAMSWDYKLSF	tgtgcaatgagctgggactacaagctcagcttt			CASSIDGQGSDQETQYF	tgtgccagtagtatagatggacaggggtcagaccaagagacccagtacttc	1	0	1	1	1
clonotype520	UNK_S	1	TRAV29/DV5*01	TRAJ34*01			TRBV9*01	TRBJ1-2*01	CAASESYNTDKLIF	tgtgcagcaagcgaatcttataacaccgacaagctcatcttt			CASSGNYGYTF	tgtgccagcagcggaaactatggctacaccttc	1	0	1	1	1
clonotype5200	UNK_S	1	TRAV12-1*01	TRAJ40*01			TRBV6-1*01	TRBJ2-1*01	CVVKFQGTYKYIF	tgtgtggtgaagttccaaggaacctacaaatacatcttt			CASSEPHLAILYNEQFF	tgtgccagcagtgaacctcatctagcgattctctacaatgagcagttcttc	1	0	1	1	1
clonotype5201	UNK_S	1	TRAV17*01	TRAJ53*01	TRAV9-2*01	TRAJ49*01	TRBV6-1*01	TRBJ1-5*01	CATGGGSNYKLTF	tgtgctacggggggaggtagcaactataaactgacattt	CALSVNTGNQFYF	tgtgctctgagtgtgaacaccggtaaccagttctatttt	CASSDGRTGGSNQPQHF	tgtgccagcagtgatggacgaacagggggcagcaatcagccccagcatttt	2	1	2	2	1
clonotype5202	UNK_S	1	TRAV2*01	TRAJ43*01			TRBV6-1*01	TRBJ2-3*01	CAAGWYNNNDMRF	tgtgctgccgggtggtacaataacaatgacatgcgcttt			CASSAGRISKGTDTQYF	tgtgccagcagtgcaggacggattagcaagggcacagatacgcagtatttt	1	0	1	1	1
clonotype5203	UNK_S	1	TRAV12-1*01	TRAJ37*01			TRBV6-1*01	TRBJ2-2*01	CVVNQGNTGKLIF	tgtgtggtgaaccagggcaacacaggcaaactaatcttt			CASSAQTSGVNTGELFF	tgtgccagcagtgctcagactagcggggtgaacaccggggagctgtttttt	1	0	1	1	1
clonotype5204	UNK_S	1	TRAV21*01	TRAJ11*01			TRBV6-2*01	TRBJ1-1*01	CAVTDSGYSTLTF	tgtgctgtgactgattcaggatacagcaccctcaccttt			CASSYSPRGQLNTEAFF	tgtgccagcagttactcccctcggggccaattaaacactgaagctttcttt	1	0	1	1	1
clonotype5205	UNK_S	1	TRAV13-1*01	TRAJ39*01			TRBV6-2*01	TRBJ2-3*01	CAASPYAGNMLTF	tgtgcagcaagtccctacgcaggcaacatgctcaccttt			CASRNWAGEHHTDTQYF	tgtgccagccgtaattgggcgggggagcaccacacagatacgcagtatttt	1	0	1	1	1
clonotype5206	UNK_S	1	TRAV12-1*01	TRAJ42*01			TRBV30*01	TRBJ1-5*01	CVVTGGSQGNLIF	tgtgtggtgaccggaggaagccaaggaaatctcatcttt			CAWSVNIMRVGHGYEPQHF	tgtgcctggagtgtcaatataatgcgggtaggacatggatatgagccccagcatttt	1	0	1	1	1
clonotype5207	UNK_S	1	TRAV41*01	TRAJ54*01			TRBV20-1*01	TRBJ2-1*01	CAVRWSGAQKLVF	tgtgctgtcagatggtcaggagcccagaagctggtattt			CSARAGTGGSVSSYNEQFF	tgcagtgctagggccgggacagggggttctgtgagctcctacaatgagcagttcttc	1	0	1	1	1
clonotype5208	UNK_S	1	TRAV17*01	TRAJ17*01			TRBV18*01	TRBJ2-2*01	CATVKAAGNKLTF	tgtgctactgttaaagctgcaggcaacaagctaactttt			CASSPRASGPAGELFF	tgtgccagctcaccccgggctagcgggccggccggggagctgtttttt	1	0	1	1	1
clonotype5209	UNK_S	1	TRAV26-1*01	TRAJ45*01			TRBV18*01	TRBJ1-1*01	CIVRVPNSGGGADGLTF	tgcatcgtcagagtccccaattcaggaggaggtgctgacggactcaccttt			CASSPLDFATNTEAFF	tgtgccagctcacccctggattttgcaacgaacactgaagctttcttt	1	0	1	1	1
clonotype521	UNK_S	1	TRAV29/DV5*01	TRAJ34*01			TRBV9*01	TRBJ1-2*01	CAASESYNTDKLIF	tgtgcagcaagcgaaagttataacaccgacaagctcatcttt			CASSGNYGYTF	tgtgccagcagcgggaactatggctacaccttc	1	0	1	1	1
clonotype5210	UNK_S	1	TRAV12-2*01	TRAJ40*01			TRBV18*01	TRBJ1-4*01	CAVLSGTYKYIF	tgtgccgttctctcaggaacctacaaatacatcttt			CASSRGPLGSNEKLFF	tgtgccagctcacgggggcccttggggtctaatgaaaaactgtttttt	1	0	1	1	1
clonotype5211	UNK_S	1	TRAV36/DV7*01	TRAJ15*01			TRBV18*01	TRBJ1-4*01	CAYNQAGTALIF	tgtgcgtacaaccaggcaggaactgctctgatcttt			CASSLVPGQGYEKLFF	tgtgccagctcacttgttccgggacagggttatgaaaaactgtttttt	1	0	1	1	1
clonotype5212	UNK_S	1	TRAV13-2*01	TRAJ29*01			TRBV18*01	TRBJ2-1*01	CAENSGNTPLVF	tgtgcagagaattcaggaaacacacctcttgtcttt			CASSDFQRIGGNEQFF	tgtgccagctcagacttccagaggatagggggcaatgagcagttcttc	1	0	1	1	1
clonotype5213	UNK_S	1	TRAV26-1*01	TRAJ44*01	TRAV9-2*01	TRAJ53*01	TRBV18*01	TRBJ2-2*01	CIVRLRINTGTASKLTF	tgcatcgtcagactacgaataaataccggcactgccagtaaactcaccttt	CALITGSNYKLTF	tgtgctctcatcacggggagcaactataaactgacattt	CASFNGQGARDGELFF	tgtgccagctttaacggacagggggcgcgagacggggagctgtttttt	2	1	2	2	1
clonotype5214	UNK_S	1	TRAV4*01	TRAJ40*01			TRBV12-3*01	TRBJ2-1*01	CLVGALLTTSGTYKYIF	tgcctcgtgggtgcgctccttactacctcaggaacctacaaatacatcttt			CASSIPAGGVGNEQFF	tgtgccagcagtatcccagcgggaggtgttggcaatgagcagttcttc	1	0	1	1	1
clonotype5215	UNK_S	1	TRAV41*01	TRAJ45*01			TRBV12-3*01	TRBJ2-2*01	CAASDGGADGLTF	tgtgctgcctcggatggaggtgctgacggactcaccttt			CASSKTSGANTGELFF	tgtgccagcagtaagactagcggagccaacaccggggagctgtttttt	1	0	1	1	1
clonotype5216	UNK_S	1	TRAV17*01	TRAJ31*01			TRBV12-3*01	TRBJ2-5*01	CATDAYNNARLMF	tgtgctacggacgcctataacaatgccagactcatgttt			CASSARQIEAGETQYF	tgtgccagcagtgccagacagattgaggcgggggagacccagtacttc	1	0	1	1	1
clonotype5217	UNK_S	1	TRAV36/DV7*01	TRAJ54*01			TRBV12-3*01	TRBJ2-1*01	CALIQGAQKLVF	tgtgcattaattcagggagcccagaagctggtattt			CASSFLAGVSYNEQFF	tgtgccagcagtttcctagcgggagtgtcctacaatgagcagttcttc	1	0	1	1	1
clonotype5218	UNK_S	1	TRAV21*01	TRAJ22*01			TRBV2*01	TRBJ2-1*01	CALNSGSARQLTF	tgtgctcttaattctggttctgcaaggcaactgaccttt			CASRSHRDSLRYEQFF	tgtgccagcagaagccaccgggacagcctccgctatgagcagttcttc	1	0	1	1	1
clonotype5219	UNK_S	1	TRAV12-2*01	TRAJ27*01			TRBV28*01	TRBJ2-3*01	CAVMGSAGKSTF	tgtgccgtgatgggtagtgcaggcaaatcaaccttt			CASSPFRLAASTDTQYF	tgtgccagcagtcccttccgactagccgctagcacagatacgcagtatttt	1	0	1	1	1
clonotype522	UNK_S	1	TRAV29/DV5*01	TRAJ28*01			TRBV30*01	TRBJ1-4*01	CAASATGAGSYQLTF	tgtgcagcaagcgctacaggggctgggagttaccaactcactttc			CAWSTTGGAGLFF	tgtgcctggagtaccacagggggcgcgggtctgtttttt	1	0	1	1	1
clonotype5220	UNK_S	1	TRAV12-2*01	TRAJ3*01			TRBV28*01	TRBJ2-1*01	CAVTSSASKIIF	tgtgccgtgaccagcagtgcttccaagataatcttt			CASSLFQAGGVYNEQFF	tgtgccagcagtctatttcaagcgggaggtgtgtacaatgagcagttcttc	1	0	1	1	1
clonotype5221	UNK_S	1	TRAV12-3*01	TRAJ23*01			TRBV28*01	TRBJ2-3*01	CAMSKGGKLIF	tgtgcaatgagtaagggaggaaagcttatcttc			CASSFQAVGANTDTQYF	tgtgccagcagttttcaggccgttggggcgaacacagatacgcagtatttt	1	0	1	1	1
clonotype5222	UNK_S	1	TRAV13-2*01	TRAJ11*01			TRBV7-9*01	TRBJ1-4*01	CAENNGYSTLTF	tgtgcagagaataacggatacagcaccctcaccttt			CASSLWPGRPNEKLFF	tgtgccagcagcttatggcccggcaggccgaatgaaaaactgtttttt	1	0	1	1	1
clonotype5223	UNK_S	1	TRAV13-2*01	TRAJ31*01			TRBV7-3*01	TRBJ2-1*01	CAETVGNARLMF	tgtgcagagacggtgggcaatgccagactcatgttt			CASSPVGGGLYNEQFF	tgtgccagcagcccggtcgggggggggctttacaatgagcagttcttc	1	0	1	1	1
clonotype5224	UNK_S	1	TRAV9-2*01	TRAJ4*01			TRBV11-2*01	TRBJ2-7*01	CALSSGGYNKLIF	tgtgctctttcatctggtggctacaataagctgattttt			CASSPVWGGKGYEQYF	tgtgccagcagcccagtgtggggcgggaaaggctacgagcagtacttc	1	0	1	1	1
clonotype5225	UNK_S	1	TRAV22*01	TRAJ28*01			TRBV11-2*01	TRBJ2-1*01	CALPGSGAGSYQLTF	tgtgccctacccggctctggggctgggagttaccaactcactttc			CASSPGMIAVYNEQFF	tgtgccagcagcccggggatgatagcggtatacaatgagcagttcttc	1	0	1	1	1
clonotype5226	UNK_S	1	TRAV35*01	TRAJ42*01			TRBV11-2*01	TRBJ1-3*01	CAGQNYGGSQGNLIF	tgtgctggccagaattatggaggaagccaaggaaatctcatcttt			CASSLRGRPSGNTIYF	tgtgccagcagcttacgaggacggccctctggaaacaccatatatttt	1	0	1	1	1
clonotype5227	UNK_S	1	TRAV9-2*01	TRAJ4*01	TRAV13-1*01	TRAJ15*01	TRBV11-2*01	TRBJ1-2*01	CALVSGGYNKLIF	tgtgctctggtttctggtggctacaataagctgattttt	CAALITNQAGTALIF	tgtgcagcactcatcactaaccaggcaggaactgctctgatcttt	CASSLDSPPANYGYTF	tgtgccagcagcttagattcccccccagcgaactatggctacaccttc	2	1	2	2	1
clonotype5229	UNK_S	1	TRAV8-4*01	TRAJ27*01			TRBV7-2*01	TRBJ2-2*01	CAVKGNAGKSTF	tgtgctgtgaagggcaatgcaggcaaatcaaccttt			CASTPLGGDNAGELFF	tgtgccagcaccccactagggggggataacgccggggagctgtttttt	1	0	1	1	1
clonotype523	UNK_S	1	TRAV38-2/DV8*01	TRAJ52*01			TRBV30*01	TRBJ2-4*01	CAYRANTNAGGTSYGKLTF	tgtgcttatagggctaatactaatgctggtggtactagctatggaaagctgacattt			CAWGFRAKNIQYF	tgtgcctggggatttagggccaaaaacattcagtacttc	1	0	1	1	1
clonotype5230	UNK_S	1	TRAV21*01	TRAJ36*01			TRBV7-2*01	TRBJ2-3*01	CAVPQTGANNLFF	tgtgctgtaccccaaactggggcaaacaacctcttcttt			CASSLGGRGPQDTQYF	tgtgccagcagcttaggtggcagggggccccaggatacgcagtatttt	1	0	1	1	1
clonotype5231	UNK_S	1	TRAV26-1*01	TRAJ24*01			TRBV7-2*01	TRBJ2-5*01	CIVRGRGTTDSWGKLQF	tgcatcgtcagaggccgtgggacaactgacagctgggggaaattgcagttt			CASSFPESGSQETQYF	tgtgccagcagcttcccagaaagcgggagccaggagacccagtacttc	1	0	1	1	1
clonotype5232	UNK_S	1	TRAV9-2*01	TRAJ58*01			TRBV7-2*01	TRBJ2-1*01	CALKETSGSRLTF	tgtgctctgaaagaaaccagtggctctaggttgaccttt			CASSLGGGSFYNEQFF	tgtgccagcagcttggggggggggagtttctacaatgagcagttcttc	1	0	1	1	1
clonotype5233	UNK_S	1	TRAV8-6*01	TRAJ34*01			TRBV7-6*01	TRBJ2-3*01	CAAGPDTDKLIF	tgtgctgcggggcccgacaccgacaagctcatcttt			CASSLGTSGPTDTQYF	tgtgccagcagcttagggactagcggacccacagatacgcagtatttt	1	0	1	1	1
clonotype5234	UNK_S	1	TRAV39*01	TRAJ37*01			TRBV27*01	TRBJ2-3*01	CAVDWGSSNTGKLIF	tgtgccgtggactggggctctagcaacacaggcaaactaatcttt			CASSPPATSGITDTQYF	tgtgccagcagcccccccgcgactagcgggatcacagatacgcagtatttt	1	0	1	1	1
clonotype5235	UNK_S	1	TRAV17*01	TRAJ8*01	TRAV20*01	TRAJ33*01	TRBV27*01	TRBJ2-2*01	CATDAAGFQKLVF	tgtgctacggacgcagcgggctttcagaaacttgtattt	CAVQSGRNSNYQLIW	tgtgctgtgcagtcaggccgtaatagcaactatcagttaatctgg	CASSFLGLAGGNGELFF	tgtgccagcagtttcctcggactagcgggaggtaatggggagctgtttttt	2	1	2	2	1
clonotype5236	UNK_S	1	TRAV9-2*01	TRAJ43*01			TRBV5-6*01	TRBJ2-2*01	CALTQPPNNDMRF	tgtgctctgacgcaacctcctaacaatgacatgcgcttt			CASSSRTSGRATGELFF	tgtgccagcagctcccggactagcgggagggccaccggggagctgtttttt	1	0	1	1	1
clonotype5237	UNK_S	1	TRAV12-2*01	TRAJ20*01			TRBV5-6*01	TRBJ2-5*01	CAVPSNDYKLSF	tgtgccgtcccatctaacgactacaagctcagcttt			CASSWGTSGSTVKTQYF	tgtgccagcagctgggggactagcgggagtacagtgaagacccagtacttc	1	0	1	1	1
clonotype5238	UNK_S	1	TRAV35*01	TRAJ32*01			TRBV5-1*01	TRBJ2-4*01	CAGPPYGGATNKLIF	tgtgctggacccccttatggtggtgctacaaacaagctcatcttt			CASSATGRSYGKNIQYF	tgcgccagcagcgcgaccgggcgtagttacggcaaaaacattcagtacttc	1	0	1	1	1
clonotype524	UNK_S	1	TRAV23/DV6*01	TRAJ39*01			TRBV29-1*01	TRBJ1-2*01	CAANNNAGNMLTF	tgtgcagccaataataatgcaggcaacatgctcaccttt			CSVLAPPGGGYTF	tgcagcgtgttagctccccctgggggtggctacaccttc	1	0	1	1	1
clonotype5240	UNK_S	1	TRAV9-2*01	TRAJ12*01			TRBV12-4*01	TRBJ1-1*01	CALSGYSSYKLIF	tgtgctctgagtggatatagcagctataaattgatcttc			CASSLMKGLWNTEAFF	tgtgccagcagtttaatgaaggggctatggaacactgaagctttcttt	1	0	1	1	1
clonotype5241	UNK_S	1	TRAV17*01	TRAJ43*01			TRBV12-4*01	TRBJ2-1*01	CATDLYNNNDMRF	tgtgctacggacctgtacaataacaatgacatgcgcttt			CASSLGRLADYNEQFF	tgtgccagcagtttaggacggctagcggactacaatgagcagttcttc	1	0	1	1	1
clonotype5242	UNK_S	1	TRAV12-3*01	TRAJ20*01			TRBV12-4*01	TRBJ2-1*01	CAIVNDYKLSF	tgtgcaatcgttaacgactacaagctcagcttt			CASSLFSAPSYNEQFF	tgtgccagcagtttatttagcgccccttcctacaatgagcagttcttc	1	0	1	1	1
clonotype5243	UNK_S	1	TRAV17*01	TRAJ29*01			TRBV3-1*01	TRBJ2-2*01	CATVSSGNTPLVF	tgtgctacggtctcttcaggaaacacacctcttgtcttt			CASSQGPTGPNTGELFF	tgtgccagcagccagggaccgacaggcccgaacaccggggagctgtttttt	1	0	1	1	1
clonotype5244	UNK_S	1	TRAV17*01	TRAJ54*01			TRBV3-1*01	TRBJ2-5*01	CAFVIQGAQKLVF	tgtgccttcgtaattcagggagcccagaagctggtattt			CASSPNPGLAGKETQYF	tgtgccagcagccccaatccgggactagcgggaaaagagacccagtacttc	1	0	1	1	1
clonotype5245	UNK_S	1	TRAV26-1*01	TRAJ18*01	TRAV16*01	TRAJ28*01	TRBV4-1*01	TRBJ1-1*01	CIVRAYDRGSTLGRLYF	tgcatcgtcagagcctacgacagaggctcaaccctggggaggctatacttt	CALPNPYSGAGSYQLTF	tgtgctctcccgaatccatactctggggctgggagttaccaactcactttc	CASSQEGDRARNTEAFF	tgcgccagcagccaagagggggacagggcccgtaacactgaagctttcttt	2	1	2	2	1
clonotype5246	UNK_S	1	TRAV12-2*01	TRAJ10*01			TRBV4-1*01	TRBJ2-6*01	CAVGGGGNKLTF	tgtgccgtggggggaggaggaaacaaactcaccttt			CASSQVATSSGANVLTF	tgcgccagcagccaagttgccacaagctctggggccaacgtcctgactttc	1	0	1	1	1
clonotype5247	UNK_S	1	TRAV12-1*01	TRAJ26*01			TRBV4-2*01	TRBJ2-3*01	CVVNRGYGQNFVF	tgtgtggtgaacaggggctatggtcagaattttgtcttt			CASSQPTAVPSTDTQYF	tgtgccagcagccaaccgacagcggtccctagcacagatacgcagtatttt	1	0	1	1	1
clonotype5248	UNK_S	1	TRAV17*01	TRAJ15*01			TRBV4-2*01	TRBJ2-1*01	CAVNNQAGTALIF	tgtgctgttaacaaccaggcaggaactgctctgatcttt			CASSQELREVSYNEQFF	tgtgccagcagccaagagttgcgggaggtctcctacaatgagcagttcttc	1	0	1	1	1
clonotype5249	UNK_S	1	TRAV12-1*01	TRAJ30*01			TRBV4-3*01	TRBJ1-6*01	CVVRVWRDDKIIF	tgtgtggtgcgggtctggagagatgacaagatcatcttt			CASSQELWTAGDSPLHF	tgcgccagcagccaggagctctggacagccggggattcacccctccacttt	1	0	1	1	1
clonotype525	UNK_S	1	TRAV38-1*01	TRAJ44*01			TRBV20-1*01	TRBJ2-3*01	CAFMKLDSRLTGTASKLTF	tgtgctttcatgaagctggacagccgtcttaccggcactgccagtaaactcaccttt			CSASWASTDTQYF	tgcagtgctagctgggctagcacagatacgcagtatttt	1	0	1	1	1
clonotype5250	UNK_S	1	TRAV8-4*01	TRAJ29*01			TRBV9*01	TRBJ2-4*01	CAVPSGNTPLVF	tgtgctgtgccttcaggaaacacacctcttgtcttt			CASSGGLGRQAKNIQYF	tgtgccagcagcggtggtttgggcagacaagccaaaaacattcagtacttc	1	0	1	1	1
clonotype5251	UNK_S	1	TRAV8-1*01	TRAJ47*01	TRAV17*01	TRAJ35*01	TRBV14*01	TRBJ2-3*01	CAVNEQGNKLVF	tgtgccgtgaatgagcaaggaaacaagctggtcttt	CNTFIGFGNVLHC	tgcaatacttttataggctttgggaatgtgctgcattgc	CASSQGGGLGQDTQYF	tgtgccagcagccaaggaggggggctaggacaagatacgcagtatttt	2	1	2	2	1
clonotype5252	UNK_S	1	TRAV13-1*01	TRAJ13*01			TRBV25-1*01	TRBJ2-2*01	CAAPRSGGYQKVTF	tgtgcagccccgcggtctgggggttaccagaaagttaccttt			CASSEFPAGGPPGELFF	tgtgccagcagtgaattcccagcgggagggccacccggggagctgtttttt	1	0	1	1	1
clonotype5253	UNK_S	1	TRAV9-2*01	TRAJ24*01	TRAV29/DV5*01	TRAJ56*01	TRBV19*01	TRBJ2-6*01	CALSSTDSWGKLQF	tgtgctctatcctcaactgacagctgggggaaattgcagttt	CAARPYTGANSKLTF	tgtgcagcaaggccttatactggagccaatagtaagctgacattt	CASKGPGDLSGANVLTF	tgtgccagtaaagggccgggagacctctctggggccaacgtcctgactttc	2	1	2	2	1
clonotype5254	UNK_S	1	TRAV9-2*01	TRAJ27*01			TRBV19*01	TRBJ2-2*01	CALSRATNAGKSTF	tgtgctctgagtagagctaccaatgcaggcaaatcaaccttt			CASSMRFGTSNTGELFF	tgtgccagtagcatgcgattcgggacttctaacaccggggagctgtttttt	1	0	1	1	1
clonotype5255	UNK_S	1	TRAV19*01	TRAJ5*01	TRAV10*01	TRAJ10*01	TRBV19*01	TRBJ2-1*01	CALSSRRALTF	tgtgctctgagtagcaggagagcacttactttt	CVVREVITGGGNKLTF	tgtgtggtgagggaggtaatcacgggaggaggaaacaaactcaccttt	CASSGTSGTSSYNEQFF	tgtgccagtagcgggactagcgggactagctcctacaatgagcagttcttc	2	1	2	2	1
clonotype5256	UNK_S	1	TRAV12-2*01	TRAJ11*01			TRBV19*01	TRBJ2-1*01	CAVKLRGYSTLTF	tgtgccgtgaaattgaggggatacagcaccctcaccttt			CASSIDPGGIYYNEQFF	tgtgccagtagtatagatccaggggggatttactacaatgagcagttcttc	1	0	1	1	1
clonotype5257	UNK_S	1	TRAV9-2*01	TRAJ49*01			TRBV19*01	TRBJ2-7*01	CALSGSDTGNQFYF	tgtgctctgagtgggtccgacaccggtaaccagttctatttt			CASSMGPLPADSDEQYF	tgtgccagtagtatgggccccctcccggcagactccgacgagcagtacttc	1	0	1	1	1
clonotype5258	UNK_S	1	TRAV17*01	TRAJ6*01			TRBV11-1*01	TRBJ2-7*01	CATDASGGSYIPTF	tgtgctacggacgcgtcaggaggaagctacatacctacattt			CASSSVRGERSYEQYF	tgtgccagcagctccgtgaggggggaaaggtcctacgagcagtacttc	1	0	1	1	1
clonotype5259	UNK_S	1	TRAV5*01	TRAJ5*01			TRBV6-5*01	TRBJ1-5*01	CAERGTGRRALTF	tgtgcagagaggggcacgggcaggagagcacttactttt			CASSQTFGADSNQPQHF	tgtgccagcagtcaaacctttggggcagatagcaatcagccccagcatttt	1	0	1	1	1
clonotype526	UNK_S	1	TRAV29/DV5*01	TRAJ57*01			TRBV20-1*01	TRBJ1-6*01	CAASAWAQGGSEKLVF	tgtgcagcaagcgcgtgggctcagggcggatctgaaaagctggtcttt			CSAIQGRGSPLHF	tgcagtgctatacagggtcgcggttcacccctccacttt	1	0	1	1	1
clonotype5260	UNK_S	1	TRAV12-2*01	TRAJ21*01	TRAV6*01	TRAJ20*01	TRBV6-5*01	TRBJ1-5*01	CAVNGYNFNKFYF	tgtgccgtgaatggctacaacttcaacaaattttacttt	CALGGSNDYKLSF	tgtgctcttgggggttctaacgactacaagctcagcttt	CASSPDFATLSNQPQHF	tgtgccagcagtcccgactttgcgactttgagcaatcagccccagcatttt	2	1	2	2	1
clonotype5261	UNK_S	1	TRAV2*01	TRAJ3*01			TRBV6-1*01	TRBJ2-5*01	CAVPPRGSASKIIF	tgtgctgtcccccccaggggcagtgcttccaagataatcttt			CASSANTPAGGVETQYF	tgtgccagcagcgctaatacaccagcgggaggggtggagacccagtacttc	1	0	1	1	1
clonotype5262	UNK_S	1	TRAV12-1*01	TRAJ23*01			TRBV6-1*01	TRBJ2-1*01	CVVNGVDQGGKLIF	tgtgtggtgaacggggtcgaccagggaggaaagcttatcttc			CASSANFGGGSYNEQFF	tgtgccagcagtgctaactttggcgggggctcctacaatgagcagttcttc	1	0	1	1	1
clonotype5263	UNK_S	1	TRAV2*01	TRAJ37*01			TRBV30*01	TRBJ2-2*01	CAVVFPSNTGKLIF	tgtgctgtggtctttcctagcaacacaggcaaactaatcttt			CAWSATRTSGNANTGELFF	tgtgcctggagtgcgactaggactagcgggaacgcgaacaccggggagctgtttttt	1	0	1	1	1
clonotype5264	UNK_S	1	TRAV21*01	TRAJ18*01	TRAV13-2*01	TRAJ49*01	TRBV18*01	TRBJ2-1*01	CAVMRGSTLGRLYF	tgtgctgtgatgagaggctcaaccctggggaggctatacttt	CAENIPSIHTGNQFYF	tgtgcagagaatatcccctcaattcacaccggtaaccagttctatttt	CASSNSGRGSYNEQFF	tgtgccagctcaaatagcgggaggggctcctacaatgagcagttcttc	2	1	2	2	1
clonotype5265	UNK_S	1	TRAV8-3*01	TRAJ10*01			TRBV18*01	TRBJ2-7*01	CAVLTGGGNKLTF	tgtgctgtactcacgggaggaggaaacaaactcaccttt			CASSPPYGLRTYEQYF	tgtgccagctcaccaccatatgggctccgtacctacgagcagtacttc	1	0	1	1	1
clonotype5266	UNK_S	1	TRAV17*01	TRAJ12*01	TRAV8-6*01	TRAJ11*01	TRBV18*01	TRBJ2-2*01	CATDSMDSSYKLIF	tgtgctacggactctatggatagcagctataaattgatcttc	CAVSDRLRSGSGYSTLTF	tgtgctgtgagtgatcgccttagatcgggttcaggatacagcaccctcaccttt	CASSPLGPGNTGELFF	tgtgccagctcaccactcggaccgggaaacaccggggagctgtttttt	2	1	2	2	1
clonotype5267	UNK_S	1	TRAV2*01	TRAJ29*01			TRBV12-4*01	TRBJ1-6*01	CGLPRGSGNTPLVF	tgtggcctaccccggggatcaggaaacacacctcttgtcttt			CASSLNQLGGNSPLHF	tgtgccagcagtttaaaccagctgggtggaaattcacccctccacttt	1	0	1	1	1
clonotype5268	UNK_S	1	TRAV13-2*01	TRAJ53*01			TRBV12-3*01	TRBJ2-2*01	CAESAGSNYKLTF	tgtgcagagtccgcgggtagcaactataaactgacattt			CASSIGLAPNTGELFF	tgtgccagcagtataggactagcgccgaacaccggggagctgtttttt	1	0	1	1	1
clonotype5269	UNK_S	1	TRAV3*01	TRAJ34*01			TRBV12-3*01	TRBJ1-3*01	CAVRDHNTDKLIF	tgtgctgtgagagatcataacaccgacaagctcatcttt			CASSGGQPNSGNTIYF	tgtgccagcagtggaggacagcccaactctggaaacaccatatatttt	1	0	1	1	1
clonotype5270	UNK_S	1	TRAV9-2*01	TRAJ57*01			TRBV12-3*01	TRBJ2-3*01	CTKEAQGGSEKLVF	tgtactaaggaggcgcagggcggatctgaaaagctggtcttt			CASSLLAGRRGDTQYF	tgtgccagcagtttactagcgggaagacggggagatacgcagtatttt	1	0	1	1	1
clonotype5271	UNK_S	1	TRAV8-3*01	TRAJ7*01			TRBV12-3*01	TRBJ1-5*01	CAVGPGGNNRLAF	tgtgctgtgggtcctggggggaacaacagactcgctttt			CASSLASRQATQPQHF	tgtgccagcagtttagcatccagacaggcgacccagccccagcatttt	1	0	1	1	1
clonotype5272	UNK_S	1	TRAV17*01	TRAJ45*01			TRBV2*01	TRBJ1-1*01	CATDAGGGADGLTF	tgtgctacggacgctggaggaggtgctgacggactcaccttt			CASSYGTVLANTEAFF	tgtgccagcagctacgggaccgtcctcgcgaacactgaagctttcttt	1	0	1	1	1
clonotype5273	UNK_S	1	TRAV12-2*01	TRAJ13*01	TRAV2*01	TRAJ6*01	TRBV12-5*01	TRBJ2-3*01	CAVNSGGYQKVTF	tgtgccgtgaactctgggggttaccagaaagttaccttt	CAVDASGGSYIPTF	tgtgctgtggacgcatcaggaggaagctacatacctacattt	CASGLSPRGGTDTQYF	tgtgctagtggcctgtccccccgaggtggcacagatacgcagtatttt	2	1	2	2	1
clonotype5274	UNK_S	1	TRAV5*01	TRAJ40*01			TRBV24-1*01	TRBJ2-2*01	CAESKSGTYKYIF	tgtgcagagagtaagtcaggaacctacaaatacatcttt			CATSETLAGGRTGELFF	tgtgccaccagtgaaacactagcgggaggtaggaccggggagctgtttttt	1	0	1	1	1
clonotype5275	UNK_S	1	TRAV8-3*01	TRAJ34*01			TRBV28*01	TRBJ2-7*01	CAVVLYNTDKLIF	tgtgctgtggttctttataacaccgacaagctcatcttt			CASSLRGVGFRSYEQYF	tgtgccagcagcttgaggggagtaggctttaggtcctacgagcagtacttc	1	0	1	1	1
clonotype5276	UNK_S	1	TRAV30*01	TRAJ30*01			TRBV28*01	TRBJ2-2*01	CGTEKVNRDDKIIF	tgcggcacagagaaggtgaacagagatgacaagatcatcttt			CASRVGAGRPNTGELFF	tgtgccagcagggtcggggcggggcgcccgaacaccggggagctgtttttt	1	0	1	1	1
clonotype5277	UNK_S	1	TRAV9-2*01	TRAJ52*01			TRBV28*01	TRBJ2-7*01	CALRGGTSYGKLTF	tgtgctctgaggggtggtactagctatggaaagctgacattt			CASSYTTSGRAGREQYF	tgtgccagcagttacacgactagcgggagggcaggaagggagcagtacttc	1	0	1	1	1
clonotype5278	UNK_S	1	TRAV21*01	TRAJ35*01			TRBV28*01	TRBJ1-4*01	CAVKSIGFGNVLHC	tgtgctgtgaaatccatcggctttgggaatgtgctgcattgc			CASSYGQGLRGNEKLFF	tgtgccagcagttacggacaggggttaagggggaatgaaaaactgtttttt	1	0	1	1	1
clonotype5279	UNK_S	1	TRAV8-3*01	TRAJ21*01			TRBV7-9*01	TRBJ2-3*01	CAVGLYNFNKFYF	tgtgctgtggggttatacaacttcaacaaattttacttt			CASSSIPGTNTDTQYF	tgtgccagcagctcgatccccgggacaaacacagatacgcagtatttt	1	0	1	1	1
clonotype528	UNK_S	1	TRAV23/DV6*01	TRAJ36*01			TRBV3-1*01	TRBJ2-7*01	CAAYGQTGANNLFF	tgtgcagcatacggacaaactggggcaaacaacctcttcttt			CASSRLGEQYF	tgtgccagcagccgcctcggtgagcagtacttc	1	0	1	1	1
clonotype5280	UNK_S	1	TRAV5*01	TRAJ3*01	TRAV10*01	TRAJ3*01	TRBV7-9*01	TRBJ1-1*01	CAETTPGYSSASKIIF	tgtgcagagactacgccggggtacagcagtgcttccaagataatcttt	CVGYSSASKIIF	tgtgtgggttacagcagtgcttccaagataatcttt	CASSLGDRGLNTEAFF	tgtgccagcagcttaggagacagggggcttaacactgaagctttcttt	2	1	2	2	1
clonotype5281	UNK_S	1	TRAV38-1*01	TRAJ43*01			TRBV7-3*01	TRBJ1-1*01	CAFMNKDDMRF	tgtgctttcatgaataaggatgacatgcgcttt			CASSNQPRGRGTEAFF	tgtgccagcagcaaccagcccaggggtagagggactgaagctttcttt	1	0	1	1	1
clonotype5282	UNK_S	1	TRAV8-3*01	TRAJ49*01			TRBV7-3*01	TRBJ2-1*01	CAVGAATGNQFYF	tgtgctgtgggtgcagccaccggtaaccagttctatttt			CASSLPGLADYNEQFF	tgtgccagcagcttaccgggactagcggactacaatgagcagttcttc	1	0	1	1	1
clonotype5283	UNK_S	1	TRAV12-2*01	TRAJ41*01			TRBV7-3*01	TRBJ2-3*01	CAVNSNSGYALNF	tgtgccgtgaactcaaattccgggtatgcactcaacttc			CASSLGTSGRVDTQYF	tgtgccagcagcttggggactagcgggagggtggatacgcagtatttt	1	0	1	1	1
clonotype5284	UNK_S	1	TRAV12-1*01	TRAJ13*01			TRBV11-2*01	TRBJ2-7*01	CVVSTAGGYQKVTF	tgtgtggtgagtacggctgggggttaccagaaagttaccttt			CASSPLGGVESREQYF	tgtgccagcagccccttggggggagtggaatctagggagcagtacttc	1	0	1	1	1
clonotype5285	UNK_S	1	TRAV8-2*01	TRAJ47*01			TRBV11-2*01	TRBJ2-5*01	CVVTSEYGNKLVF	tgtgttgtgactagcgaatatggaaacaagctggtcttt			CASSLTLAGAKETQYF	tgtgccagcagcctaaccctagcgggggcaaaagagacccagtacttc	1	0	1	1	1
clonotype5286	UNK_S	1	TRAV41*01	TRAJ48*01			TRBV7-8*01	TRBJ1-6*01	CAVSPNFGNEKLTF	tgtgctgtcagtcctaactttggaaatgagaaattaaccttt			CASSTPSGLTNSPLHF	tgtgccagcagcacaccctcgggactgactaattcacccctccacttt	1	0	1	1	1
clonotype5287	UNK_S	1	TRAV13-1*01	TRAJ40*01			TRBV7-8*01	TRBJ1-1*01	CAASAHSGTYKYIF	tgtgcagcaagtgctcattcaggaacctacaaatacatcttt			CASSLATGSLNTEAFF	tgtgccagcagcttagcgacagggagtctgaacactgaagctttcttt	1	0	1	1	1
clonotype5288	UNK_S	1	TRAV36/DV7*01	TRAJ38*01			TRBV7-2*01	TRBJ2-6*01	CAPNAGNNRKLIW	tgtgcccccaatgctggcaacaaccgtaagctgatttgg			CASSEQGAVGANVLTF	tgtgccagcagcgaacagggggcggtgggggccaacgtcctgactttc	1	0	1	1	1
clonotype5289	UNK_S	1	TRAV3*01	TRAJ20*01			TRBV10-2*01	TRBJ1-6*01	CAVRDFNDYKLSF	tgtgctgtgagagacttcaacgactacaagctcagcttt			CASSDYDRDAYNSPLHF	tgcgccagcagtgactacgacagggatgcctataattcacccctccacttt	1	0	1	1	1
clonotype5290	UNK_S	1	TRAV13-1*01	TRAJ23*01			TRBV7-6*01	TRBJ2-2*01	CAASSHNQGGKLIF	tgtgcagcaagtagccataaccagggaggaaagcttatcttc			CASSLARTANTGELFF	tgtgccagcagcttagcgaggacagcgaacaccggggagctgtttttt	1	0	1	1	1
clonotype5291	UNK_S	1	TRAV12-2*01	TRAJ12*01			TRBV27*01	TRBJ2-7*01	CAVREDSSYKLIF	tgtgccgtgagggaggatagcagctataaattgatcttc			CASSSYGGPSGGYEQYF	tgtgccagcagctcatacggggggcctagcgggggctacgagcagtacttc	1	0	1	1	1
clonotype5292	UNK_S	1	TRAV30*01	TRAJ54*01			TRBV27*01	TRBJ2-7*01	CGTEGNQGAQKLVF	tgcggcacagaggggaatcagggagcccagaagctggtattt			CASSTGQPFVRSYEQYF	tgtgccagcagtactggacagcctttcgtacggtcctacgagcagtacttc	1	0	1	1	1
clonotype5293	UNK_S	1	TRAV19*01	TRAJ11*01	TRAV17*01	TRAJ4*01	TRBV27*01	TRBJ2-7*01	CALSEARHSGYSTLTF	tgtgctctgagtgaggcgaggcattcaggatacagcaccctcaccttt	CATDFSGGYNKLIF	tgtgctacggatttttctggtggctacaataagctgattttt	CASSLSGKGLSYYEQYF	tgtgccagcagtttatcgggaaagggactttcatattacgagcagtacttc	2	1	2	2	1
clonotype5294	UNK_S	1	TRAV17*01	TRAJ4*01			TRBV27*01	TRBJ1-1*01	CATDESGGYNKLIF	tgtgctacggacgagtctggtggctacaataagctgattttt			CASSFAASLDMNTEAFF	tgtgccagcagttttgccgcttcgttagacatgaacactgaagctttcttt	1	0	1	1	1
clonotype5295	UNK_S	1	TRAV17*01	TRAJ56*01			TRBV5-4*01	TRBJ2-1*01	CATDAAGANSKLTF	tgtgctacggacgccgctggagccaatagtaagctgacattt			CASSLKKLAGVNNEQFF	tgtgccagcagcttaaaaaaactagcgggagttaacaatgagcagttcttc	1	0	1	1	1
clonotype5296	UNK_S	1	TRAV12-3*01	TRAJ57*01			TRBV12-4*01	TRBJ2-1*01	CAMKGGSEKLVF	tgtgcaatgaaaggcggatctgaaaagctggtcttt			CASTPGGRNSYNEQFF	tgtgccagcactccgggagggaggaactcctacaatgagcagttcttc	1	0	1	1	1
clonotype5297	UNK_S	1	TRAV12-2*01	TRAJ50*01	TRAV12-2*01	TRAJ43*01	TRBV4-1*01	TRBJ1-2*01	CAVMETSYDKVIF	tgtgccgtgatggaaacctcctacgacaaggtgatattt	CAPGPYNNNDMRF	tgtgcccctgggccgtacaataacaatgacatgcgcttt	CASSQETGAAPNYGYTF	tgcgccagcagccaagaaacaggggctgctcctaactatggctacaccttc	2	1	2	2	1
clonotype5298	UNK_S	1	TRAV20*01	TRAJ54*01			TRBV4-1*01	TRBJ2-2*01	CAVQPIQGAQKLVF	tgtgctgtgcaaccaattcagggagcccagaagctggtattt			CASSQGGLARGTGELFF	tgcgccagcagccaagggggactagcgagaggtaccggggagctgtttttt	1	0	1	1	1
clonotype5299	UNK_S	1	TRAV26-1*01	TRAJ18*01			TRBV4-1*01	TRBJ2-4*01	CIVRVALRRGSTLGRLYF	tgcatcgtcagagtcgcacttcgcagaggctcaaccctggggaggctatacttt			CASSQVGMAQGSDIQYF	tgcgccagcagccaagtcgggatggcccaggggtcggacattcagtacttc	1	0	1	1	1
clonotype53	UNK_S	2	TRAV8-2*01	TRAJ15*01			TRBV5-1*01	TRBJ2-1*01	CVVSDRANQAGTALIF	tgtgttgtgagtgatcgagccaaccaggcaggaactgctctgatcttt			CASSLGLLNEQFF	tgcgccagcagcttaggactactcaatgagcagttcttc	2	0	2	1	1
clonotype530	UNK_S	1	TRAV29/DV5*01	TRAJ52*01			TRBV30*01	TRBJ2-5*01	CAASARAGGTSYGKLTF	tgtgcagcaagcgctcgtgctggtggtactagctatggaaagctgacattt			CAWSGLLGATQYF	tgtgcctggagtggattgttaggagctacccagtacttc	1	0	1	1	1
clonotype5300	UNK_S	1	TRAV8-1*01	TRAJ47*01	TRAV29/DV5*01	TRAJ42*01	TRBV4-1*01	TRBJ2-3*01	CAVTREYGNKLVF	tgtgccgtgactagggaatatggaaacaagctggtcttt	CAASRIEGGSQGNLIF	tgtgcagcaagtcgaattgaaggaggaagccaaggaaatctcatcttt	CASSHLSGRSSTDTQYF	tgcgccagcagccatctcagcgggaggagcagcacagatacgcagtatttt	2	1	2	2	1
clonotype5301	UNK_S	1	TRAV21*01	TRAJ27*01	TRAV19*01	TRAJ31*01	TRBV4-2*01	TRBJ2-5*01	CAVRPPESNTNAGKSTF	tgtgctgtgaggccccctgaatcgaacaccaatgcaggcaaatcaaccttt	CALYNNARLMF	tgtgctctgtataacaatgccagactcatgttt	CASSRLGGGGPGETQYF	tgtgccagcagccgcttgggtgggggagggccgggtgagacccagtacttc	2	1	2	2	1
clonotype5302	UNK_S	1	TRAV24*01	TRAJ54*01			TRBV4-3*01	TRBJ1-3*01	CAFQGAQKLVF	tgtgccttccagggagcccagaagctggtattt			CASSQALILVSGNTIYF	tgcgccagcagccaagccttgatactggtctctggaaacaccatatatttt	1	0	1	1	1
clonotype5303	UNK_S	1	TRAV30*01	TRAJ24*01			TRBV4-3*01	TRBJ2-1*01	CGTEPTDSWGKLQF	tgcggcacagagccaactgacagctgggggaaattgcagttt			CASSQVRVSPGYNEQFF	tgcgccagcagccaagtcagggtttctccggggtacaatgagcagttcttc	1	0	1	1	1
clonotype5304	UNK_S	1	TRAV13-1*01	TRAJ22*01			TRBV4-3*01	TRBJ2-5*01	CAAILGGSARQLTF	tgtgcagcaatcctaggtggttctgcaaggcaactgaccttt			CASSQVGGGLSQETQYF	tgcgccagcagccaagtgggcgggggcctctcccaagagacccagtacttc	1	0	1	1	1
clonotype5305	UNK_S	1	TRAV3*01	TRAJ26*01			TRBV4-3*01	TRBJ2-3*01	CAVRDNYGQNFVF	tgtgctgtgagagacaactatggtcagaattttgtcttt			CASSRTGTSGSTDTQYF	tgcgccagcagccggactgggactagcgggagcacagatacgcagtatttt	1	0	1	1	1
clonotype5306	UNK_S	1	TRAV21*01	TRAJ32*01			TRBV4-3*01	TRBJ2-2*01	CAVRDSGATNKLIF	tgtgctgtgagggatagtggtgctacaaacaagctcatcttt			CASSRAGGGANTGELFF	tgcgccagcagccgggcagggggcggggctaacaccggggagctgtttttt	1	0	1	1	1
clonotype5307	UNK_S	1	TRAV9-2*01	TRAJ53*01			TRBV9*01	TRBJ2-3*01	CALSSGGSNYKLTF	tgtgctctgagtagtggaggtagcaactataaactgacattt			CASSQGPLSSSTDTQYF	tgtgccagcagccaaggcccactcagttctagcacagatacgcagtatttt	1	0	1	1	1
clonotype5308	UNK_S	1	TRAV12-2*01	TRAJ35*01			TRBV9*01	TRBJ2-2*01	CAASIGFGNVLHC	tgtgccgcctcgataggctttgggaatgtgctgcattgc			CASSVAKTGGGTGELFF	tgtgccagcagcgtagctaagacaggggggggcaccggggagctgtttttt	1	0	1	1	1
clonotype5309	UNK_S	1	TRAV9-2*01	TRAJ26*01			TRBV11-3*01	TRBJ2-1*01	CALSEGNYGQNFVF	tgtgctctgagtgaggggaactatggtcagaattttgtcttt			CASSSSGSSSYNEQFF	tgtgccagcagctcaagcgggtcgagctcctacaatgagcagttcttc	1	0	1	1	1
clonotype531	UNK_S	1	TRAV29/DV5*01	TRAJ52*01			TRBV28*01	TRBJ2-7*01	CAASARAGGTSYGKLTF	tgtgcagcaagcgcgcgtgctggtggtactagctatggaaagctgacattt			CASRTHYEQYF	tgtgccagcaggacccattacgagcagtacttc	1	0	1	1	1
clonotype5310	UNK_S	1	TRAV2*01	TRAJ6*01			TRBV15*01	TRBJ2-1*01	CAVVSSGGSYIPTF	tgtgctgtcgtttcatcaggaggaagctacatacctacattt			CATSRDREGAFYNEQFF	tgtgccaccagcagagatcgggagggtgctttctacaatgagcagttcttc	1	0	1	1	1
clonotype5311	UNK_S	1	TRAV12-1*01	TRAJ29*01			TRBV14*01	TRBJ2-3*01	CVVNMDSGNTPLVF	tgtgtggtgaacatggattcaggaaacacacctcttgtcttt			CASSQRGGSRTDTQYF	tgtgccagcagccagaggggcgggagtcgcacagatacgcagtatttt	1	0	1	1	1
clonotype5312	UNK_S	1	TRAV21*01	TRAJ56*01	TRAV12-3*01	TRAJ52*01	TRBV25-1*01	TRBJ2-1*01	CAVFKRDGANSKLTF	tgtgctgtgtttaagagggatggagccaatagtaagctgacattt	CAMSHNAGGTSYGKLTF	tgtgcaatgagccataatgctggtggtactagctatggaaagctgacattt	CASSEYRLAGGGNEQFF	tgtgccagcagtgaatatagactagcgggaggaggtaatgagcagttcttc	2	1	2	2	1
clonotype5313	UNK_S	1	TRAV12-3*01	TRAJ30*01			TRBV19*01	TRBJ1-5*01	CAMRGIWDDKIIF	tgtgcaatgagaggaatctgggatgacaagatcatcttt			CASSKKSGRGDNQPQHF	tgtgccagtagtaagaaatcgggacggggagacaatcagccccagcatttt	1	0	1	1	1
clonotype5314	UNK_S	1	TRAV3*01	TRAJ42*01			TRBV19*01	TRBJ2-3*01	CAVRNGGSQGNLIF	tgtgctgtgcggaatggaggaagccaaggaaatctcatcttt			CASSIPRGNPSTDTQYF	tgtgccagtagtatcccccgggggaaccctagcacagatacgcagtatttt	1	0	1	1	1
clonotype5315	UNK_S	1	TRAV12-1*01	TRAJ13*01			TRBV19*01	TRBJ2-1*01	CVVNRYSGGYQKVTF	tgtgtggtgaaccgttattctgggggttaccagaaagttaccttt			CASSISLIAGTYNEQFF	tgtgccagtagtatttcccttatagcgggaacttacaatgagcagttcttc	1	0	1	1	1
clonotype5316	UNK_S	1	TRAV36/DV7*01	TRAJ33*01	TRAV38-1*01	TRAJ41*01	TRBV19*01	TRBJ2-3*01	CAVVRMDSNYQLIW	tgtgctgtggttcgcatggatagcaactatcagttaatctgg	CAFMKRSNSNSGYALNF	tgtgctttcatgaagcggtcgaactcaaattccgggtatgcactcaacttc	CASSVGTSGRWGDTQYF	tgtgccagtagtgtcgggactagcgggaggtggggagatacgcagtatttt	2	1	2	2	1
clonotype5317	UNK_S	1	TRAV8-6*01	TRAJ54*01			TRBV19*01	TRBJ2-7*01	CAVRFLGGAQKLVF	tgtgctgtgagattcctgggaggagcccagaagctggtattt			CASSTIFDRELSYEQYF	tgtgccagtagtacaatttttgacagggaactatcctacgagcagtacttc	1	0	1	1	1
clonotype5318	UNK_S	1	TRAV9-2*01	TRAJ24*01			TRBV19*01	TRBJ2-1*01	CALRMTTDSWGKLQF	tgtgctctgagaatgacaactgacagctgggggaaattgcagttt			CASSISSGKAHYNEQFF	tgtgccagtagtatatccagcgggaaggcccattacaatgagcagttcttc	1	0	1	1	1
clonotype5319	UNK_S	1	TRAV17*01	TRAJ15*01			TRBV19*01	TRBJ2-1*01	CATDGLNQAGTALIF	tgtgctacggacggcctgaaccaggcaggaactgctctgatcttt			CASSIVAGDTSYNEQFF	tgtgccagtagtattgtagcgggggacacctcctacaatgagcagttcttc	1	0	1	1	1
clonotype532	UNK_S	1	TRAV6*01	TRAJ9*01			TRBV19*01	TRBJ2-1*01	CALGPNTGGFKTIF	tgtgctctaggccccaatactggaggcttcaaaactatcttt			CASSMGTGLFF	tgtgccagtagtatggggacagggttgttcttc	1	0	1	1	1
clonotype5320	UNK_S	1	TRAV8-4*01	TRAJ45*01			TRBV11-1*01	TRBJ2-1*01	CAVSARGGADGLTF	tgtgctgtgagtgcaagaggaggtgctgacggactcaccttt			CASSLERTSPYDEQFF	tgtgccagcagcttagagcggactagtccgtacgatgagcagttcttc	1	0	1	1	1
clonotype5321	UNK_S	1	TRAV12-1*01	TRAJ28*01			TRBV6-5*01	TRBJ2-1*01	CVVNDPGAGSYQLTF	tgtgtggtgaacgacccgggggctgggagttaccaactcactttc			CASRYGAVVAGTNEQFF	tgtgccagcagatacggggctgtggtagcggggaccaatgagcagttcttc	1	0	1	1	1
clonotype5322	UNK_S	1	TRAV8-3*01	TRAJ48*01			TRBV6-1*01	TRBJ1-2*01	CAVGADFGNEKLTF	tgtgctgtgggtgcggactttggaaatgagaaattaaccttt			CASSEASTGIGRYGYTF	tgtgccagcagtgaagcttcgacagggattgggcgctatggctacaccttc	1	0	1	1	1
clonotype5323	UNK_S	1	TRAV8-3*01	TRAJ48*01			TRBV6-2*01	TRBJ1-1*01	CAVGTNFGNEKLTF	tgtgctgtgggcactaactttggaaatgagaaattaaccttt			CASSYSNGDRMNTEAFF	tgtgccagcagttactcgaacggggaccggatgaacactgaagctttcttt	1	0	1	1	1
clonotype5324	UNK_S	1	TRAV13-1*01	TRAJ18*01			TRBV18*01	TRBJ1-1*01	CAASRRGSTLGRLYF	tgtgcagcaagtaggagaggctcaaccctggggaggctatacttt			CASSPRDREMNTEAFF	tgtgccagctcaccaagggacagagaaatgaacactgaagctttcttt	1	0	1	1	1
clonotype5325	UNK_S	1	TRAV3*01	TRAJ5*01			TRBV18*01	TRBJ2-3*01	CAVRDDTGRRALTF	tgtgctgtgagagacgacacgggcaggagagcacttactttt			CASSPPGADSTDTQYF	tgtgccagctcaccacctggggcggatagcacagatacgcagtatttt	1	0	1	1	1
clonotype5326	UNK_S	1	TRAV21*01	TRAJ10*01			TRBV18*01	TRBJ2-5*01	CAVTLITGGGNKLTF	tgtgctgtgaccttaatcacgggaggaggaaacaaactcaccttt			CASSPQTGSGQETQYF	tgtgccagctcaccacaaacagggtcgggccaagagacccagtacttc	1	0	1	1	1
clonotype5327	UNK_S	1	TRAV8-3*01	TRAJ9*01			TRBV18*01	TRBJ2-5*01	CAVGAGAGGFKTIF	tgtgctgtgggtgcaggagctggaggcttcaaaactatcttt			CASSPPRFIEEETQYF	tgtgccagctcaccaccgcggttcatcgaagaagagacccagtacttc	1	0	1	1	1
clonotype5328	UNK_S	1	TRAV26-1*01	TRAJ37*01			TRBV12-3*01	TRBJ1-5*01	CIVRVDAVHGSSNTGKLIF	tgcatcgtcagagtcgatgcggttcatggctctagcaacacaggcaaactaatcttt			CASSSEAWNYNQPQHF	tgtgccagcagttccgaggcttggaattacaatcagccccagcatttt	1	0	1	1	1
clonotype533	UNK_S	1	TRAV6*01	TRAJ11*01			TRBV30*01	TRBJ1-5*01	CALASESGYSTLTF	tgtgctctagcatcggaatcaggatacagcaccctcaccttt			CAWTQGSNQPQHF	tgtgcctggacacaagggagcaatcagccccagcatttt	1	0	1	1	1
clonotype5330	UNK_S	1	TRAV3*01	TRAJ33*01	TRAV13-2*01	TRAJ17*01	TRBV2*01	TRBJ1-5*01	CAVRDDGTDSNYQLIW	tgtgctgtgagagacgacggcacggatagcaactatcagttaatctgg	CAENIRAAGNKLTF	tgtgcagagaatatcagggctgcaggcaacaagctaactttt	CASREGDRGVWQPQHF	tgtgccagcagagagggggacaggggagtttggcagccccagcatttt	2	1	2	2	1
clonotype5331	UNK_S	1	TRAV8-4*01	TRAJ50*01			TRBV2*01	TRBJ2-6*01	CAVSDKTSYDKVIF	tgtgctgtgagtgataaaacctcctacgacaaggtgatattt			CASRPGLSSGANVLTF	tgtgccagcaggccgggactgagctctggggccaacgtcctgactttc	1	0	1	1	1
clonotype5332	UNK_S	1	TRAV14/DV4*01	TRAJ11*01			TRBV2*01	TRBJ2-3*01	CAFSSGYSTLTF	tgtgctttctcttcaggatacagcaccctcaccttt			CASSGKTRGFTDTQYF	tgtgccagcagtggaaaaactaggggtttcacagatacgcagtatttt	1	0	1	1	1
clonotype5333	UNK_S	1	TRAV2*01	TRAJ29*01			TRBV2*01	TRBJ2-2*01	CAVGPLRGGNTPLVF	tgtgctgtggggcccctccgaggaggaaacacacctcttgtcttt			CASSGSFGGGRGELFF	tgtgccagcagtgggtcttttggaggggggagaggggagctgtttttt	1	0	1	1	1
clonotype5334	UNK_S	1	TRAV12-3*01	TRAJ22*01			TRBV12-5*01	TRBJ1-2*01	CAMASGSARQLTF	tgtgcaatggcttctggttctgcaaggcaactgaccttt			CASGSGTGDRWDGYTF	tgtgctagtggttccgggacaggggataggtgggatggctacaccttc	1	0	1	1	1
clonotype5335	UNK_S	1	TRAV9-2*01	TRAJ13*01			TRBV12-5*01	TRBJ2-1*01	CALSDRNGGYQKVTF	tgtgctctgagtgatcggaatgggggttaccagaaagttaccttt			CASGLPTWDAGNEQFF	tgtgctagtggtttgccaacatgggatgcgggcaatgagcagttcttc	1	0	1	1	1
clonotype5336	UNK_S	1	TRAV38-1*01	TRAJ57*01			TRBV12-5*01	TRBJ1-1*01	CAQQGGSEKLVF	tgtgcccaacagggcggatctgaaaagctggtcttt			CASGFWIGPDSTEAFF	tgtgctagtggtttttggatcggcccggatagcactgaagctttcttt	1	0	1	1	1
clonotype5337	UNK_S	1	TRAV12-3*01	TRAJ41*01			TRBV24-1*01	TRBJ2-1*01	CAVSTNSGYALNF	tgtgctgtgagcacaaattccgggtatgcactcaacttc			CATSDGTSGRSYNEQFF	tgtgccaccagtgatgggactagcgggagaagctacaatgagcagttcttc	1	0	1	1	1
clonotype5338	UNK_S	1	TRAV3*01	TRAJ20*01			TRBV28*01	TRBJ2-3*01	CAVRDFSNDYKLSF	tgtgctgtgagagacttttctaacgactacaagctcagcttt			CASSSKYRQGAIDTQYF	tgtgccagcagttcaaagtacagacagggggcaatagatacgcagtatttt	1	0	1	1	1
clonotype5339	UNK_S	1	TRAV8-1*01	TRAJ7*01			TRBV7-9*01	TRBJ2-5*01	CAVNARGGNNRLAF	tgtgccgtgaatgcgcgaggggggaacaacagactcgctttt			CASSTSGTGAGDAQYF	tgtgccagcagcacctccgggacaggtgcgggagacgcccagtacttc	1	0	1	1	1
clonotype5340	UNK_S	1	TRAV38-2/DV8*01	TRAJ54*01			TRBV7-9*01	TRBJ2-5*01	CAYIVGAQKLVF	tgtgcttatattgtcggagcccagaagctggtattt			CASSRGVLAAQETQYF	tgtgccagcagccgaggggtgctagcggcccaagagacccagtacttc	1	0	1	1	1
clonotype5341	UNK_S	1	TRAV10*01	TRAJ8*01			TRBV7-9*01	TRBJ2-2*01	CVVSPTGFQKLVF	tgtgtggtgagccctacaggctttcagaaacttgtattt			CASSLSLREKTGELFF	tgtgccagcagcttaagcttgcgggagaaaaccggggagctgtttttt	1	0	1	1	1
clonotype5342	UNK_S	1	TRAV38-2/DV8*01	TRAJ40*01			TRBV11-2*01	TRBJ2-1*01	CAYRRGTYKYIF	tgtgcttataggaggggaacctacaaatacatcttt			CASSALYRGLYNEQFF	tgtgccagcagcgccctgtacagggggctgtacaatgagcagttcttc	1	0	1	1	1
clonotype5343	UNK_S	1	TRAV8-6*01	TRAJ4*01			TRBV11-2*01	TRBJ2-1*01	CAVTFSGGYNKLIF	tgtgctgtgactttttctggtggctacaataagctgattttt			CASSSEGKGGGNEQFF	tgtgccagcagctcggagggtaagggaggaggcaatgagcagttcttc	1	0	1	1	1
clonotype5344	UNK_S	1	TRAV12-3*01	TRAJ5*01			TRBV11-2*01	TRBJ2-2*01	CAMSYTGRRALTF	tgtgcaatgagctacacgggcaggagagcacttactttt			CASSLQREGRTGELFF	tgtgccagcagcttacagcgggagggccggaccggggagctgtttttt	1	0	1	1	1
clonotype5345	UNK_S	1	TRAV12-3*01	TRAJ6*01			TRBV11-2*01	TRBJ2-1*01	CARVSGGSYIPTF	tgtgcaagggtttcaggaggaagctacatacctacattt			CASSLGRRSSYNEQFF	tgtgccagcagcttaggtcgacggagctcctacaatgagcagttcttc	1	0	1	1	1
clonotype5346	UNK_S	1	TRAV12-1*01	TRAJ48*01			TRBV7-8*01	TRBJ2-3*01	CVVTLSNFGNEKLTF	tgtgtggtgaccctatctaactttggaaatgagaaattaaccttt			CASSFELAGATDTQYF	tgtgccagcagctttgaactagcgggagctacagatacgcagtatttt	1	0	1	1	1
clonotype5347	UNK_S	1	TRAV12-3*01	TRAJ54*01			TRBV7-2*01	TRBJ2-3*01	CAMSTQGAQKLVF	tgtgcaatgagcactcagggagcccagaagctggtattt			CASRPTSGRAGDTQYF	tgtgccagcagaccgactagcgggagggccggagatacgcagtatttt	1	0	1	1	1
clonotype5348	UNK_S	1	TRAV13-1*01	TRAJ35*01			TRBV7-2*01	TRBJ2-3*01	CAASQSGGFGNVLHC	tgtgcagcaagtcagagcggaggctttgggaatgtgctgcattgc			CASSLALRKDTDTQYF	tgtgccagcagcttagcgttgcggaaagacacagatacgcagtatttt	1	0	1	1	1
clonotype5349	UNK_S	1	TRAV10*01	TRAJ15*01			TRBV7-2*01	TRBJ2-4*01	CVVSNQAGTALIF	tgtgtggtgagcaaccaggcaggaactgctctgatcttt			CASSLVGGKAKNIQYF	tgtgccagcagcttagtggggggaaaagccaaaaacattcagtacttc	1	0	1	1	1
clonotype535	UNK_S	1	TRAV6*01	TRAJ3*01			TRBV29-1*01	TRBJ2-5*01	CALAPAWGSSASKIIF	tgtgctctagcccctgcctgggggagcagtgcttccaagataatcttt			CSVDTGGEETQYF	tgcagcgtggatacagggggggaagagacccagtacttc	1	0	1	1	1
clonotype5350	UNK_S	1	TRAV2*01	TRAJ6*01			TRBV7-2*01	TRBJ2-2*01	CAVEDSSGGSYIPTF	tgtgctgtggaggattcatcaggaggaagctacatacctacattt			CASSLEQASSTGELFF	tgtgccagcagcttagaacaggcctcttccaccggggagctgtttttt	1	0	1	1	1
clonotype5351	UNK_S	1	TRAV8-4*01	TRAJ58*01			TRBV7-6*01	TRBJ2-2*01	CAVSKETSGSRLTF	tgtgctgtgagtaaagaaaccagtggctctaggttgaccttt			CASSLAGGYYTGELFF	tgtgccagcagcttagcgggagggtactacaccggggagctgtttttt	1	0	1	1	1
clonotype5352	UNK_S	1	TRAV12-1*01	TRAJ24*01			TRBV27*01	TRBJ2-7*01	CVVNRGTDSWGKLQF	tgtgtggtgaaccgcgggactgacagctgggggaaattgcagttt			CASSPLPGTGDSYEQYV	tgtgccagcagcccacttcccgggacaggggactcctacgagcagtacgtc	1	0	1	1	1
clonotype5353	UNK_S	1	TRAV8-6*01	TRAJ6*01			TRBV27*01	TRBJ1-5*01	CAVTLSGGSYIPTF	tgtgctgtgactttatcaggaggaagctacatacctacattt			CASSRGAQGTSNQPQHF	tgtgccagcagccgtggggcacagggtactagcaatcagccccagcatttt	1	0	1	1	1
clonotype5354	UNK_S	1	TRAV38-1*01	TRAJ40*01			TRBV27*01	TRBJ2-7*01	CAFTSGTYKYIF	tgtgcttttacctcaggaacctacaaatacatcttt			CASSPWTSGRKIYEQYV	tgtgccagcagtccgtggactagcgggagaaagatctacgagcagtacgtc	1	0	1	1	1
clonotype5355	UNK_S	1	TRAV8-4*01	TRAJ33*01			TRBV5-6*01	TRBJ1-1*01	CAVSPYWGNYQLIW	tgtgctgtgagcccatactggggcaactatcagttaatctgg			CASSLSRDRARNTEAFF	tgtgccagcagcttgtcccgggacagggcgcggaacactgaagctttcttt	1	0	1	1	1
clonotype5356	UNK_S	1	TRAV17*01	TRAJ40*01			TRBV5-6*01	TRBJ1-3*01	CATDEGTSGTYKYIF	tgtgctacggacgaagggacctcaggaacctacaaatacatcttt			CASSHRITRISGNTIYF	tgtgccagcagccaccgtattactcggatctctggaaacaccatatatttt	1	0	1	1	1
clonotype5357	UNK_S	1	TRAV10*01	TRAJ39*01			TRBV5-4*01	TRBJ2-1*01	CVVRRNAGNMLTF	tgtgtggtgaggcggaatgcaggcaacatgctcaccttt			CASSLRGGGRIMDEQFF	tgtgccagcagtctccggggtggcgggagaatcatggatgagcagttcttc	1	0	1	1	1
clonotype5358	UNK_S	1	TRAV8-4*01	TRAJ57*01	TRAV17*01	TRAJ15*01	TRBV5-1*01	TRBJ2-1*01	CAVSDSSGSEKLVF	tgtgctgtgagtgatagcagcggatctgaaaagctggtcttt	CATAPLGNQAGTALIF	tgtgctacggcccctttgggtaaccaggcaggaactgctctgatcttt	CASSQGLAGGPYNEQFF	tgcgccagcagccagggactagcgggagggccctacaatgagcagttcttc	2	1	2	2	1
clonotype5359	UNK_S	1	TRAV8-3*01	TRAJ16*01			TRBV5-1*01	TRBJ2-7*01	CAVVGFSDGQKLLF	tgtgctgtggtagggttttcagatggccagaagctgctcttt			CASSYLTPTVGSYEQYF	tgcgccagcagctacctaaccccgacagtcggctcctacgagcagtacttc	1	0	1	1	1
clonotype5360	UNK_S	1	TRAV3*01	TRAJ34*01			TRBV5-1*01	TRBJ2-1*01	CAVMLIRGADKLIF	tgtgctgtgatgttaatacgtggcgccgacaagctcatcttt			CASSWGPGQEMEGEQFF	tgcgccagcagctgggggccgggacaggagatggagggtgagcagttcttc	1	0	1	1	1
clonotype5361	UNK_S	1	TRAV24*01	TRAJ32*01			TRBV5-1*01	TRBJ2-5*01	CAFRGATNKLIF	tgtgcctttagaggtgctacaaacaagctcatcttt			CASSLAPGTSVQETQYF	tgcgccagcagcttggcccccgggactagcgttcaagagacccagtacttc	1	0	1	1	1
clonotype5362	UNK_S	1	TRAV19*01	TRAJ40*01			TRBV5-1*01	TRBJ2-2*01	CALRSGTYKYIF	tgtgctctgaggtcaggaacctacaaatacatcttt			CASSLVGSGANTGELFF	tgcgccagcagcttggttgggtcgggagcgaacaccggggagctgtttttt	1	0	1	1	1
clonotype5363	UNK_S	1	TRAV13-1*01	TRAJ17*01			TRBV12-4*01	TRBJ1-6*01	CAARGGRAAGNKLTF	tgtgcagcaagggggggtagagctgcaggcaacaagctaactttt			CASSSGFSSYNSPLHF	tgtgccagcagctcgggttttagctcctataattcacccctccacttt	1	0	1	1	1
clonotype5364	UNK_S	1	TRAV2*01	TRAJ9*01			TRBV12-4*01	TRBJ1-6*01	CAVEEPNTGGFKTIF	tgtgctgtggaggaaccaaatactggaggcttcaaaactatcttt			CASSQKPGQNNSPLHF	tgtgccagcagtcaaaaaccgggacagaataattcacccctccacttt	1	0	1	1	1
clonotype5365	UNK_S	1	TRAV8-4*01	TRAJ12*01			TRBV12-4*01	TRBJ1-2*01	CAVSDRDSSYKLIF	tgtgctgtgagtgatcgggatagcagctataaattgatcttc			CASSPHDGVPNYGYTF	tgtgccagcagtccccacgacggggtccctaactatggctacaccttc	1	0	1	1	1
clonotype5366	UNK_S	1	TRAV19*01	TRAJ48*01			TRBV12-4*01	TRBJ1-4*01	CALFIGNEKLTF	tgtgctctcttcatcggaaatgagaaattaaccttt			CASSLGRRATNEKLFF	tgtgccagcagtttaggacggagggcaactaatgaaaaactgtttttt	1	0	1	1	1
clonotype5367	UNK_S	1	TRAV8-2*01	TRAJ4*01			TRBV12-4*01	TRBJ2-1*01	CAAPFSGGYNKLIF	tgtgccgcccccttttctggtggctacaataagctgattttt			CASSFRGRRSYNEQFF	tgtgccagcagttttcgggggagaagatcctacaatgagcagttcttc	1	0	1	1	1
clonotype5368	UNK_S	1	TRAV9-2*01	TRAJ42*01	TRAV24*01	TRAJ29*01	TRBV3-1*01	TRBJ1-3*01	CAPGIRGGSQGNLIF	tgtgcacctgggattagaggaggaagccaaggaaatctcatcttt	CASDSGNTPLVF	tgtgcctccgattcaggaaacacacctcttgtcttt	CASSQAAISLSGNTIYF	tgtgccagcagccaggcggctatatccctttctggaaacaccatatatttt	2	1	2	2	1
clonotype5369	UNK_S	1	TRAV8-2*01	TRAJ31*01	TRAV5*01	TRAJ29*01	TRBV4-1*01	TRBJ2-4*01	CVVSDRNNNARLMF	tgtgttgtgagtgatcgcaataacaatgccagactcatgttt	CAERWDSGNTPLVF	tgtgcagagagatgggattcaggaaacacacctcttgtcttt	CASSQGGAGGLTNIQYF	tgcgccagcagccaaggaggggcgggagggctcacgaacattcagtacttc	2	1	2	2	1
clonotype5370	UNK_S	1	TRAV14/DV4*01	TRAJ31*01			TRBV4-1*01	TRBJ2-3*01	CAMRDPNARLMF	tgtgcaatgagagaccccaatgccagactcatgttt			CASSQVPDGHLRDTQYF	tgcgccagcagccaagttcccgacgggcaccttcgggatacgcagtatttt	1	0	1	1	1
clonotype5371	UNK_S	1	TRAV12-3*01	TRAJ57*01			TRBV4-1*01	TRBJ2-1*01	CAGNQGGSEKLVF	tgtgcagggaatcagggcggatctgaaaagctggtcttt			CASSLRAGTSAYNEQFF	tgcgccagcagcctaagggcgggaacctctgcctacaatgagcagttcttc	1	0	1	1	1
clonotype5372	UNK_S	1	TRAV8-6*01	TRAJ22*01			TRBV11-3*01	TRBJ2-1*01	CAVSGAGSARQLTF	tgtgctgtgagtggagcgggttctgcaaggcaactgaccttt			CASSLGGGRAYNEQFF	tgtgccagcagcctagggggcgggagggcctacaatgagcagttcttc	1	0	1	1	1
clonotype5373	UNK_S	1	TRAV12-3*01	TRAJ5*01	TRAV8-2*01	TRAJ22*01	TRBV15*01	TRBJ1-2*01	CAMNNEGRRALTF	tgtgcaatgaacaacgagggcaggagagcacttactttt	CVVSDSSGSARQLTF	tgtgttgtgagtgattcttctggttctgcaaggcaactgaccttt	CATSGRTALRRNYGYTF	tgtgccaccagcggcaggacagctctgcggcgtaactatggctacaccttc	2	1	2	2	1
clonotype5374	UNK_S	1	TRAV8-3*01	TRAJ48*01			TRBV14*01	TRBJ2-7*01	CAVGPTYGNEKLTF	tgtgctgtgggcccaacctatggaaatgagaaattaaccttt			CASSQAPSGSLHEQYV	tgtgccagcagccaagcccccagcgggagtctccacgagcagtacgtc	1	0	1	1	1
clonotype5375	UNK_S	1	TRAV8-3*01	TRAJ36*01			TRBV14*01	TRBJ2-1*01	CAVGNGAGANNLFF	tgtgctgtggggaacggagctggggcaaacaacctcttcttt			CASSQVRRGFYNEQFF	tgtgccagcagccaagtacgacgggggttctacaatgagcagttcttc	1	0	1	1	1
clonotype5376	UNK_S	1	TRAV10*01	TRAJ26*01			TRBV19*01	TRBJ1-5*01	CVVRANNYGQNFVF	tgtgtggtgagggccaataactatggtcagaattttgtcttt			CASSKEQGSSSNQPQHF	tgtgccagtagtaaagaacaggggagttccagcaatcagccccagcatttt	1	0	1	1	1
clonotype5377	UNK_S	1	TRAV8-4*01	TRAJ43*01			TRBV19*01	TRBJ1-1*01	CAVSPSSYNNNDMRF	tgtgctgtgagccctagctcttacaataacaatgacatgcgcttt			CASRHRGGRGVNTEAFF	tgtgccagtaggcatcgaggggggagaggggtgaacactgaagctttcttt	1	0	1	1	1
clonotype5378	UNK_S	1	TRAV2*01	TRAJ13*01			TRBV19*01	TRBJ1-5*01	CALEGVDSGGYQKVTF	tgtgctctcgaaggcgtggattctgggggttaccagaaagttaccttt			CASSIGGQPGGNQPQHF	tgtgccagtagtataggggggcagccgggcggcaatcagccccagcatttt	1	0	1	1	1
clonotype5379	UNK_S	1	TRAV38-2/DV8*01	TRAJ38*01			TRBV19*01	TRBJ2-2*01	CALNAGNNRKLIW	tgtgccctgaatgctggcaacaaccgtaagctgatttgg			CASSISKIGLDPGELFF	tgtgccagtagtatttcgaagatagggttggaccccggggagctgtttttt	1	0	1	1	1
clonotype5380	UNK_S	1	TRAV8-6*01	TRAJ53*01			TRBV6-5*01	TRBJ2-2*01	CAVSVGGGSNYKLTF	tgtgctgtgagtgtgggtggaggtagcaactataaactgacattt			CASSYFPAGSNTGELFF	tgtgccagcagttatttcccagcggggtcgaacaccggggagctgtttttt	1	0	1	1	1
clonotype5381	UNK_S	1	TRAV8-4*01	TRAJ8*01			TRBV6-5*01	TRBJ1-6*01	CAVSDRDTGFQKLVF	tgtgctgtgagtgatcgggacacaggctttcagaaacttgtattt			CASSLTGGAGVNSPLHF	tgtgccagcagtttaacagggggcgctggggtgaattcacccctccacttt	1	0	1	1	1
clonotype5382	UNK_S	1	TRAV12-1*01	TRAJ45*01			TRBV6-2*01	TRBJ2-1*01	CVVTLLSGGGADGLTF	tgtgtggtgactttgctttcaggaggaggtgctgacggactcaccttt			CASSYSVTSGNINEQFF	tgtgccagcagttactcagttactagcgggaatatcaatgagcagttcttc	1	0	1	1	1
clonotype5383	UNK_S	1	TRAV10*01	TRAJ10*01			TRBV6-2*01	TRBJ2-1*01	CVVIWGGGGNKLTF	tgtgtggtaatttgggggggaggaggaaacaaactcaccttt			CASSYSRIAGGFNEQFF	tgtgccagcagttactcgagaatagcgggagggttcaatgagcagttcttc	1	0	1	1	1
clonotype5384	UNK_S	1	TRAV12-3*01	TRAJ4*01			TRBV6-2*01	TRBJ2-4*01	CAMPLIGGYNKLIF	tgtgcaatgccgttgataggtggctacaataagctgattttt			CASSSLTSGRAQNIQYF	tgtgccagcagttctctgactagcgggagggcccaaaacattcagtacttc	1	0	1	1	1
clonotype5385	UNK_S	1	TRAV38-1*01	TRAJ49*01			TRBV30*01	TRBJ2-1*01	CAFMIGTGNQFYF	tgtgctttcatgattggcaccggtaaccagttctatttt			CAWRNSGTSGRVAYNEQFF	tgtgcctggagaaattccgggactagcgggagggtagcctacaatgagcagttcttc	1	0	1	1	1
clonotype5386	UNK_S	1	TRAV14/DV4*01	TRAJ24*01			TRBV30*01	TRBJ2-2*01	CAMRDDSWGKLQF	tgtgcaatgagagatgacagctgggggaaattgcagttt			CAWSLSSLAGGRGTGELFF	tgtgcctggagtttatcatccttagcgggagggcgcggcaccggggagctgtttttt	1	0	1	1	1
clonotype5387	UNK_S	1	TRAV3*01	TRAJ3*01			TRBV20-1*01	TRBJ2-2*01	CAVRPGYSSASKIIF	tgtgctgtgagaccggggtacagcagtgcttccaagataatcttt			CSARAPPSGLAENTGELFF	tgcagtgctagagcccccccttcgggactagcggagaacaccggggagctgtttttt	1	0	1	1	1
clonotype5389	UNK_S	1	TRAV10*01	TRAJ33*01			TRBV18*01	TRBJ2-1*01	CVVSLMDSNYQLIW	tgtgtggtgagcctcatggatagcaactatcagttaatctgg			CASSPLAGGKGDEQFF	tgtgccagctcacccctagcgggagggaagggggatgagcagttcttc	1	0	1	1	1
clonotype5390	UNK_S	1	TRAV38-1*01	TRAJ31*01			TRBV18*01	TRBJ1-1*01	CAFMSTNNARLMF	tgtgctttcatgtctaccaacaatgccagactcatgttt			CASSSWELTGSGEAFF	tgtgccagctcatcatgggagctaacagggagcggtgaagctttcttt	1	0	1	1	1
clonotype5391	UNK_S	1	TRAV8-6*01	TRAJ28*01			TRBV12-4*01	TRBJ2-7*01	CAVAYSGAGSYQLTF	tgtgctgttgcatactctggggctgggagttaccaactcactttc			CASSMAGTGGRKGQYF	tgtgccagcagcatggccgggacaggggggcgtaaagggcagtacttc	1	0	1	1	1
clonotype5392	UNK_S	1	TRAV12-1*01	TRAJ28*01			TRBV12-3*01	TRBJ1-1*01	CVVSAYSGAGSYQLTF	tgtgtggtgagcgcatactctggggctgggagttaccaactcactttc			CASSLGQPGPNTEAFF	tgtgccagcagtttggggcagccaggaccgaacactgaagctttcttt	1	0	1	1	1
clonotype5393	UNK_S	1	TRAV8-1*01	TRAJ40*01			TRBV12-3*01	TRBJ2-1*01	CAVNAQSSGTYKYIF	tgtgccgtgaatgcccaatcctcaggaacctacaaatacatcttt			CASALGLAGGRDEQFF	tgtgccagcgcgctaggactagcgggagggcgggatgagcagttcttc	1	0	1	1	1
clonotype5394	UNK_S	1	TRAV38-2/DV8*01	TRAJ56*01			TRBV2*01	TRBJ2-3*01	CAYFTGANSKLTF	tgtgcttattttactggagccaatagtaagctgacattt			CASSGSGQSRTDTQYF	tgtgccagcagtggaagcggacagtcacgcacagatacgcagtatttt	1	0	1	1	1
clonotype5395	UNK_S	1	TRAV38-1*01	TRAJ31*01			TRBV24-1*01	TRBJ2-1*01	CAFISFNNARLMF	tgtgctttcatcagctttaacaatgccagactcatgttt			CATSDLPGTGTGNEQFF	tgtgccaccagtgatttacccgggacagggacggggaatgagcagttcttc	1	0	1	1	1
clonotype5396	UNK_S	1	TRAV8-4*01	TRAJ11*01			TRBV28*01	TRBJ2-3*01	CAVSDANSGYSTLTF	tgtgctgtgagcgatgcgaattcaggatacagcaccctcaccttt			CASRTPGPGAGTDTQYF	tgtgccagcagaacaccgggccccggggccggcacagatacgcagtatttt	1	0	1	1	1
clonotype5397	UNK_S	1	TRAV8-2*01	TRAJ9*01			TRBV28*01	TRBJ2-3*01	CVVRAAYTGGFKTIF	tgtgttgtgagggcggcgtatactggaggcttcaaaactatcttt			CASSETPGLAGVDTQYF	tgtgccagcagtgagacaccgggactagcgggagtggatacgcagtatttt	1	0	1	1	1
clonotype5398	UNK_S	1	TRAV8-3*01	TRAJ48*01			TRBV7-9*01	TRBJ2-5*01	CAVGAVSFGNEKLTF	tgtgctgtgggtgctgtgagctttggaaatgagaaattaaccttt			CASSLGGGRAEETQYF	tgtgccagcagcttaggaggtgggagggccgaggagacccagtacttc	1	0	1	1	1
clonotype5399	UNK_S	1	TRAV8-6*01	TRAJ53*01			TRBV7-9*01	TRBJ2-2*01	CAVSYSGGSNYKLTF	tgtgctgtgagttatagtggaggtagcaactataaactgacattt			CASSKGGVKNTGELFF	tgtgccagcagcaagggaggggtgaaaaacaccggggagctgtttttt	1	0	1	1	1
clonotype54	UNK_S	2	TRAV38-1*01	TRAJ45*01			TRBV30*01	TRBJ1-4*01	CAFMKHSSGGGADGLTF	tgtgctttcatgaagcatagttcaggaggaggtgctgacggactcaccttt			CAWIRAGRPNEKLFF	tgtgcctggatccgtgcgggacggcctaatgaaaaactgtttttt	2	0	2	1	1
clonotype5400	UNK_S	1	TRAV38-1*01	TRAJ23*01			TRBV7-9*01	TRBJ2-2*01	CAFIYNQGGKLIF	tgtgctttcatttataaccagggaggaaagcttatcttc			CASSPRTSGSIRELFF	tgtgccagcagcccacggactagcgggagtatcagggagctgtttttt	1	0	1	1	1
clonotype5401	UNK_S	1	TRAV38-2/DV8*01	TRAJ21*01	TRAV38-1*01	TRAJ49*01	TRBV7-9*01	TRBJ1-4*01	CAYRAVYNFNKFYF	tgtgcttatagggccgtatacaacttcaacaaattttacttt	CAFFPQTGNQFYF	tgtgctttcttcccccaaaccggtaaccagttctatttt	CASSPPYDSTNEKLFF	tgtgccagcagccccccatacgatagcactaatgaaaaactgtttttt	2	1	2	2	1
clonotype5402	UNK_S	1	TRAV19*01	TRAJ13*01			TRBV7-9*01	TRBJ2-1*01	CALSSGGYQKVTF	tgtgctctgagttctgggggttaccagaaagttaccttt			CASSFSLGVARNEQFF	tgtgccagcagcttttcgttgggagtagcaaggaatgagcagttcttc	1	0	1	1	1
clonotype5403	UNK_S	1	TRAV8-3*01	TRAJ44*01			TRBV7-9*01	TRBJ2-1*01	CAVGGNTGTASKLTF	tgtgctgtgggggggaataccggcactgccagtaaactcaccttt			CASITARGKVFNEQFF	tgtgccagcatcaccgcgagagggaaggtgtttaatgagcagttcttc	1	0	1	1	1
clonotype5404	UNK_S	1	TRAV20*01	TRAJ41*01			TRBV7-3*01	TRBJ2-3*01	CAVQIPESNSGYALNF	tgtgctgtgcagataccggaatcaaattccgggtatgcactcaacttc			CASSLNPAGVSDTQYF	tgtgccagcagcttaaatccagcgggagtttcagatacgcagtatttt	1	0	1	1	1
clonotype5405	UNK_S	1	TRAV8-2*01	TRAJ5*01			TRBV7-3*01	TRBJ2-1*01	CVVSDKDTGRRALTF	tgtgttgtgagtgataaagacacgggcaggagagcacttactttt			CASSLNSWVSYNEQFF	tgtgccagcagcttaaattcgtgggtttcctacaatgagcagttcttc	1	0	1	1	1
clonotype5406	UNK_S	1	TRAV34*01	TRAJ53*01			TRBV7-3*01	TRBJ2-1*01	CGADSGSGGSNYKLTF	tgtggagcagactcgggtagtggaggtagcaactataaactgacattt			CASSFLAGGFYNEQFF	tgtgccagcagctttctagcgggagggttctacaatgagcagttcttc	1	0	1	1	1
clonotype5407	UNK_S	1	TRAV8-1*01	TRAJ4*01			TRBV11-2*01	TRBJ1-1*01	CAWLMDEGGYNKLIF	tgtgcctggctaatggacgaaggtggctacaataagctgattttt			CASSLRLKGLNTEAFF	tgtgccagcagcctccgactgaagggactgaacactgaagctttcttt	1	0	1	1	1
clonotype5408	UNK_S	1	TRAV9-2*01	TRAJ53*01			TRBV7-8*01	TRBJ2-3*01	CALRTRSGGSNYKLTF	tgtgctctgaggacgaggagtggaggtagcaactataaactgacattt			CASSLTGTAYTDTQYF	tgtgccagcagcttaaccgggacagcctacacagatacgcagtatttt	1	0	1	1	1
clonotype5409	UNK_S	1	TRAV10*01	TRAJ8*01			TRBV7-8*01	TRBJ1-1*01	CVVSSDTGFQKLVF	tgtgtggtgagcagcgacacaggctttcagaaacttgtattt			CASSLRGTGVRIRAFF	tgtgccagcagcttaaggggtacaggggtaaggattcgggctttcttt	1	0	1	1	1
clonotype5410	UNK_S	1	TRAV14/DV4*01	TRAJ23*01			TRBV7-8*01	TRBJ1-5*01	CAMREGEGGKLIF	tgtgcaatgagagagggtgaaggaggaaagcttatcttc			CASSLALGREEQPQHF	tgtgccagcagcttagcgcttggcagggaagagcagccccagcatttt	1	0	1	1	1
clonotype5411	UNK_S	1	TRAV8-1*01	TRAJ13*01			TRBV7-8*01	TRBJ1-2*01	CAVRMNSGGYQKVTF	tgtgccgtgagaatgaattctgggggttaccagaaagttaccttt			CASSLGIGRANYGYTF	tgtgccagcagcttagggatagggcgtgctaactatggctacaccttc	1	0	1	1	1
clonotype5413	UNK_S	1	TRAV12-1*01	TRAJ42*01			TRBV7-6*01	TRBJ1-1*01	CVVNGNYGGSQGNLIF	tgtgtggtgaacgggaattatggaggaagccaaggaaatctcatcttt			CASSPADGYMNTEAFF	tgtgccagcagccctgcggacggatacatgaacactgaagctttcttt	1	0	1	1	1
clonotype5414	UNK_S	1	TRAV8-4*01	TRAJ54*01			TRBV7-6*01	TRBJ1-3*01	CAVSDRGQGAQKLVF	tgtgctgtgagtgatcggggtcagggagcccagaagctggtattt			CASSSSPGGSGNTIYF	tgtgccagcagctcctccccggggggatctggaaacaccatatatttt	1	0	1	1	1
clonotype5415	UNK_S	1	TRAV38-1*01	TRAJ40*01			TRBV5-4*01	TRBJ2-3*01	CAFMKPGTYKYIF	tgtgctttcatgaagccaggaacctacaaatacatcttt			CASSSPGQAPFTDTQYF	tgtgccagcagctccccgggacaggcgccattcacagatacgcagtatttt	1	0	1	1	1
clonotype5416	UNK_S	1	TRAV8-1*01	TRAJ9*01			TRBV5-1*01	TRBJ2-1*01	CAVNAPDTGGFKTIF	tgtgccgtgaatgcgcccgatactggaggcttcaaaactatcttt			CASSTQFGGHRDNEQFF	tgcgccagcagcacccaatttggggggcacagagacaatgagcagttcttc	1	0	1	1	1
clonotype5417	UNK_S	1	TRAV13-1*01	TRAJ42*01			TRBV5-1*01	TRBJ2-1*01	CAASKGYGGSQGNLIF	tgtgcagcaagtaagggatatggaggaagccaaggaaatctcatcttt			CASSLEVAVKITHEQFF	tgcgccagcagcttggaggtagcggtgaagataactcatgagcagttcttc	1	0	1	1	1
clonotype5418	UNK_S	1	TRAV13-2*01	TRAJ45*01			TRBV5-1*01	TRBJ2-5*01	CAENVSGGGADGLTF	tgtgcagagaatgtgtcaggaggaggtgctgacggactcaccttt			CASSLGLGSPSQETQYF	tgcgccagcagcttggggttaggcagtccgtcccaagagacccagtacttc	1	0	1	1	1
clonotype5419	UNK_S	1	TRAV8-4*01	TRAJ54*01			TRBV3-1*01	TRBJ2-5*01	CAVSVRIQGAQKLVF	tgtgctgtgagtgtaaggattcagggagcccagaagctggtattt			CASSQDWRLAVQETQYF	tgtgccagcagccaagattggagactagcggtccaagagacccagtacttc	1	0	1	1	1
clonotype5420	UNK_S	1	TRAV3*01	TRAJ12*01			TRBV9*01	TRBJ2-1*01	CAVRDMMDSSYKLIF	tgtgctgtgagagacatgatggatagcagctataaattgatcttc			CASSTRTSGSSYNEQFF	tgtgccagcagcacccggactagcgggagctcctacaatgagcagttcttc	1	0	1	1	1
clonotype5421	UNK_S	1	TRAV19*01	TRAJ40*01			TRBV14*01	TRBJ1-1*01	CALSAPGTYKYIF	tgtgctctgagtgccccaggaacctacaaatacatcttt			CASSQDSGRLNTEAFF	tgtgccagcagccaagactcggggagactgaacactgaagctttcttt	1	0	1	1	1
clonotype5422	UNK_S	1	TRAV12-3*01	TRAJ3*01			TRBV14*01	TRBJ2-3*01	CAMRPYSSASKIIF	tgtgcaatgagaccgtacagcagtgcttccaagataatcttt			CASSPQLAGGPDTQYF	tgtgccagcagccctcaactagcgggaggcccagatacgcagtatttt	1	0	1	1	1
clonotype5423	UNK_S	1	TRAV24*01	TRAJ48*01			TRBV14*01	TRBJ2-2*01	CALPDFGNEKLTF	tgtgccttacccgattttggaaatgagaaattaaccttt			CASSRRNGRNTGELFF	tgtgccagcagccgaaggaacgggaggaacaccggggagctgtttttt	1	0	1	1	1
clonotype5424	UNK_S	1	TRAV8-1*01	TRAJ4*01			TRBV14*01	TRBJ1-1*01	CAVIGLSGGYNKLIF	tgtgccgtgatcggactttctggtggctacaataagctgattttt			CASSLIGGTGGTEAFF	tgtgccagcagcctcataggggggacagggggcactgaagctttcttt	1	0	1	1	1
clonotype5425	UNK_S	1	TRAV38-1*01	TRAJ54*01			TRBV25-1*01	TRBJ2-7*01	CAFIIFQGAQKLVF	tgtgctttcataatctttcagggagcccagaagctggtattt			CASRGFKDRTGTYEQYF	tgtgccagcaggggatttaaggacaggaccgggacctacgagcagtacttc	1	0	1	1	1
clonotype5426	UNK_S	1	TRAV10*01	TRAJ37*01			TRBV6-5*01	TRBJ1-2*01	CVVPNGSSNTGKLIF	tgtgtggttcccaatggctctagcaacacaggcaaactaatcttt			CASSPRRRQGAARGYTF	tgtgccagcagtcctagacgccgacagggggcggcgcgcggctacaccttc	1	0	1	1	1
clonotype5427	UNK_S	1	TRAV3*01	TRAJ6*01			TRBV6-1*01	TRBJ1-1*01	CAVRDITSGGSYIPTF	tgtgctgtgagagacataacatcaggaggaagctacatacctacattt			CASNLRGTGEMNTEAFF	tgtgccagcaatcttagggggacaggggaaatgaacactgaagctttcttt	1	0	1	1	1
clonotype5428	UNK_S	1	TRAV8-4*01	TRAJ9*01			TRBV6-1*01	TRBJ2-5*01	CAVSDPSGGGGFKTIF	tgtgctgtgagtgatccaagtggcggtggaggcttcaaaactatcttt			CASSEALGLAGQTTQYF	tgtgccagcagtgaagcgctcggactagcgggccaaacgacccagtacttc	1	0	1	1	1
clonotype5429	UNK_S	1	TRAV38-2/DV8*01	TRAJ54*01			TRBV6-2*01	TRBJ2-1*01	CAYRSGQGAQKLVF	tgtgcttataggagcggtcagggagcccagaagctggtattt			CASSYSRLDRSYNEQFF	tgtgccagcagttactcgagactagaccggtcctacaatgagcagttcttc	1	0	1	1	1
clonotype5430	UNK_S	1	TRAV14/DV4*01	TRAJ8*01			TRBV18*01	TRBJ2-7*01	CAMSRNTGFQKLVF	tgtgcaatgagtcggaacacaggctttcagaaacttgtattt			CASSPPGSYLTYEQYF	tgtgccagctcaccacctgggagttacctaacctacgagcagtacttc	1	0	1	1	1
clonotype5431	UNK_S	1	TRAV10*01	TRAJ40*01			TRBV18*01	TRBJ2-1*01	CVVSAKTSGTYKYIF	tgtgtggtgagcgcgaaaacctcaggaacctacaaatacatcttt			CASSPDRSGVYNEQFF	tgtgccagctcacctgatcgtagcggggtctacaatgagcagttcttc	1	0	1	1	1
clonotype5432	UNK_S	1	TRAV19*01	TRAJ37*01			TRBV18*01	TRBJ2-2*01	CALMGSSNTGKLIF	tgtgctctgatgggctctagcaacacaggcaaactaatcttt			CASSSRLAGNTGELFF	tgtgccagctcatcccgactagcggggaacaccggggagctgtttttt	1	0	1	1	1
clonotype5433	UNK_S	1	TRAV12-3*01	TRAJ45*01			TRBV12-4*01	TRBJ2-2*01	CAMTNSGGGADGLTF	tgtgcaatgacgaattcaggaggaggtgctgacggactcaccttt			CASSLTRRMNTGELFF	tgtgccagcagtttaacgagaaggatgaacaccggggagctgtttttt	1	0	1	1	1
clonotype5434	UNK_S	1	TRAV8-4*01	TRAJ3*01			TRBV12-4*01	TRBJ2-2*01	CAVSDGGLSSASKIIF	tgtgctgtgagtgatgggggcctcagcagtgcttccaagataatcttt			CASSFRLAKFTGELFF	tgtgccagcagttttaggctagccaaattcaccggggagctgtttttt	1	0	1	1	1
clonotype5435	UNK_S	1	TRAV14/DV4*01	TRAJ45*01	TRAV19*01	TRAJ49*01	TRBV2*01	TRBJ2-1*01	CAMRDYSGGGADGLTF	tgtgcaatgagggactattcaggaggaggtgctgacggactcaccttt	CALSGWNTGNQFYF	tgtgctctgagtgggtggaacaccggtaaccagttctatttt	CASRWAGGGWGDEQFF	tgtgccagcaggtgggcgggaggaggttggggcgatgagcagttcttc	2	1	2	2	1
clonotype5436	UNK_S	1	TRAV8-4*01	TRAJ4*01			TRBV2*01	TRBJ1-1*01	CAVSALFSGGYNKLIF	tgtgctgtgagtgccctgttttctggtggctacaataagctgattttt			CASSPGTGGVNTEAFF	tgtgccagcagtcccgggacagggggggtgaacactgaagctttcttt	1	0	1	1	1
clonotype5437	UNK_S	1	TRAV34*01	TRAJ48*01			TRBV12-5*01	TRBJ2-3*01	CGASGGVSNFGNEKLTF	tgtggagcctctgggggggtatctaactttggaaatgagaaattaaccttt			CASGWFAGPLTDTQYF	tgtgctagtggatggttcgcgggtcccttaacagatacgcagtatttt	1	0	1	1	1
clonotype5438	UNK_S	1	TRAV17*01	TRAJ53*01			TRBV28*01	TRBJ1-3*01	CATDAKGSGGSNYKLTF	tgtgctacggacgctaagggcagtggaggtagcaactataaactgacattt			CASSLYGLGSSGNTIYF	tgtgccagcagtttatatggcctgggcagttctggaaacaccatatatttt	1	0	1	1	1
clonotype5439	UNK_S	1	TRAV12-3*01	TRAJ22*01			TRBV7-3*01	TRBJ2-2*01	CAMSGPRGSARQLTF	tgtgcaatgagcggtccccggggttctgcaaggcaactgaccttt			CASSLNTGINTGELFF	tgtgccagcagcttaaacacggggatcaacaccggggagctgtttttt	1	0	1	1	1
clonotype5440	UNK_S	1	TRAV19*01	TRAJ30*01			TRBV7-3*01	TRBJ2-3*01	CALSVLNRDDKIIF	tgtgctctgagtgttctgaacagagatgacaagatcatcttt			CASSFYPGTSTDTQYF	tgtgccagcagcttctaccccgggactagcacagatacgcagtatttt	1	0	1	1	1
clonotype5441	UNK_S	1	TRAV22*01	TRAJ45*01			TRBV7-3*01	TRBJ2-1*01	CAVRPGPLYSGGGADGLTF	tgtgctgtgagaccagggcccctttattcaggaggaggtgctgacggactcaccttt			CASSFTGGRSYNEQFF	tgtgccagcagttttacgggcgggagatcctacaatgagcagttcttc	1	0	1	1	1
clonotype5442	UNK_S	1	TRAV12-3*01	TRAJ12*01			TRBV11-2*01	TRBJ1-4*01	CAMSAPMDSSYKLIF	tgtgcaatgagcgcgccgatggatagcagctataaattgatcttc			CASSLDRADWGEKLFF	tgtgccagcagcttagatcgagccgactggggtgaaaaactgtttttt	1	0	1	1	1
clonotype5443	UNK_S	1	TRAV19*01	TRAJ35*01			TRBV7-2*01	TRBJ2-3*01	CALSERGFGNVLHC	tgtgctctgagtgaaagaggctttgggaatgtgctgcattgc			CASSARQGGSTDTQYF	tgtgccagcagtgcccgacaggggggtagcacagatacgcagtatttt	1	0	1	1	1
clonotype5444	UNK_S	1	TRAV8-3*01	TRAJ53*01			TRBV27*01	TRBJ2-7*01	CAVGARSGGSNYKLTF	tgtgctgtgggtgcgcggagtggaggtagcaactataaactgacattt			CASRPTGVTLLSYEQYF	tgtgccagcaggccgacaggggttacgcttctgtcctacgagcagtacttc	1	0	1	1	1
clonotype5445	UNK_S	1	TRAV8-6*01	TRAJ37*01			TRBV5-6*01	TRBJ2-1*01	CAVSWGGSSNTGKLIF	tgtgctgtgagctgggggggctctagcaacacaggcaaactaatcttt			CASSLSIASGIYNEQFF	tgtgccagcagcttaagtatcgctagcggaatctacaatgagcagttcttc	1	0	1	1	1
clonotype5446	UNK_S	1	TRAV38-2/DV8*01	TRAJ43*01			TRBV5-4*01	TRBJ2-6*01	CAYRSVDNNNDMRF	tgtgcttataggagcgtcgacaataacaatgacatgcgcttt			CASSLEGRGGWANVLTF	tgtgccagcagcttggagggcaggggaggttgggccaacgtcctgactttc	1	0	1	1	1
clonotype5447	UNK_S	1	TRAV19*01	TRAJ10*01			TRBV5-1*01	TRBJ2-1*01	CALSTEGGGNKLTF	tgtgctctgagtacggagggaggaggaaacaaactcaccttt			CASSQGLAGGWVNEQFF	tgcgccagcagccagggactagcgggaggttgggtcaatgagcagttcttc	1	0	1	1	1
clonotype5448	UNK_S	1	TRAV3*01	TRAJ10*01			TRBV5-1*01	TRBJ2-5*01	CAVRDGPAGGGNKLTF	tgtgctgtgagagacggacccgcgggaggaggaaacaaactcaccttt			CASSSIADPGQGRAQYF	tgcgccagcagctctattgccgatccgggacagggaagagcccagtacttc	1	0	1	1	1
clonotype5449	UNK_S	1	TRAV8-3*01	TRAJ48*01	TRAV29/DV5*01	TRAJ29*01	TRBV5-1*01	TRBJ2-4*01	CAVDRRSNFGNEKLTF	tgtgctgtggatcgccgatctaactttggaaatgagaaattaaccttt	CAASWGPGPLVF	tgtgcagcaagctggggccccggacctcttgtcttt	CASSLDAGTAFKNIQYF	tgcgccagcagcttggacgccgggacagcattcaaaaacattcagtacttc	2	1	2	2	1
clonotype5450	UNK_S	1	TRAV8-3*01	TRAJ38*01			TRBV5-1*01	TRBJ2-6*01	CAVGSAAAGNNRKLIW	tgtgctgtgggctccgcggctgctggcaacaaccgtaagctgatttgg			CASSLGLQGSGANVLTF	tgcgccagcagcttgggattacagggatctggggccaacgtcctgactttc	1	0	1	1	1
clonotype5451	UNK_S	1	TRAV19*01	TRAJ5*01			TRBV3-1*01	TRBJ2-3*01	CALSEGTGRRALTF	tgtgctctgagtgagggcacgggcaggagagcacttactttt			CASSHLGGRASTDTQYF	tgtgccagcagccatcttggcgggagggccagcacagatacgcagtatttt	1	0	1	1	1
clonotype5452	UNK_S	1	TRAV19*01	TRAJ41*01			TRBV4-2*01	TRBJ1-5*01	CALSAINSGYALNF	tgtgctctgagtgcaataaattccgggtatgcactcaacttc			CASSQGGLRTGNQPQHF	tgtgccagcagccaagggggcctaaggacagggaatcagccccagcatttt	1	0	1	1	1
clonotype5453	UNK_S	1	TRAV36/DV7*01	TRAJ57*01			TRBV4-2*01	TRBJ2-1*01	CAVEPGGQGGSEKLVF	tgtgctgtggagccaggaggtcagggcggatctgaaaagctggtcttt			CASSQGVRTVSYNEQFF	tgtgccagcagccaaggggtgaggacggtctcctacaatgagcagttcttc	1	0	1	1	1
clonotype5454	UNK_S	1	TRAV14/DV4*01	TRAJ54*01			TRBV9*01	TRBJ2-3*01	CAMREDWGAQKLVF	tgtgcaatgagagaggactggggagcccagaagctggtattt			CASSVGDSRSHTDTQYF	tgtgccagcagcgtaggggacagtcggtcacacacggatacgcagtatttt	1	0	1	1	1
clonotype5455	UNK_S	1	TRAV10*01	TRAJ6*01			TRBV9*01	TRBJ2-7*01	CVVTALSGGSYIPTF	tgtgtggtgaccgcgttatcaggaggaagctacatacctacattt			CASSVVEGLAGMNEQYF	tgtgccagcagcgtggttgagggactagcggggatgaacgagcagtacttc	1	0	1	1	1
clonotype5456	UNK_S	1	TRAV8-1*01	TRAJ3*01			TRBV14*01	TRBJ2-5*01	CAVNARRYSSASKIIF	tgtgccgtgaatgcgcggaggtacagcagtgcttccaagataatcttt			CASSQGLARSQETQYF	tgtgccagcagccaaggactggcaaggagccaagagacccagtacttc	1	0	1	1	1
clonotype5457	UNK_S	1	TRAV19*01	TRAJ35*01			TRBV19*01	TRBJ1-3*01	CALSEAEGFGNVLHC	tgtgctctgagtgaggcggaaggctttgggaatgtgctgcattgc			CASSIHRGPGSGNTIYF	tgtgccagtagtattcatcgaggccccggctctggaaacaccatatatttt	1	0	1	1	1
clonotype5458	UNK_S	1	TRAV14/DV4*01	TRAJ54*01			TRBV6-6*01	TRBJ2-1*01	CAMREVIQGAQKLVF	tgtgcaatgagagaggtcattcagggagcccagaagctggtattt			CASSYGTSGRVRNEQFF	tgtgccagcagttacgggactagcgggagagtgaggaatgagcagttcttc	1	0	1	1	1
clonotype5459	UNK_S	1	TRAV38-2/DV8*01	TRAJ42*01			TRBV18*01	TRBJ1-1*01	CAYTNYGGSQGNLIF	tgtgcttatacgaattatggaggaagccaaggaaatctcatcttt			CASSQTSGSLNTEAFF	tgtgccagctcacagacgtcagggagtctgaacactgaagctttcttt	1	0	1	1	1
clonotype5460	UNK_S	1	TRAV3*01	TRAJ4*01			TRBV12-3*01	TRBJ2-2*01	CAVRAPTFSGGYNKLIF	tgtgctgtgagagcccctactttttctggtggctacaataagctgattttt			CASTLTSGTVTGELFF	tgtgccagcaccctgactagcgggacggtgaccggggagctgtttttt	1	0	1	1	1
clonotype5461	UNK_S	1	TRAV14/DV4*01	TRAJ5*01			TRBV12-3*01	TRBJ1-3*01	CAMREGPTGRRALTF	tgtgcaatgagagagggcccaacgggcaggagagcacttactttt			CASSQDRQSSGNTIYF	tgtgccagcagtcaggaccgccagagctctggaaacaccatatatttt	1	0	1	1	1
clonotype5462	UNK_S	1	TRAV24*01	TRAJ8*01			TRBV12-3*01	TRBJ2-5*01	CAFKRRNTGFQKLVF	tgtgcctttaagcggaggaacacaggctttcagaaacttgtattt			CASSLSLAGGLETQYF	tgtgccagcagtttaagcctagcgggagggctggagacccagtacttc	1	0	1	1	1
clonotype5463	UNK_S	1	TRAV14/DV4*01	TRAJ48*01			TRBV12-3*01	TRBJ2-5*01	CAMRGSNFGNEKLTF	tgtgcaatgagagggtctaactttggaaatgagaaattaaccttt			CASSLDSYRGLETQYF	tgtgccagcagtttagactcatacagggggctggagacccagtacttc	1	0	1	1	1
clonotype5464	UNK_S	1	TRAV38-2/DV8*01	TRAJ47*01			TRBV2*01	TRBJ2-3*01	CAYRRTMEYGNKLVF	tgtgcttataggaggaccatggaatatggaaacaagctggtcttt			CASSDPSSTHTDTQYF	tgtgccagcagtgaccctagcagcacacacacagatacgcagtatttt	1	0	1	1	1
clonotype5465	UNK_S	1	TRAV8-3*01	TRAJ10*01			TRBV28*01	TRBJ2-5*01	CAVGAYGLTGGGNKLTF	tgtgctgtgggggcctacggactcacgggaggaggaaacaaactcaccttt			CASISGLAGPYQETQYF	tgtgccagtatttcggggctagcgggaccgtaccaagagacccagtacttc	1	0	1	1	1
clonotype5466	UNK_S	1	TRAV38-2/DV8*01	TRAJ11*01			TRBV7-9*01	TRBJ2-7*01	CASQVREAGYSTLTF	tgtgcctcccaagttagggaggcaggatacagcaccctcaccttt			CASSPLGPESLYEQYF	tgtgccagcagccccctagggccggaatccctctacgagcagtacttc	1	0	1	1	1
clonotype5467	UNK_S	1	TRAV29/DV5*01	TRAJ40*01			TRBV7-9*01	TRBJ2-7*01	CAASGTYKYIF	tgtgcagcttcaggaacctacaaatacatcttt			CASSLLLGQGQYEQYF	tgtgccagcagcttattgcttggacaggggcaatacgagcagtacttc	1	0	1	1	1
clonotype5468	UNK_S	1	TRAV5*01	TRAJ52*01			TRBV7-3*01	TRBJ2-1*01	CAEKGSAGGTSYGKLTF	tgtgcagagaagggaagtgctggtggtactagctatggaaagctgacattt			CASSYLTSGSDGEQFF	tgtgccagcagctatctgactagcgggagtgacggtgagcagttcttc	1	0	1	1	1
clonotype5469	UNK_S	1	TRAV19*01	TRAJ50*01			TRBV11-2*01	TRBJ2-1*01	CALSGMKTSYDKVIF	tgtgctctgagcgggatgaaaacctcctacgacaaggtgatattt			CASSSLQGRVYNEQFF	tgtgccagcagctcgttacaggggcgagtctacaatgagcagttcttc	1	0	1	1	1
clonotype5470	UNK_S	1	TRAV12-2*01	TRAJ29*01			TRBV7-8*01	TRBJ2-7*01	CAADTSPLPSGNTPLVF	tgtgccgccgacacgtctccccttccgtcaggaaacacacctcttgtcttt			CASRPEPQVPLYEQYF	tgtgccagcaggcctgaaccgcaggtccctctctacgagcagtacttc	1	0	1	1	1
clonotype5471	UNK_S	1	TRAV38-2/DV8*01	TRAJ54*01			TRBV7-2*01	TRBJ2-5*01	CAYNPFIQGAQKLVF	tgtgcttataacccctttattcagggagcccagaagctggtattt			CASSLRGAGGGETQYF	tgtgccagcagcttaaggggagcgggagggggggagacccagtacttc	1	0	1	1	1
clonotype5472	UNK_S	1	TRAV14/DV4*01	TRAJ44*01			TRBV10-1*01	TRBJ2-5*01	CAIKILTGTASKLTF	tgtgcaatcaaaatacttaccggcactgccagtaaactcaccttt			CASSDGLDSGRRQTQYF	tgcgccagcagtgatggcttggatagcgggagaagacagacccagtacttc	1	0	1	1	1
clonotype5473	UNK_S	1	TRAV14/DV4*01	TRAJ33*01			TRBV27*01	TRBJ1-2*01	CAMREGEDSNYQLIW	tgtgcaatgagagagggtgaggatagcaactatcagttaatctgg			CASSNLPLIGWDYGYTF	tgtgccagcagcaacctcccccttatagggtgggactatggctacaccttc	1	0	1	1	1
clonotype5474	UNK_S	1	TRAV12-3*01	TRAJ9*01			TRBV27*01	TRBJ2-7*01	CAMSALLNTGGFKTIF	tgtgcaatgagcgccttattaaatactggaggcttcaaaactatcttt			CASRGTSVPRAVYEQYF	tgtgccagcagggggactagcgttccccgagcggtctacgagcagtacttc	1	0	1	1	1
clonotype5475	UNK_S	1	TRAV14/DV4*01	TRAJ36*01			TRBV5-1*01	TRBJ1-6*01	CAMREGRTGANNLFF	tgtgcaatgagagagggccgtactggggcaaacaacctcttcttt			CASSSSGQARNNSPLHF	tgcgccagcagctcaagcggacaagcgagaaataattcacccctccacttt	1	0	1	1	1
clonotype5476	UNK_S	1	TRAV19*01	TRAJ36*01			TRBV4-1*01	TRBJ2-7*01	CALSDGGGGANNLFF	tgtgctctgagtgacggaggaggtggggcaaacaacctcttcttt			CASSQYGDGRATYEQYF	tgcgccagcagccagtacggggacgggagggctacatacgagcagtacttc	1	0	1	1	1
clonotype5477	UNK_S	1	TRAV29/DV5*01	TRAJ33*01	TRAV10*01	TRAJ42*01	TRBV4-2*01	TRBJ2-2*01	CAASENSNYQLIW	tgtgcagcaagcgagaatagcaactatcagttaatctgg	CVVSPNYGGSQGNLIF	tgtgtggtgagccctaattatggaggaagccaaggaaatctcatcttt	CASSQDPPGLDTGELFF	tgtgccagcagccaagatccgcccggactagacaccggggagctgtttttt	2	1	2	2	1
clonotype5478	UNK_S	1	TRAV3*01	TRAJ28*01			TRBV4-3*01	TRBJ2-3*01	CAVRPFYSGAGSYQLTF	tgtgctgtgagacccttttactctggggctgggagttaccaactcactttc			CASSQGAVAGSPDTQYF	tgcgccagcagccaaggagcggtagctggttcgccagatacgcagtatttt	1	0	1	1	1
clonotype5479	UNK_S	1	TRAV38-1*01	TRAJ36*01			TRBV9*01	TRBJ2-6*01	CAFMKLGTGANNLFF	tgtgctttcatgaagctagggactggggcaaacaacctcttcttt			CASSVGLLSSGANVLTF	tgtgccagcagcgtaggacttcttagctctggggccaacgtcctgactttc	1	0	1	1	1
clonotype5480	UNK_S	1	TRAV38-1*01	TRAJ37*01			TRBV15*01	TRBJ2-7*01	CAFMNRIGNTGKLIF	tgtgctttcatgaatagaattggcaacacaggcaaactaatcttt			CATSREGTAHGDHEQYF	tgtgccaccagcagagaggggacagcccacggggatcacgagcagtacttc	1	0	1	1	1
clonotype5481	UNK_S	1	TRAV5*01	TRAJ42*01			TRBV19*01	TRBJ2-2*01	CAESMALNYGGSQGNLIF	tgtgcagagagtatggccttgaattatggaggaagccaaggaaatctcatcttt			CASSTSGSLAFVGELFF	tgtgccagtagtacctcagggtcgctcgctttcgtcggggagctgtttttt	1	0	1	1	1
clonotype5482	UNK_S	1	TRAV14/DV4*01	TRAJ48*01			TRBV6-2*01	TRBJ2-7*01	CAMRDPMNFGNEKLTF	tgtgcaatgagagatcctatgaactttggaaatgagaaattaaccttt			CASSSPGLAGGPLEQYV	tgtgccagcagctctccgggactagcgggagggccgctcgagcagtacgtc	1	0	1	1	1
clonotype5483	UNK_S	1	TRAV14/DV4*01	TRAJ4*01			TRBV6-2*01	TRBJ2-5*01	CAMREGGTGGYNKLIF	tgtgcaatgagagagggagggactggtggctacaataagctgattttt			CASSYGGLAGAQETQYF	tgtgccagcagttacgggggattagcgggagcacaagagacccagtacttc	1	0	1	1	1
clonotype5484	UNK_S	1	TRAV14/DV4*01	TRAJ39*01			TRBV6-2*01	TRBJ2-1*01	CAMREGLNNAGNMLTF	tgtgcaatgagagagggccttaataatgcaggcaacatgctcaccttt			CASSYSFGTSGKVEQFF	tgtgccagcagttactcgtttgggactagcgggaaggttgagcagttcttc	1	0	1	1	1
clonotype5485	UNK_S	1	TRAV38-2/DV8*01	TRAJ23*01			TRBV2*01	TRBJ2-1*01	CAYRRLIYNQGGKLIF	tgtgcttataggaggttgatttataaccagggaggaaagcttatcttc			CASRPVAGGPYNEQFF	tgtgccagcagaccggtggcgggagggccctacaatgagcagttcttc	1	0	1	1	1
clonotype5486	UNK_S	1	TRAV8-1*01	TRAJ7*01			TRBV2*01	TRBJ2-3*01	CAVNAAGFMYYGNNRLAF	tgtgccgtgaatgcggccggcttcatgtactatgggaacaacagactcgctttt			CASSSRDITSTDTQYF	tgtgccagcagttcccgggacatcactagcacagatacgcagtatttt	1	0	1	1	1
clonotype5487	UNK_S	1	TRAV29/DV5*01	TRAJ50*01			TRBV7-9*01	TRBJ2-2*01	CAPETSYDKVIF	tgtgccccagaaacctcctacgacaaggtgatattt			CASGRNRGQDTGELFF	tgtgccagcggcagaaacagggggcaggacaccggggagctgtttttt	1	0	1	1	1
clonotype5488	UNK_S	1	TRAV14/DV4*01	TRAJ35*01			TRBV7-9*01	TRBJ1-2*01	CAMREGSEGFGNVLHC	tgtgcaatgagagagggcagtgagggctttgggaatgtgctgcattgc			CASSLELSRGPRGYTF	tgtgccagcagcttagagttaagtaggggaccccggggatacaccttc	1	0	1	1	1
clonotype5489	UNK_S	1	TRAV29/DV5*01	TRAJ21*01			TRBV7-8*01	TRBJ2-5*01	CAASENFNKFYF	tgtgcagcaagcgagaacttcaacaaattttacttt			CASSLEAGLAEETQYF	tgtgccagcagcttagaggcgggactagccgaagagacccagtacttc	1	0	1	1	1
clonotype5490	UNK_S	1	TRAV29/DV5*01	TRAJ49*01			TRBV7-2*01	TRBJ1-5*01	CAASEGGNQFYF	tgtgcagcaagcgagggcggtaaccagttctatttt			CASSLRGGFSNQPQHF	tgtgccagcagcttaaggggtggttttagcaatcagccccagcatttt	1	0	1	1	1
clonotype5491	UNK_S	1	TRAV38-2/DV8*01	TRAJ44*01			TRBV7-2*01	TRBJ1-5*01	CAYRSARTGTASKLTF	tgtgcttataggagcgcaaggaccggcactgccagtaaactcaccttt			CASSLGWQPSNQPQHF	tgtgccagcagcttagggtggcagcctagcaatcagccccagcatttt	1	0	1	1	1
clonotype5492	UNK_S	1	TRAV38-1*01	TRAJ28*01			TRBV5-4*01	TRBJ2-1*01	CAFMKYSGAGSYQLTF	tgtgctttcatgaagtactctggggctgggagttaccaactcactttc			CASSSGTSGRFYNEQFF	tgtgccagcagctcagggactagcgggaggttctacaatgagcagttcttc	1	0	1	1	1
clonotype5493	UNK_S	1	TRAV14/DV4*01	TRAJ27*01			TRBV5-1*01	TRBJ2-3*01	CAMREGRGTNAGKSTF	tgtgcaatgagagagggaaggggcaccaatgcaggcaaatcaaccttt			CASSHPAGTGETDTQYF	tgcgccagcagccatcccgccgggacaggggagacagatacgcagtatttt	1	0	1	1	1
clonotype5494	UNK_S	1	TRAV38-2/DV8*01	TRAJ45*01			TRBV3-1*01	TRBJ2-7*01	CAYRGNSGGGADGLTF	tgtgcttataggggtaattcaggaggaggtgctgacggactcaccttt			CASSLSMDRDISYEQYF	tgtgccagcagcctatccatggacagggacatctcctacgagcagtacttc	1	0	1	1	1
clonotype5495	UNK_S	1	TRAV19*01	TRAJ28*01			TRBV4-2*01	TRBJ2-5*01	CALSEVSGAGSYQLTF	tgtgctctgagtgaggtctctggggctgggagttaccaactcactttc			CASSRRADRGIQETQYF	tgtgccagcagccgccgggcggacaggggaatacaagagacccagtacttc	1	0	1	1	1
clonotype5496	UNK_S	1	TRAV14/DV4*01	TRAJ39*01			TRBV9*01	TRBJ1-2*01	CAMREGLNNAGNMLTF	tgtgcaatgagagagggcctaaataatgcaggcaacatgctcaccttt			CASSGKGTVEGNYGYTF	tgtgccagcagcgggaaagggacagtcgagggaaactatggctacaccttc	1	0	1	1	1
clonotype5497	UNK_S	1	TRAV19*01	TRAJ5*01			TRBV15*01	TRBJ2-4*01	CALSEGMDTGRRALTF	tgtgctctgagtgagggcatggacacgggcaggagagcacttactttt			CATSRHDRPLAKNIQYF	tgtgccaccagcagacacgaccgtcccttagccaaaaacattcagtacttc	1	0	1	1	1
clonotype5498	UNK_S	1	TRAV29/DV5*01	TRAJ34*01			TRBV14*01	TRBJ2-1*01	CAASDWTDKLIF	tgtgcagcaagcgattggaccgacaagctcatcttt			CASTLGRQSSYNEQFF	tgtgccagcaccctgggacgccagagctcctacaatgagcagttcttc	1	0	1	1	1
clonotype5499	UNK_S	1	TRAV14/DV4*01	TRAJ24*01			TRBV19*01	TRBJ2-2*01	CAMREISLSDSWGKLQF	tgtgcaatgagagagataagcctctctgacagctgggggaaattgcagttt			CASSSAGLAGASGELFF	tgtgccagtagtagcgccggactagcgggagctagcggggagctgtttttt	1	0	1	1	1
clonotype55	UNK_S	2	TRAV6*01	TRAJ37*01			TRBV3-1*01	TRBJ1-4*01	CALEISNTGKLIF	tgtgctctagaaatcagcaacacaggcaaactaatcttt			CASSQVTDEKLFF	tgtgccagcagccaagttacagacgaaaaactgtttttt	2	0	2	1	1
clonotype5500	UNK_S	1	TRAV29/DV5*01	TRAJ37*01			TRBV6-6*01	TRBJ1-5*01	CAARSSNTGKLIF	tgtgcagcccgctctagcaacacaggcaaactaatcttt			CASSSPRGAVSNQPQHF	tgtgccagcagttcccctcggggggctgtgagcaatcagccccagcatttt	1	0	1	1	1
clonotype5501	UNK_S	1	TRAV12-3*01	TRAJ53*01			TRBV18*01	TRBJ1-2*01	CAMSARVWSGGSNYKLTF	tgtgcaatgagcgcgcgagtatggagtggaggtagcaactataaactgacattt			CASSPESGRVNWGYTF	tgtgccagctcaccggaatcgggacgagtaaattggggctacaccttc	1	0	1	1	1
clonotype5502	UNK_S	1	TRAV38-1*01	TRAJ42*01			TRBV7-9*01	TRBJ1-3*01	CAFMKHGVRGSQGNLIF	tgtgctttcatgaagcatggagtgagaggaagccaaggaaatctcatcttt			CASSSIRTENGNTIYF	tgtgccagcagctcaattcggacagagaacggaaacaccatatatttt	1	0	1	1	1
clonotype5503	UNK_S	1	TRAV29/DV5*01	TRAJ39*01			TRBV7-2*01	TRBJ2-2*01	CAADAKRLGMLTF	tgtgcagcagatgctaagcgccttggcatgctcaccttt			CASSLVRGSATGELFF	tgtgccagcagcttagttcgggggtcggccaccggggagctgtttttt	1	0	1	1	1
clonotype5504	UNK_S	1	TRAV29/DV5*01	TRAJ29*01			TRBV7-6*01	TRBJ2-3*01	CAATSSGNTPLVF	tgtgcagcaacctcttcaggaaacacacctcttgtcttt			CASSFWTVRDTDTQYF	tgtgccagcagcttttggacggtacgggacacagatacgcagtatttt	1	0	1	1	1
clonotype5505	UNK_S	1	TRAV38-2/DV8*01	TRAJ48*01			TRBV3-1*01	TRBJ1-5*01	CAYRSARTNFGNEKLTF	tgtgcttataggagcgcgcggactaactttggaaatgagaaattaaccttt			CASSQDLTGKGARPQHF	tgtgccagcagccaagatctaacggggaagggcgctcggccccagcatttt	1	0	1	1	1
clonotype5506	UNK_S	1	TRAV29/DV5*01	TRAJ22*01	TRAV19*01	TRAJ24*01	TRBV4-1*01	TRBJ2-3*01	CAVSSGSARQLTF	tgtgcagtttcttctggttctgcaaggcaactgaccttt	CALSEPAVSPGSWGKLQF	tgtgctctgagtgagccagcggtgtcaccgggcagctgggggaaattgcagttt	CASSQDSSGEYTDTQYF	tgcgccagcagccaagattctagcggggagtacacagatacgcagtatttt	2	1	2	2	1
clonotype5507	UNK_S	1	TRAV29/DV5*01	TRAJ9*01			TRBV4-1*01	TRBJ2-2*01	CAASATGGFKTIF	tgtgcagcaagcgcaactggaggcttcaaaactatcttt			CASSLTSGGSNTGELFF	tgcgccagcagcctcacttcaggaggttcgaacaccggggagctgtttttt	1	0	1	1	1
clonotype5508	UNK_S	1	TRAV38-1*01	TRAJ57*01			TRBV4-2*01	TRBJ2-3*01	CAFTNPITQGGSEKLVF	tgtgctttcacgaatcctataactcagggcggatctgaaaagctggtcttt			CASSQEGLGLYTDTQYF	tgtgccagcagccaagaaggcctaggactatacacagatacgcagtatttt	1	0	1	1	1
clonotype5509	UNK_S	1	TRAV38-1*01	TRAJ52*01			TRBV15*01	TRBJ2-1*01	CAFMKRGGGTSYGKLTF	tgtgctttcatgaagcgggggggtggtactagctatggaaagctgacattt			CATSRDRVVGSYNEQFF	tgtgccaccagcagagatagggtagtagggtcctacaatgagcagttcttc	1	0	1	1	1
clonotype5510	UNK_S	1	TRAV23/DV6*01	TRAJ31*01			TRBV18*01	TRBJ2-1*01	CAAKKNNARLMF	tgtgcagcaaaaaaaaacaatgccagactcatgttt			CASSPLEGTGGSEQFF	tgtgccagctcaccactggaagggaccggggggagtgagcagttcttc	1	0	1	1	1
clonotype5511	UNK_S	1	TRAV19*01	TRAJ45*01			TRBV7-9*01	TRBJ2-3*01	CALSEAMYSGGGADGLTF	tgtgctctgagtgaggcaatgtattcaggaggaggtgctgacggactcaccttt			CASSLDLSGRADTQYF	tgtgccagcagcttagaccttagcgggagggcagatacgcagtatttt	1	0	1	1	1
clonotype5512	UNK_S	1	TRAV29/DV5*01	TRAJ34*01			TRBV11-2*01	TRBJ1-1*01	CAASVSGTTDKLIF	tgtgcagcaagcgtatcggggaccaccgacaagctcatcttt			CASSLVGPIGHTEAFF	tgtgccagcagcttagttgggcctataggacacactgaagctttcttt	1	0	1	1	1
clonotype5513	UNK_S	1	TRAV29/DV5*01	TRAJ13*01			TRBV7-8*01	TRBJ1-5*01	CAAGSSGGYQKVTF	tgtgcagcgggttcttctgggggttaccagaaagttaccttt			CASTLGPPWPNQPQHF	tgtgccagcaccttagggcccccctggcccaatcagccccagcatttt	1	0	1	1	1
clonotype5514	UNK_S	1	TRAV29/DV5*01	TRAJ10*01			TRBV27*01	TRBJ1-5*01	CAANPLGGGNKLTF	tgtgcagcaaaccccctcggaggaggaaacaaactcaccttt			CASSLSRGYGSNQPQHF	tgtgccagcagtttatcgcgcgggtatggatctaatcagccccagcatttt	1	0	1	1	1
clonotype5515	UNK_S	1	TRAV29/DV5*01	TRAJ33*01			TRBV4-3*01	TRBJ1-6*01	CAASAGDSNYQLIW	tgtgcagcaagcgcgggggatagcaactatcagttaatctgg			CASSRTQGANKNSPLHF	tgcgccagcagccggacacagggggcaaataagaattcacccctccacttt	1	0	1	1	1
clonotype5516	UNK_S	1	TRAV14/DV4*01	TRAJ53*01			TRBV15*01	TRBJ1-5*01	CAMRPRGNSGGSNYKLTF	tgtgcaatgagaccaagggggaatagtggaggtagcaactataaactgacattt			CATSRDRSTASNQPQHF	tgtgccaccagcagagatcggtcgacagctagcaatcagccccagcatttt	1	0	1	1	1
clonotype5517	UNK_S	1	TRAV14/DV4*01	TRAJ53*01			TRBV18*01	TRBJ2-7*01	CAMREGETNSGGSNYKLTF	tgtgcaatgagagagggtgagacgaatagtggaggtagcaactataaactgacattt			CASSPGAPRQSYEQYF	tgtgccagctcaccaggagcaccgcgacagtcctacgagcagtacttc	1	0	1	1	1
clonotype5518	UNK_S	1	TRAV29/DV5*01	TRAJ39*01			TRBV12-3*01	TRBJ2-5*01	CAAKARYNAGNMLTF	tgtgcagctaaagcgaggtataatgcaggcaacatgctcaccttt			CASSSSGREYQETQYF	tgtgccagcagttcatcgggcagggagtaccaagagacccagtacttc	1	0	1	1	1
clonotype5519	UNK_S	1	TRAV38-1*01	TRAJ38*01			TRBV28*01	TRBJ1-4*01	CAFMKHIGPNAGNNRKLIW	tgtgctttcatgaagcatattggccctaatgctggcaacaaccgtaagctgatttgg			CASSWTVGQGDNEKLFF	tgtgccagcagttggacagtgggccagggggataatgaaaaactgtttttt	1	0	1	1	1
clonotype5520	UNK_S	1	TRAV29/DV5*01	TRAJ42*01			TRBV10-3*01	TRBJ2-2*01	CAADFYGGSQGNLIF	tgtgcagccgacttttatggaggaagccaaggaaatctcatcttt			CAISEPGLATNTGELFF	tgtgccatcagtgaaccgggactagctacgaacaccggggagctgtttttt	1	0	1	1	1
clonotype5521	UNK_S	1	TRAV23/DV6*01	TRAJ3*01			TRBV7-3*01	TRBJ2-2*01	CAASYSSASKIIF	tgtgcagcaagctacagcagtgcttccaagataatcttt			CASSFLRAGNTGELFF	tgtgccagcagcttcttacgggcggggaacaccggggagctgtttttt	1	0	1	1	1
clonotype5522	UNK_S	1	TRAV29/DV5*01	TRAJ29*01			TRBV7-2*01	TRBJ2-5*01	CAASAKKAGNTPLVF	tgtgcagcaagcgcgaagaaggcaggaaacacacctcttgtcttt			CASSYSTGTGIGSQYF	tgtgccagcagctattcgaccgggacagggatcggaagccagtacttc	1	0	1	1	1
clonotype5523	UNK_S	1	TRAV23/DV6*01	TRAJ54*01			TRBV12-4*01	TRBJ1-1*01	CAASRRGAQKLVF	tgtgcagcaagcagacggggagcccagaagctggtattt			CASSLVWGHIGTEAFF	tgtgccagcagtttagtctgggggcatatcggcactgaagctttcttt	1	0	1	1	1
clonotype5524	UNK_S	1	TRAV29/DV5*01	TRAJ22*01			TRBV9*01	TRBJ2-2*01	CAATPFSGSARQLTF	tgtgcagcaaccccattttctggttctgcaaggcaactgaccttt			CASSARLDSLNTGELFF	tgtgccagcagcgcacgattggacagtctgaacaccggggagctgtttttt	1	0	1	1	1
clonotype5525	UNK_S	1	TRAV23/DV6*01	TRAJ31*01			TRBV2*01	TRBJ2-3*01	CAARPWNNNARLMF	tgtgcagcaagaccctggaataacaatgccagactcatgttt			CASSFSGISSTDTQYF	tgtgccagcagttttagcgggatcagctccacagatacgcagtatttt	1	0	1	1	1
clonotype5526	UNK_S	1	TRAV29/DV5*01	TRAJ42*01			TRBV7-9*01	TRBJ2-5*01	CAARTNYGGSQGNLIF	tgtgcagcaagaacgaattatggaggaagccaaggaaatctcatcttt			CASSLGREVGQETQYF	tgtgccagcagcttggggcgggaggtaggccaagagacccagtacttc	1	0	1	1	1
clonotype5527	UNK_S	1	TRAV23/DV6*01	TRAJ22*01			TRBV7-8*01	TRBJ2-3*01	CAARGTGSARQLTF	tgtgcagcaagaggaactggttctgcaaggcaactgaccttt			CASSFLGHSSTDTQYF	tgtgccagcagctttctgggtcattctagcacagatacgcagtatttt	1	0	1	1	1
clonotype5528	UNK_S	1	TRAV29/DV5*01	TRAJ42*01			TRBV5-4*01	TRBJ1-2*01	CAASGWGGGSQGNLIF	tgtgcagcaagcgggtggggaggaggaagccaaggaaatctcatcttt			CASSPGQGRRANYGYTF	tgtgccagcagcccgggacagggaagaagggctaactatggctacaccttc	1	0	1	1	1
clonotype5529	UNK_S	1	TRAV23/DV6*01	TRAJ58*01			TRBV5-1*01	TRBJ2-1*01	CAAKTWSSGSRLTF	tgtgcagcaaaaacgtggtccagtggctctaggttgaccttt			CASSLSRGTFTYNEQFF	tgcgccagcagcttgtccagggggaccttcacctacaatgagcagttcttc	1	0	1	1	1
clonotype5530	UNK_S	1	TRAV23/DV6*01	TRAJ27*01	TRAV23/DV6*01	TRAJ49*01	TRBV3-1*01	TRBJ1-4*01	CAASKDTNAGKSTF	tgtgcagcaagcaaggacaccaatgcaggcaaatcaaccttt	CAASRGPTGNQFYF	tgtgcagcaagccggggtccaaccggtaaccagttctatttt	CASSQIDGRIFNEKLFF	tgtgccagcagccaaatcgacggacgcatttttaatgaaaaactgtttttt	3	2	4	2	1
clonotype5532	UNK_S	1	TRAV23/DV6*01	TRAJ40*01			TRBV28*01	TRBJ2-1*01	CAASRTTSGTYKYIF	tgtgcagcaagccgtactacctcaggaacctacaaatacatcttt			CASSLLGTKGFYNEQFF	tgtgccagcagtttattaggaactaaggggttctacaatgagcagttcttc	1	0	1	1	1
clonotype5533	UNK_S	1	TRAV29/DV5*01	TRAJ53*01			TRBV7-9*01	TRBJ1-6*01	CAASAKNSGGSNYKLTF	tgtgcagcaagcgcgaagaatagtggaggtagcaactataaactgacattt			CASRPAGVGGGSPLHF	tgtgccagcagaccagcgggggttggggggggttcacccctccacttt	1	0	1	1	1
clonotype5534	UNK_S	1	TRAV29/DV5*01	TRAJ52*01			TRBV11-2*01	TRBJ2-7*01	CAASLNAGGTSYGKLTF	tgtgcagcaagcttgaatgctggtggtactagctatggaaagctgacattt			CASSLPFGTLTYEQYF	tgtgccagcagccttccttttgggacactgacttacgagcagtacttc	1	0	1	1	1
clonotype5535	UNK_S	1	TRAV6*01	TRAJ43*01			TRBV9*01	TRBJ2-2*01	CALGDDMRF	tgtgctctaggggatgacatgcgcttt			CASSVAPGGPSTGELFF	tgtgccagcagcgtagctccgggaggccccagcaccggggagctgtttttt	1	0	1	1	1
clonotype5536	UNK_S	1	TRAV6*01	TRAJ43*01			TRBV7-2*01	TRBJ2-2*01	CALLNNNDMRF	tgtgctctactcaataacaatgacatgcgcttt			CASSLVAGALDGELFF	tgtgccagcagcttagtagcgggagcgttggacggggagctgtttttt	1	0	1	1	1
clonotype5537	UNK_S	1	TRAV6*01	TRAJ34*01			TRBV5-6*01	TRBJ2-1*01	CALDLGLQRLIF	tgtgctctagacttgggcctccaaaggctcatcttt			CASSPPQGLGSYNEQFF	tgtgccagcagccctccgcaggggcttggctcctacaatgagcagttcttc	1	0	1	1	1
clonotype5538	UNK_S	1	TRAV6*01	TRAJ47*01			TRBV3-1*01	TRBJ2-3*01	CALGSYGNKLVF	tgtgctctagggtcatatggaaacaagctggtcttt			CASSQGWAGEVTDTQYF	tgtgccagcagccaagggtgggcgggagaggtgacagatacgcagtatttt	1	0	1	1	1
clonotype5539	UNK_S	1	TRAV6*01	TRAJ30*01			TRBV19*01	TRBJ2-7*01	CALDSYRDDKIIF	tgtgctctagactcctacagagatgacaagatcatcttt			CASSRQGALSGDYEQYF	tgtgccagttcgagacagggggcattgtcgggcgactacgagcagtacttc	1	0	1	1	1
clonotype5540	UNK_S	1	TRAV6*01	TRAJ12*01			TRBV7-2*01	TRBJ1-6*01	CALARMDSSYKLIF	tgtgctctagcccggatggatagcagctataaattgatcttc			CASRPGGPSRDSPLHF	tgtgccagcagacccggcggtccgagccgcgattcacccctccacttt	1	0	1	1	1
clonotype5541	UNK_S	1	TRAV6*01	TRAJ5*01			TRBV7-2*01	TRBJ1-6*01	CALPPGTGRRALTF	tgtgctcttcccccggggacgggcaggagagcacttactttt			CASRPGGEAYNSPLHF	tgtgccagcagacctgggggggaggcctataattcacccctccacttt	1	0	1	1	1
clonotype5558	UNK_S	1	TRAV29/DV5*01	TRAJ49*01	TRAV40*01	TRAJ43*01	TRBV18*01	TRBJ1-3*01	CAAVGNQFYF	tgtgcagcagtaggtaaccagttctatttt	CLLYNNDMRF	tgtcttctatataacaatgacatgcgcttt	CASSTRGQPFSGNTIYF	tgtgccagctcaacacggggacagccgttctctggaaacaccatatatttt	2	1	2	2	1
clonotype5559	UNK_S	1	TRAV1-2*01	TRAJ13*01	TRAV1-2*01	TRAJ17*01	TRBV28*01	TRBJ2-3*01	CAAHSGGYQKVTF	tgtgctgcccattctgggggttaccagaaagttaccttt	CVPEVTF	tgtgttccggaggtaactttt	CASSFPHKMGWGADTQYF	tgtgccagcagtttcccccacaagatggggtggggggcagatacgcagtatttt	2	1	2	2	1
clonotype5560	UNK_S	1	TRAV29/DV5*01	TRAJ54*01	TRAV26-2*01	TRAJ6*01	TRBV7-9*01	TRBJ2-1*01	CARAGAQKLVF	tgtgcccgggcgggagcccagaagctggtattt	CTPRGYIPTF	tgcacccctcgaggctacatacctacattt	CASSLPGLAGDGYEQFF	tgtgccagcagcttgcccggactagcgggagatggttatgagcagttcttc	2	1	2	2	1
clonotype5561	UNK_S	1	TRAV1-2*01	TRAJ26*01			TRBV12-4*01	TRBJ2-3*01	CAVRVGQNFVF	tgtgctgtgagagtcggtcagaattttgtcttt			CASSHNPGTGGTDTQYF	tgtgccagcagtcacaatcccgggacagggggcacagatacgcagtatttt	1	0	1	1	1
clonotype5562	UNK_S	1	TRAV1-2*01	TRAJ21*01			TRBV3-1*01	TRBJ1-2*01	CALYNFNKFYF	tgtgccctatacaacttcaacaaattttacttt			CASSQEDSHPTDNYGYTF	tgtgccagcagccaagaggacagtcaccctacagataactatggctacaccttc	1	0	1	1	1
clonotype5563	UNK_S	1	TRAV27*01	TRAJ40*01			TRBV19*01	TRBJ2-7*01	CAGRAYKYIF	tgtgcaggaagagcctacaaatacatcttt			CATALTGVNLGGLYEQYF	tgtgccacagccctcacaggggttaacttaggagggctctacgagcagtacttc	1	0	1	1	1
clonotype5564	UNK_S	1	TRAV35*01	TRAJ54*01			TRBV29-1*01	TRBJ2-1*01	CARRAQKLVF	tgtgctaggcgggcccagaagctggtattt			CSVEGTGGRGLAGWYNEQFF	tgcagcgttgaagggacagggggcagagggctagcgggatggtacaatgagcagttcttc	1	0	1	1	1
clonotype5565	UNK_S	1	TRAV1-2*01	TRAJ31*01			TRBV24-1*01	TRBJ1-5*01	CAVRDNNARLMF	tgtgctgtgagagataacaatgccagactcatgttt			CATSDLTSSSTGTQPQHF	tgtgccaccagtgatttgacctcttcctctacagggacccagccccagcatttt	1	0	1	1	1
clonotype5566	UNK_S	1	TRAV4*01	TRAJ27*01			TRBV28*01	TRBJ2-1*01	CLVGDYAGKSTF	tgcctcgtgggtgattatgcaggcaaatcaaccttt			CASSSPGTSGISYNEQFF	tgtgccagcagttcccccgggactagcgggatctcctacaatgagcagttcttc	1	0	1	1	1
clonotype5567	UNK_S	1	TRAV1-1*01	TRAJ27*01	TRAV3*01	TRAJ5*01	TRBV7-9*01	TRBJ2-7*01	CPYNTNAGKSTF	tgcccttataacaccaatgcaggcaaatcaaccttt	CAVRDPGDTGRRALTF	tgtgctgtgagagacccaggggacacgggcaggagagcacttactttt	CASSFGLAGGPGDEQYV	tgtgccagcagctttggactagcgggagggccaggcgacgagcagtacgtc	2	1	2	2	1
clonotype5568	UNK_S	1	TRAV26-1*01	TRAJ43*01			TRBV7-8*01	TRBJ2-1*01	CIVRVADNDMRF	tgcatcgtcagagtcgcggacaatgacatgcgcttt			CASSLVAGLARLNEQFF	tgtgccagcagcttagtagccggcctagcgcgactcaatgagcagttcttc	1	0	1	1	1
clonotype5569	UNK_S	1	TRAV1-2*01	TRAJ26*01			TRBV14*01	TRBJ2-1*01	CAVRNYGQNFVF	tgtgctgtgcggaactatggtcagaattttgtcttt			CASSQDTAGGPDNEQFF	tgtgccagcagccaagacacggcgggagggcccgacaatgagcagttcttc	1	0	1	1	1
clonotype5570	UNK_S	1	TRAV27*01	TRAJ40*01			TRBV6-6*01	TRBJ2-5*01	CADSGTYKYIF	tgtgcggactcaggaacctacaaatacatcttt			CASSYSREREGPQETQYF	tgtgccagcagttactcgagagagcgggagggaccccaagagacccagtacttc	1	0	1	1	1
clonotype5571	UNK_S	1	TRAV22*01	TRAJ49*01			TRBV6-5*01	TRBJ1-6*01	CAVGTGNQFYF	tgtgctgtgggcaccggtaaccagttctatttt			CASSYFSGDSSYNSPLHF	tgtgccagcagttacttctccggggacagctcctataattcacccctccacttt	1	0	1	1	1
clonotype5572	UNK_S	1	TRAV1-2*01	TRAJ15*01			TRBV6-2*01	TRBJ2-3*01	CAVRDLTGTALIF	tgtgctgtgagagatttaacaggaactgctctgatcttt			CASSYSWGGEPPTDTQYF	tgtgccagcagttactcatgggggggcgagccccccacagatacgcagtatttt	1	0	1	1	1
clonotype5573	UNK_S	1	TRAV4*01	TRAJ34*01			TRBV2*01	TRBJ2-2*01	CLVGRYNTDKLIF	tgcctcgtgggtagatataacaccgacaagctcatcttt			CASSRDRGSTGSGELFF	tgtgccagcagccgggacaggggctccacggggtccggggagctgtttttt	1	0	1	1	1
clonotype5574	UNK_S	1	TRAV16*01	TRAJ49*01			TRBV7-3*01	TRBJ2-2*01	CALSSTGNQFYF	tgtgctctaagttccaccggtaaccagttctatttt			CASSLSTGSANTGELFF	tgtgccagcagcttaagtaccggctcggcgaacaccggggagctgtttttt	1	0	1	1	1
clonotype5575	UNK_S	1	TRAV26-1*01	TRAJ39*01			TRBV7-8*01	TRBJ2-3*01	CIVRDNAGNMLTF	tgcatcgtcagagataatgcaggcaacatgctcaccttt			CASSLSSGRATADTQYF	tgtgccagcagcttatcctccgggagggccacggcagatacgcagtatttt	1	0	1	1	1
clonotype5576	UNK_S	1	TRAV1-2*01	TRAJ45*01			TRBV7-2*01	TRBJ1-6*01	CAALGGGADGLTF	tgtgctgccctaggaggaggtgctgacggactcaccttt			CASSRTGGAGRNSPLHF	tgtgccagcagcaggacagggggcgccggcagaaattcacccctccacttt	1	0	1	1	1
clonotype5577	UNK_S	1	TRAV26-2*01	TRAJ40*01			TRBV7-2*01	TRBJ1-6*01	CIRRTSGTYKYIF	tgcatccgtaggacctcaggaacctacaaatacatcttt			CASSLPPKSSYNSPLHF	tgtgccagcagcttacccccgaagagctcctataattcacccctccacttt	1	0	1	1	1
clonotype5578	UNK_S	1	TRAV14/DV4*01	TRAJ49*01	TRAV4*01	TRAJ40*01	TRBV27*01	TRBJ1-1*01	CARAGNTGNQFYF	tgtgcccgggcggggaacaccggtaaccagttctatttt	CLVLTSGTYKYIF	tgcctcgtacttacctcaggaacctacaaatacatcttt	CASSLLPGQALMNTEAFF	tgtgccagcagtttacttccgggacaggcattgatgaacactgaagctttcttt	2	1	2	2	1
clonotype5579	UNK_S	1	TRAV14/DV4*01	TRAJ48*01	TRAV22*01	TRAJ21*01	TRBV5-6*01	TRBJ2-3*01	CAMREGLVETEKLTF	tgtgcaatgagagagggcttagtggagacggagaaattaaccttt	CAVGHFNKFYF	tgtgctgtggggcacttcaacaaattttacttt	CASSSPTGTSESTDTQYF	tgtgccagcagctcccccaccgggactagcgagtccacagatacgcagtatttt	2	1	2	2	1
clonotype5580	UNK_S	1	TRAV1-2*01	TRAJ29*01			TRBV12-4*01	TRBJ1-2*01	CAVSYSGNTPLVF	tgtgctgtctcttattcaggaaacacacctcttgtcttt			CASSPSRDRGGNYGYTF	tgtgccagcagtccctcccgggacaggggcggaaactatggctacaccttc	1	0	1	1	1
clonotype5581	UNK_S	1	TRAV26-2*01	TRAJ31*01			TRBV3-1*01	TRBJ2-3*01	CILRDFNNARLMF	tgcatcctgagagactttaacaatgccagactcatgttt			CASSQESRLAGVEDTQYF	tgtgccagcagccaagagagcaggctagcgggagttgaagatacgcagtatttt	1	0	1	1	1
clonotype5582	UNK_S	1	TRAV1-2*01	TRAJ38*01			TRBV4-2*01	TRBJ2-1*01	CAVRGGNNRKLIW	tgtgctgttaggggtggcaacaaccgtaagctgatttgg			CASSQESFHGGAGNEQFF	tgtgccagcagccaagaatcatttcatgggggcgcggggaatgagcagttcttc	1	0	1	1	1
clonotype5583	UNK_S	1	TRAV20*01	TRAJ53*01			TRBV19*01	TRBJ2-2*01	CAVQAIRLTF	tgtgctgtgcaggcgatacgcctgacattt			CASSIKGLAGGQNGELFF	tgtgccagtagtataaagggactagcgggagggcaaaacggggagctgtttttt	1	0	1	1	1
clonotype5584	UNK_S	1	TRAV13-1*01	TRAJ30*01			TRBV19*01	TRBJ2-1*01	CAAGDDKIIF	tgtgcagctggggatgacaagatcatcttt			CASSIARRASGRVYEQFF	tgtgccagtagtatagcccgtagggctagcgggagggtctatgagcagttcttc	1	0	1	1	1
clonotype5585	UNK_S	1	TRAV26-2*01	TRAJ23*01			TRBV11-1*01	TRBJ2-1*01	CILFNYNQGGKLIF	tgcatccttttcaattataaccagggaggaaagcttatcttc			CASSTPPRTSGNNEQFF	tgtgccagcagcacccccccgaggactagcggaaacaatgagcagttcttc	1	0	1	1	1
clonotype5586	UNK_S	1	TRAV26-2*01	TRAJ47*01			TRBV6-5*01	TRBJ2-3*01	CILRDMEYGNKLVF	tgcatcctgagagacatggaatatggaaacaagctggtcttt			CASSSAAILAGVPDTQYF	tgtgccagcagttccgcagcaatactagcgggagttccagatacgcagtatttt	1	0	1	1	1
clonotype5587	UNK_S	1	TRAV4*01	TRAJ9*01			TRBV18*01	TRBJ2-5*01	CLVGPNTGGFKTIF	tgcctcgtgggtcccaatactggaggcttcaaaactatcttt			CASSQGVAGGSQETQYF	tgtgccagctcacaaggggtagcgggaggatcccaagagacccagtacttc	1	0	1	1	1
clonotype5588	UNK_S	1	TRAV25*01	TRAJ39*01			TRBV12-4*01	TRBJ2-6*01	CAGNNAGNMLTF	tgtgcaggaaataatgcaggcaacatgctcaccttt			CASSLGQGAAGANVLTF	tgtgccagcagtctgggacagggggcggctggggccaacgtcctgactttc	1	0	1	1	1
clonotype5589	UNK_S	1	TRAV4*01	TRAJ10*01			TRBV12-4*01	TRBJ2-7*01	CLVGGTGGGNKLTF	tgcctcgtgggtggaacgggaggaggaaacaaactcaccttt			CASSFFGLAGAAYEQYF	tgtgccagcagtttttttggactagcgggagctgcctacgagcagtacttc	1	0	1	1	1
clonotype5590	UNK_S	1	TRAV2*01	TRAJ20*01			TRBV28*01	TRBJ2-7*01	CAVHDYKLSF	tgtgctgtgcacgactacaagctcagcttt			CASASTGLAGGLAYEQYF	tgtgccagcgcgtcgacagggctagcgggaggccttgcctacgagcagtacttc	1	0	1	1	1
clonotype5591	UNK_S	1	TRAV1-1*01	TRAJ29*01			TRBV7-9*01	TRBJ2-7*01	CAVISLGGNTPLVF	tgcgctgtgatatcactgggaggaaacacacctcttgtcttt			CASSPQKAGQNFYEQYV	tgtgccagcagcccgcagaaggcgggacagaacttttacgagcagtacgtc	1	0	1	1	1
clonotype5592	UNK_S	1	TRAV39*01	TRAJ40*01			TRBV7-9*01	TRBJ2-7*01	CAVVSGTYKYIF	tgtgccgtggtttcaggaacctacaaatacatcttt			CASSSTIDRRLSDEQYV	tgtgccagcagctcaaccatagacaggcgcttaagtgacgagcagtacgtc	1	0	1	1	1
clonotype5593	UNK_S	1	TRAV26-2*01	TRAJ10*01			TRBV7-9*01	TRBJ1-5*01	CILRLTGGGNKLTF	tgcatcctgagactcacgggaggaggaaacaaactcaccttt			CASSPSGYPSSNQPQHF	tgtgccagcagcccttccggctaccccagttccaatcagccccagcatttt	1	0	1	1	1
clonotype5594	UNK_S	1	TRAV26-1*01	TRAJ37*01			TRBV7-8*01	TRBJ2-2*01	CIVILSSNTGKLIF	tgcatcgtcatactctctagcaacacaggcaaactaatcttt			CASSLYSGGINTGELFF	tgtgccagcagcttatatagcgggggaataaacaccggggagctgtttttt	1	0	1	1	1
clonotype5595	UNK_S	1	TRAV8-4*01	TRAJ37*01	TRAV25*01	TRAJ34*01	TRBV7-6*01	TRBJ2-2*01	CAVSKSNTGKLIF	tgtgctgtgagtaaaagcaacacaggcaaactaatcttt	CAGELYSDKLIF	tgtgccggggaactgtacagcgacaagctcatcttt	CASSLVGGTGETGELFF	tgtgccagcagcttagtaggagggacaggcgagaccggggagctgtttttt	2	1	2	2	1
clonotype5596	UNK_S	1	TRAV26-2*01	TRAJ40*01			TRBV27*01	TRBJ1-5*01	CILSSTSGTYKYIF	tgcatcctgagcagtacctcaggaacctacaaatacatcttt			CASSSFRDRQGSNQPQHF	tgtgccagcagttccttccgggacaggcaagggagcaatcagccccagcatttt	1	0	1	1	1
clonotype5597	UNK_S	1	TRAV26-1*01	TRAJ49*01			TRBV5-1*01	TRBJ2-6*01	CIVRVPNTGNQFYF	tgcatcgtcagagtcccgaacaccggtaaccagttctatttt			CASSFAGQVATGANVLTF	tgcgccagcagcttcgcgggacaggtagcaactggggccaacgtcctgactttc	1	0	1	1	1
clonotype5598	UNK_S	1	TRAV25*01	TRAJ40*01			TRBV5-1*01	TRBJ2-7*01	CGFFSGTYKYIF	tgcggtttcttctcaggaacctacaaatacatcttt			CASSLVASGRTMTYEQYF	tgcgccagcagcttggtggctagcgggaggaccatgacctatgagcagtacttc	1	0	1	1	1
clonotype5599	UNK_S	1	TRAV27*01	TRAJ20*01			TRBV4-1*01	TRBJ2-6*01	CAGRPNDYKLSF	tgtgcaggcaggcctaacgactacaagctcagcttt			CASSQVPHVALAANVLTF	tgcgccagcagccaagttccgcacgtagctctggcggccaacgtcctgactttc	1	0	1	1	1
clonotype56	UNK_S	2	TRAV17*01	TRAJ10*01			TRBV7-2*01	TRBJ1-6*01	CATAPTGGGNKLTF	tgtgctacggcccccacgggaggaggaaacaaactcaccttt			CASSFTGSVYNSPLHF	tgtgccagcagctttacaggatccgtctataattcacccctccacttt	2	0	2	1	1
clonotype5600	UNK_S	1	TRAV26-2*01	TRAJ9*01			TRBV4-1*01	TRBJ2-2*01	CILRANTGGFKTIF	tgcatcctgagggcaaatactggaggcttcaaaactatcttt			CASSQVLRKEREAGELFF	tgcgccagcagccaagttttgcgaaaggagcgggaagccggggagctgtttttt	1	0	1	1	1
clonotype5601	UNK_S	1	TRAV21*01	TRAJ37*01	TRAV12-1*01	TRAJ52*01	TRBV4-3*01	TRBJ2-2*01	CAGGPSKLIF	tgtgctgggggcccaagcaaactaatcttt	CVVTRPLDAGGTSYGKLTF	tgtgtggtgacccgcccgttagatgctggtggtactagctatggaaagctgacattt	CASSPSTAREGWGGELFF	tgcgccagcagcccctccaccgcgcgggaggggtggggcggggagctgtttttt	2	1	2	2	1
clonotype5602	UNK_S	1	TRAV1-1*01	TRAJ26*01			TRBV15*01	TRBJ2-5*01	CAVRDGNYGQNFVF	tgcgctgtgagagatgggaactatggtcagaattttgtcttt			CATSRDQAGGPFKETQYF	tgtgccaccagcagagatcaagcgggaggccccttcaaagagacccagtacttc	1	0	1	1	1
clonotype5603	UNK_S	1	TRAV8-4*01	TRAJ47*01	TRAV12-1*01	TRAJ47*01	TRBV19*01	TRBJ2-1*01	CAVSDGGNKLVF	tgtgctgtgagtgatggtggaaacaagctggtcttt	CVVRYGNKLVF	tgtgtggtgaggtatggaaacaagctggtcttt	CASSGALGLAGDRNEQFF	tgtgccagtagtggtgccctcgggctagcgggagatcggaatgagcagttcttc	2	1	2	2	1
clonotype5604	UNK_S	1	TRAV38-1*01	TRAJ50*01	TRAV26-1*01	TRAJ33*01	TRBV6-6*01	TRBJ1-5*01	CAFSPPKTSYDKVIF	tgtgctttcagtccaccgaaaacctcctacgacaaggtgatattt	CIVRALMDSNYQLIW	tgcatcgtcagagcgctcatggatagcaactatcagttaatctgg	CASSSRDRVQFSNQPQHF	tgtgccagcagttccagggacagggttcaatttagcaatcagccccagcatttt	2	1	2	2	1
clonotype5605	UNK_S	1	TRAV17*01	TRAJ13*01			TRBV6-5*01	TRBJ2-6*01	CRSGGYQKVTF	tgtaggtctgggggttaccagaaagttaccttt			CASSYFGQASSGANVLTF	tgtgccagcagttatttcggacaggccagctctggggccaacgtcctgactttc	1	0	1	1	1
clonotype5606	UNK_S	1	TRAV35*01	TRAJ29*01			TRBV6-5*01	TRBJ2-2*01	CAGRRSGNTPLVF	tgtgctggacgacgttcaggaaacacacctcttgtcttt			CASISQRASGRSGGELFF	tgtgccagcatctctcaaagggctagcgggaggtccggcggggagctgtttttt	1	0	1	1	1
clonotype5607	UNK_S	1	TRAV12-1*01	TRAJ24*01			TRBV6-1*01	TRBJ1-4*01	CGADSWGKLQF	tgtggtgctgacagctgggggaaattgcagttt			CASSDIPPGGGTNEKLFF	tgtgccagcagtgatatccccccgggcgggggaactaatgaaaaactgtttttt	1	0	1	1	1
clonotype5608	UNK_S	1	TRAV1-2*01	TRAJ12*01			TRBV6-2*01	TRBJ2-1*01	CAVRDRMDSSYKLIF	tgtgctgtgagagatcgcatggatagcagctataaattgatcttc			CASRHYERSGDSYNEQFF	tgtgccagcagacactacgagcggagcggggattcctacaatgagcagttcttc	1	0	1	1	1
clonotype5609	UNK_S	1	TRAV9-2*01	TRAJ6*01			TRBV6-2*01	TRBJ1-1*01	CAPGGSYIPTF	tgtgccccaggaggaagctacatacctacattt			CASSYPITTGQMNTEAFF	tgtgccagcagttaccccatcacgacagggcaaatgaacactgaagctttcttt	1	0	1	1	1
clonotype5610	UNK_S	1	TRAV25*01	TRAJ58*01			TRBV20-1*01	TRBJ1-4*01	CAGQETSGSRLTF	tgtgcaggtcaagaaaccagtggctctaggttgaccttt			CSARDFGNPGTRYAREKLFF	tgcagtgctagagatttcgggaaccccgggacgcggtacgcccgtgaaaaactgtttttt	1	0	1	1	1
clonotype5611	UNK_S	1	TRAV1-1*01	TRAJ22*01			TRBV18*01	TRBJ1-5*01	CASGRSSGSARQLTF	tgcgcttcaggaaggtcttctggttctgcaaggcaactgaccttt			CASSPTREWDSNQPQHF	tgtgccagctcacccacccgggagtgggacagcaatcagccccagcatttt	1	0	1	1	1
clonotype5612	UNK_S	1	TRAV21*01	TRAJ34*01			TRBV18*01	TRBJ2-3*01	CAVEGTDKLIF	tgtgctgtggaaggcaccgacaagctcatcttt			CASSLPGLAGGKDTQYF	tgtgccagctcacttccgggactagcgggaggaaaagatacgcagtatttt	1	0	1	1	1
clonotype5613	UNK_S	1	TRAV21*01	TRAJ26*01			TRBV18*01	TRBJ2-3*01	CAVTDGQNFVF	tgtgctgtgacagatggtcagaattttgtcttt			CASSGTGHRTSTDTQYF	tgtgccagctcagggacaggccaccggacgagcacagatacgcagtatttt	1	0	1	1	1
clonotype5614	UNK_S	1	TRAV1-2*01	TRAJ26*01			TRBV12-3*01	TRBJ2-3*01	CAVRDKYNYGQNFVF	tgtgctgtgagagataagtataactatggtcagaattttgtcttt			CASRSAGGTGFTDTQYF	tgtgccagcaggtccgccggtgggacagggttcacagatacgcagtatttt	1	0	1	1	1
clonotype5615	UNK_S	1	TRAV38-1*01	TRAJ44*01	TRAV4*01	TRAJ37*01	TRBV2*01	TRBJ1-6*01	CAHTGTASKLTF	tgtgcccataccggcactgccagtaaactcaccttt	CLAVHGSSNTGKLIF	tgcctcgcggtacatggctctagcaacacaggcaaactaatcttt	CASSAWPASSYNSPLHF	tgtgccagcagtgcttggccggcgagctcctataattcacccctccacttt	2	1	2	2	1
clonotype5616	UNK_S	1	TRAV39*01	TRAJ32*01			TRBV28*01	TRBJ2-6*01	CAVGRGATNKLIF	tgtgccgtggggcgaggtgctacaaacaagctcatcttt			CASSLVGPGVSGANVLTF	tgtgccagcagtttagtggggcccggggtctctggggccaacgtcctgactttc	1	0	1	1	1
clonotype5617	UNK_S	1	TRAV21*01	TRAJ20*01			TRBV5-8*01	TRBJ1-4*01	CAVTNDYKLSF	tgtgctgtcactaacgactacaagctcagcttt			CASSTGRTGGGQREKLFF	tgtgccagcagcacaggccggacaggcgggggtcaacgggaaaaactgtttttt	1	0	1	1	1
clonotype5618	UNK_S	1	TRAV29/DV5*01	TRAJ40*01	TRAV35*01	TRAJ40*01	TRBV11-2*01	TRBJ2-7*01	CAASGRGTTSGTYKYIF	tgtgcagcaagcggcaggggtactacctcaggaacctacaaatacatcttt	CAGHLPGTYKYIF	tgtgctggccatctcccaggaacctacaaatacatcttt	CASSVGGWTSGTYEQYV	tgtgccagcagcgtaggtgggtggactagcggtacctacgagcagtacgtc	2	1	2	2	1
clonotype5619	UNK_S	1	TRAV16*01	TRAJ9*01	TRAV26-1*01	TRAJ12*01	TRBV11-2*01	TRBJ1-6*01	CALTPKNTGGFKTIF	tgtgctctaaccccgaaaaatactggaggcttcaaaactatcttt	CIAEEPMDSSYKLIF	tgcatcgccgaggagcctatggatagcagctataaattgatcttc	CASSLDTWSSYNSPLHF	tgtgccagcagcttagatacatggagctcctataattcacccctccacttt	2	1	2	2	1
clonotype5620	UNK_S	1	TRAV26-1*01	TRAJ40*01			TRBV7-8*01	TRBJ2-1*01	CIVRVPTSGTYKYIF	tgcatcgtcagagtccctacctcaggaacctacaaatacatcttt			CASSPRRTSGRYNEQFF	tgtgccagcagcccccgcaggactagcgggagatacaatgagcagttcttc	1	0	1	1	1
clonotype5621	UNK_S	1	TRAV26-1*01	TRAJ39*01			TRBV7-8*01	TRBJ2-3*01	CIVRGPNNAGNMLTF	tgcatcgtcagaggccctaataatgcaggcaacatgctcaccttt			CASSLGSFGAYTDTQYF	tgtgccagcagcttaggatctttcggggcctacacagatacgcagtatttt	1	0	1	1	1
clonotype5622	UNK_S	1	TRAV27*01	TRAJ35*01			TRBV7-2*01	TRBJ1-2*01	CAGPEGFGNVLHC	tgtgcaggtccggagggctttgggaatgtgctgcattgc			CASSRSSDRAPIYGYTF	tgtgccagcagccgttcttcggacagggccccaatttatggctacaccttc	1	0	1	1	1
clonotype5623	UNK_S	1	TRAV1-2*01	TRAJ4*01			TRBV7-2*01	TRBJ2-7*01	CAVRSVSGGYNKLIF	tgtgctgtgagatccgtttctggtggctacaataagctgattttt			CASSLVGLAGGPDEQYV	tgtgccagcagcttagtgggactagcgggagggcccgacgagcagtacgtc	1	0	1	1	1
clonotype5624	UNK_S	1	TRAV21*01	TRAJ6*01			TRBV7-2*01	TRBJ1-1*01	CAVQGSYIPTF	tgtgctgtacagggaagctacatacctacattt			CASSLTQGLGMNTEAFF	tgtgccagcagcttaacacaggggttggggatgaacactgaagctttcttt	1	0	1	1	1
clonotype5625	UNK_S	1	TRAV39*01	TRAJ58*01			TRBV7-6*01	TRBJ2-5*01	CAVEETSGSRLTF	tgtgccgtggaggaaaccagtggctctaggttgaccttt			CASSLGTSGYYQETQYF	tgtgccagcagcttagggactagcgggtactaccaagagacccagtacttc	1	0	1	1	1
clonotype5626	UNK_S	1	TRAV21*01	TRAJ49*01			TRBV4-1*01	TRBJ2-6*01	CAVYTGNQFYF	tgtgctgtttacaccggtaaccagttctatttt			CASSIRDSGSSGANVLTF	tgcgccagcagcattcgggactcgggcagctctggggccaacgtcctgactttc	1	0	1	1	1
clonotype5627	UNK_S	1	TRAV26-1*01	TRAJ27*01			TRBV4-1*01	TRBJ2-1*01	CIVRLVPTNAGKSTF	tgcatcgtcagactagtccccaccaatgcaggcaaatcaaccttt			CASSQDPSSGSRYNEQFF	tgcgccagcagccaagatccatccagcgggagtcggtacaatgagcagttcttc	1	0	1	1	1
clonotype5628	UNK_S	1	TRAV27*01	TRAJ34*01			TRBV4-2*01	TRBJ2-7*01	CAGAPLNTDKLIF	tgtgcaggagcaccccttaacaccgacaagctcatcttt			CASSQDILRLAAAYEQYF	tgtgccagcagccaagatatcctgcgactagcggccgcctacgagcagtacttc	1	0	1	1	1
clonotype5629	UNK_S	1	TRAV20*01	TRAJ6*01			TRBV4-2*01	TRBJ2-1*01	CAVQAGYIPTF	tgtgctgtgcaggcgggctacatacctacattt			CASSQAQATSSSYNEQFF	tgtgccagcagccaagctcaagcaacgtcgagctcctacaatgagcagttcttc	1	0	1	1	1
clonotype5630	UNK_S	1	TRAV29/DV5*01	TRAJ28*01	TRAV35*01	TRAJ27*01	TRBV9*01	TRBJ2-1*01	CAAYSGAGSYQLTF	tgtgcagcctattctggggctgggagttaccaactcactttc	CAGRNTNAGKSTF	tgtgctgggcggaacaccaatgcaggcaaatcaaccttt	CASSVAISGRGSGNEQFF	tgtgccagcagcgtagctatcagcgggaggggctcggggaatgagcagttcttc	2	1	2	2	1
clonotype5631	UNK_S	1	TRAV26-1*01	TRAJ48*01			TRBV9*01	TRBJ2-2*01	CIVRAPNFGNEKLTF	tgcatcgtcagagcccctaactttggaaatgagaaattaaccttt			CASSRLGLAGADTGELFF	tgtgccagcagtcgacttggactagcgggagcggacaccggggagctgtttttt	1	0	1	1	1
clonotype5632	UNK_S	1	TRAV19*01	TRAJ17*01	TRAV16*01	TRAJ36*01	TRBV14*01	TRBJ2-7*01	CALKGIKAAGNKLTF	tgtgctctgaaagggatcaaagctgcaggcaacaagctaactttt	CALKRQAGANNLFF	tgtgctctaaagaggcaggcgggggcaaacaacctcttcttt	CASSQDSGGRWAYEQYF	tgtgccagcagccaagactctggcgggcgatgggcgtacgagcagtacttc	2	1	2	2	1
clonotype5633	UNK_S	1	TRAV2*01	TRAJ37*01			TRBV19*01	TRBJ2-1*01	CAVYSNTGKLIF	tgtgctgtgtatagcaacacaggcaaactaatcttt			CASSIVPGASGGYNEQFF	tgtgccagtagtatagtccccggggctagcggggggtacaatgagcagttcttc	1	0	1	1	1
clonotype5634	UNK_S	1	TRAV27*01	TRAJ37*01			TRBV18*01	TRBJ1-1*01	CAGAGGSNTGKLIF	tgtgcaggagcgggggggagcaacacaggcaaactaatcttt			CASSPLPGSVGNTEAFF	tgtgccagctcaccacttccagggtcagtagggaacactgaagctttcttt	1	0	1	1	1
clonotype5635	UNK_S	1	TRAV35*01	TRAJ40*01			TRBV18*01	TRBJ2-6*01	CAGQKTSGTYKYIF	tgtgctgggcagaaaacctcaggaacctacaaatacatcttt			CASSPPSGLSGANVLTF	tgtgccagctcaccaccaagcggcctctctggggccaacgtcctgactttc	1	0	1	1	1
clonotype5636	UNK_S	1	TRAV21*01	TRAJ34*01			TRBV12-3*01	TRBJ2-1*01	CAVPYNTDKLIF	tgtgctgtcccctataacaccgacaagctcatcttt			CASSLAMSGLNNNEQFF	tgtgccagcagtttagcgatgtcaggcctaaataacaatgagcagttcttc	1	0	1	1	1
clonotype5637	UNK_S	1	TRAV12-3*01	TRAJ48*01	TRAV12-3*01	TRAJ52*01	TRBV2*01	TRBJ2-1*01	CAIRNEKLTF	tgtgcaataagaaatgagaaattaaccttt	CAMSPKTPNAGGTSYGKLTF	tgtgcaatgagcccgaaaacgcctaatgctggtggtactagctatggaaagctgacattt	CASSQNLPRGSYNEQFF	tgtgccagcagccagaacttgccccgaggctcctacaatgagcagttcttc	2	1	2	2	1
clonotype5638	UNK_S	1	TRAV27*01	TRAJ45*01			TRBV28*01	TRBJ2-1*01	CAGASGGGADGLTF	tgtgcaggggcgtcaggaggaggtgctgacggactcaccttt			CASSLMRIDRVVYNEQFF	tgtgccagcagtttaatgaggatagacagggtggtctacaatgagcagttcttc	1	0	1	1	1
clonotype5639	UNK_S	1	TRAV1-2*01	TRAJ22*01			TRBV28*01	TRBJ2-7*01	CAVSHISSGSARQLTF	tgtgctgtgagtcatatttcttctggttctgcaaggcaactgaccttt			CASSLRGPPSGSSYEQYV	tgtgccagcagtttacgggggccccctagcgggagctcctacgagcagtacgtc	1	0	1	1	1
clonotype5640	UNK_S	1	TRAV39*01	TRAJ43*01			TRBV28*01	TRBJ1-4*01	CAVVPEYNNNDMRF	tgtgccgtggtccccgaatacaataacaatgacatgcgcttt			CASSFGTGPFATNEKLFF	tgtgccagcagtttcggtacagggccttttgcaactaatgaaaaactgtttttt	1	0	1	1	1
clonotype5641	UNK_S	1	TRAV30*01	TRAJ30*01			TRBV7-9*01	TRBJ2-3*01	CGTEGRDDKIIF	tgcggcacagagggcagagatgacaagatcatcttt			CASSLVAGGRGTDTQYF	tgtgccagcagcctggtagcgggaggacgcggcacagatacgcagtatttt	1	0	1	1	1
clonotype5642	UNK_S	1	TRAV1-2*01	TRAJ53*01			TRBV7-9*01	TRBJ2-1*01	CAVRVNSGGSNYKLTF	tgtgctgtgagggtcaatagtggaggtagcaactataaactgacattt			CASSSPLGTTSRNEQFF	tgtgccagcagctccccccttgggactacaagtaggaatgagcagttcttc	1	0	1	1	1
clonotype5643	UNK_S	1	TRAV39*01	TRAJ30*01			TRBV7-3*01	TRBJ2-2*01	CAVLNPNRDDKIIF	tgtgccgtgttgaacccgaacagagatgacaagatcatcttt			CASSLNLAGVGTGELFF	tgtgccagcagcttaaacctagcgggagtcggcaccggggagctgtttttt	1	0	1	1	1
clonotype5644	UNK_S	1	TRAV21*01	TRAJ48*01			TRBV7-3*01	TRBJ1-1*01	CAVMGGNEKLTF	tgtgctgtgatgggaggaaatgagaaattaaccttt			CASSLRGQGRSVTEAFF	tgtgccagcagcttaagaggccaggggagatcggtcactgaagctttcttt	1	0	1	1	1
clonotype5645	UNK_S	1	TRAV8-6*01	TRAJ23*01			TRBV11-2*01	TRBJ2-7*01	CAALKGGKLIF	tgtgctgccctcaagggaggaaagcttatcttc			CASSRTGGYGNTYEQYF	tgtgccagcagccggacagggggctatggaaatacctacgagcagtacttc	1	0	1	1	1
clonotype5646	UNK_S	1	TRAV8-3*01	TRAJ40*01			TRBV7-8*01	TRBJ2-3*01	CAALGGYKYIF	tgtgctgcgctaggaggctacaaatacatcttt			CASSLAKSETLRDTQYF	tgtgccagcagcttagcgaaatcagaaactttaagagatacgcagtatttt	1	0	1	1	1
clonotype5647	UNK_S	1	TRAV16*01	TRAJ35*01	TRAV21*01	TRAJ32*01	TRBV7-2*01	TRBJ2-7*01	CALLPKIGFGNVLHC	tgtgctctactacccaagataggctttgggaatgtgctgcattgc	CAIYGGATNKLIF	tgtgctatttatggtggtgctacaaacaagctcatcttt	CASSLKSGGVPPYEQYV	tgtgccagcagcttaaagagtggaggggtccccccctacgagcagtacgtc	2	1	2	2	1
clonotype5648	UNK_S	1	TRAV41*01	TRAJ53*01			TRBV7-2*01	TRBJ1-5*01	CAVKGSNYKLTF	tgtgctgtcaaaggtagcaactataaactgacattt			CASSLGPVGGRGQPQHF	tgtgccagcagcttagggccagtcgggggacgcggtcagccccagcatttt	1	0	1	1	1
clonotype5649	UNK_S	1	TRAV35*01	TRAJ4*01			TRBV7-2*01	TRBJ2-5*01	CAGRPSGGYNKLIF	tgtgctggtcgcccttctggtggctacaataagctgattttt			CASSLGGGGLAGETQYF	tgtgccagcagcttagggggtgggggactagcgggagagacccagtacttc	1	0	1	1	1
clonotype5650	UNK_S	1	TRAV12-2*01	TRAJ41*01			TRBV27*01	TRBJ2-7*01	CAVISGYALNF	tgtgccgtaatttccgggtatgcactcaacttc			CASSLFGWSGENSYEQYF	tgtgccagcagtttatttgggtggagcggggagaactcctacgagcagtacttc	1	0	1	1	1
clonotype5651	UNK_S	1	TRAV22*01	TRAJ48*01			TRBV5-5*01	TRBJ2-1*01	CAVVANFGNEKLTF	tgtgctgtggtcgctaactttggaaatgagaaattaaccttt			CASSKGTSGRYMFNEQFF	tgtgccagcagcaaagggactagcgggaggtatatgttcaatgagcagttcttc	1	0	1	1	1
clonotype5652	UNK_S	1	TRAV4*01	TRAJ44*01			TRBV12-4*01	TRBJ1-4*01	CLVGDAVAGTASKLTF	tgcctcgtgggtgacgccgtggccggcactgccagtaaactcaccttt			CASSLALTGRNNEKLFF	tgtgccagcagtttagcgctaacgggcaggaataatgaaaaactgtttttt	1	0	1	1	1
clonotype5653	UNK_S	1	TRAV4*01	TRAJ24*01			TRBV12-4*01	TRBJ2-1*01	CLVGDVTTDSWGKLQF	tgcctcgtgggtgacgtgacaactgacagctgggggaaattgcagttt			CASSLGNSGRAYNEQFF	tgtgccagcagtttaggtaatagcgggagagcttacaatgagcagttcttc	1	0	1	1	1
clonotype5654	UNK_S	1	TRAV13-1*01	TRAJ6*01			TRBV4-3*01	TRBJ2-2*01	CAPHGGSYIPTF	tgtgcaccacacggaggaagctacatacctacattt			CASSQVITGHPNTGELFF	tgcgccagcagccaagtaataacgggacacccgaacaccggggagctgtttttt	1	0	1	1	1
clonotype5655	UNK_S	1	TRAV12-2*01	TRAJ39*01			TRBV9*01	TRBJ2-7*01	CAANAGNMLTF	tgtgccgctaatgcaggcaacatgctcaccttt			CASSVSGTSGTPGFEQYF	tgtgccagcagcgtctccgggactagcgggaccccggggttcgagcagtacttc	1	0	1	1	1
clonotype5656	UNK_S	1	TRAV5*01	TRAJ8*01	TRAV1-1*01	TRAJ23*01	TRBV11-1*01	TRBJ2-1*01	CAETFLNTGFQKLVF	tgtgcagagaccttcttgaacacaggctttcagaaacttgtattt	CAVRDHERDNQGGKLIF	tgcgctgtgagagatcatgagagggataaccagggaggaaagcttatcttc	CASSLALAGSAYNEQFF	tgtgccagcagcttagcactagcgggctcggcctacaatgagcagttcttc	2	1	2	2	1
clonotype5657	UNK_S	1	TRAV12-1*01	TRAJ13*01			TRBV6-6*01	TRBJ2-5*01	CVVRPGGYQKVTF	tgtgtggtgaggcccgggggttaccagaaagttaccttt			CASSSPGVSATHQETQYF	tgtgccagcagttcccccggagtctcagcgactcaccaagagacccagtacttc	1	0	1	1	1
clonotype5658	UNK_S	1	TRAV12-1*01	TRAJ9*01			TRBV6-5*01	TRBJ2-5*01	CVVNRDGGFKTIF	tgtgtggtgaacagggatggaggcttcaaaactatcttt			CASSYSTVRLAGVETQYF	tgtgccagcagttactcgaccgttcgactagcgggagtggagacccagtacttc	1	0	1	1	1
clonotype5659	UNK_S	1	TRAV4*01	TRAJ4*01			TRBV6-5*01	TRBJ2-6*01	CLVGDIGTSGGYNKLIF	tgcctcgtgggtgacatagggacttctggtggctacaataagctgattttt			CASSYSAGRPSGANVLTF	tgtgccagcagttactctgcgggacggccctctggggccaacgtcctgactttc	1	0	1	1	1
clonotype5660	UNK_S	1	TRAV2*01	TRAJ8*01			TRBV30*01	TRBJ2-6*01	CAVELTGFQKLVF	tgtgctgtggagttgacaggctttcagaaacttgtattt			CAGILAGGPHLRSGANVLTF	tgtgccggcatcctagcgggagggcctcatttgagatctggggccaacgtcctgactttc	1	0	1	1	1
clonotype5661	UNK_S	1	TRAV13-1*01	TRAJ6*01			TRBV20-1*01	TRBJ2-1*01	CAASIRGSYIPTF	tgtgcagcaagtataagaggaagctacatacctacattt			CSASPGLAGAGVGGYNEQFF	tgcagtgctagtccaggactagcgggagctggggtaggggggtacaatgagcagttcttc	1	0	1	1	1
clonotype5662	UNK_S	1	TRAV8-6*01	TRAJ34*01			TRBV18*01	TRBJ2-1*01	CAVTHNTDKLIF	tgtgctgtgacccataacaccgacaagctcatcttt			CASSPRGSTSSYNEQFF	tgtgccagctcaccccgagggtcgactagctcctacaatgagcagttcttc	1	0	1	1	1
clonotype5663	UNK_S	1	TRAV12-3*01	TRAJ31*01	TRAV12-2*01	TRAJ31*01	TRBV10-3*01	TRBJ2-6*01	CAMSAREVRVNNARLMF	tgtgcaatgagcgcgagagaggtccgggttaacaatgccagactcatgttt	CAVRVNNARLMF	tgtgccgtgagggtaaacaatgccagactcatgttt	CAISGGDRGRSGANVLTF	tgtgccatcagtgggggggacagggggcggtctggggccaacgtcctgactttc	2	1	2	2	1
clonotype5664	UNK_S	1	TRAV41*01	TRAJ40*01			TRBV7-9*01	TRBJ2-1*01	CAVTTSGTYKYIF	tgtgctgtcactacctcaggaacctacaaatacatcttt			CASSSRGSGSIHNEQFF	tgtgccagcagctcccgaggtagcgggagtatccacaatgagcagttcttc	1	0	1	1	1
clonotype5665	UNK_S	1	TRAV12-2*01	TRAJ56*01			TRBV7-3*01	TRBJ2-2*01	CAVDRANSKLTF	tgtgccgtggaccgagccaatagtaagctgacattt			CASSPHTTGTDTGELFF	tgtgccagcagcccgcatactaccgggactgataccggggagctgtttttt	1	0	1	1	1
clonotype5666	UNK_S	1	TRAV16*01	TRAJ13*01			TRBV11-2*01	TRBJ2-1*01	CALTKPVSGGYQKVTF	tgtgctctaaccaagccggtttctgggggttaccagaaagttaccttt			CASSPDWGGISYNEQFF	tgtgccagcagcccggattggggcggaatctcctacaatgagcagttcttc	1	0	1	1	1
clonotype5667	UNK_S	1	TRAV8-6*01	TRAJ31*01			TRBV11-2*01	TRBJ1-4*01	CAVRGNNARLMF	tgtgctgtgaggggaaacaatgccagactcatgttt			CASSWRGQGKSSEKLFF	tgtgccagcagctggcggggacaggggaagtcaagtgaaaaactgtttttt	1	0	1	1	1
clonotype5668	UNK_S	1	TRAV17*01	TRAJ8*01			TRBV11-2*01	TRBJ1-1*01	CATTAVGFQKLVF	tgtgctacgacggcggtcggctttcagaaacttgtattt			CASSLEGYGGEGTEAFF	tgtgccagcagcttagagggttacgggggcgaaggaactgaagctttcttt	1	0	1	1	1
clonotype5669	UNK_S	1	TRAV13-2*01	TRAJ29*01			TRBV11-2*01	TRBJ2-1*01	CALRRGNTPLVF	tgtgccttaagacgagggaacacacctcttgtcttt			CASSLDRGPGPIHEQFF	tgtgccagcagcttagataggggacccgggccaatccatgagcagttcttc	1	0	1	1	1
clonotype5670	UNK_S	1	TRAV8-4*01	TRAJ48*01	TRAV8-4*01	TRAJ52*01	TRBV7-2*01	TRBJ2-1*01	CADPMTMEKLTF	tgtgctgacccaatgactatggagaaattaaccttt	CAVSAPANAGGTSYGKLTF	tgtgctgtgagtgcccctgctaatgctggtggtactagctatggaaagctgacattt	CASSLGSGWSSYNEQFF	tgtgccagcagcttaggaagcgggtggagctcctacaatgagcagttcttc	2	1	2	2	1
clonotype5671	UNK_S	1	TRAV9-2*01	TRAJ49*01			TRBV7-2*01	TRBJ1-6*01	CALSDRTGNQFYF	tgtgctctgagtgatcggaccggtaaccagttctatttt			CASSLGDRADHNSPLHF	tgtgccagcagcttaggggacagagcggaccataattcacccctccacttt	1	0	1	1	1
clonotype5672	UNK_S	1	TRAV21*01	TRAJ37*01			TRBV7-2*01	TRBJ2-3*01	CAGGDGNTGKLIF	tgtgctgggggagacggcaacacaggcaaactaatcttt			CASKTSGRAPSTDTQYF	tgtgccagcaagactagcgggagggcccctagcacagatacgcagtatttt	1	0	1	1	1
clonotype5673	UNK_S	1	TRAV21*01	TRAJ29*01			TRBV27*01	TRBJ1-1*01	CAVYTRGNTPLVF	tgtgctgtgtatacgagaggaaacacacctcttgtcttt			CASSLSRRGGRGGTEAFF	tgtgccagcagtttatcaaggcgagggggcaggggggggactgaagctttcttt	1	0	1	1	1
clonotype5674	UNK_S	1	TRAV35*01	TRAJ53*01			TRBV12-4*01	TRBJ1-5*01	CAGKNSGGSNYKLTF	tgtgctgggaaaaatagtggaggtagcaactataaactgacattt			CASTPGIPPYSNQPQHF	tgtgccagcacacccgggatacctccttatagcaatcagccccagcatttt	1	0	1	1	1
clonotype5675	UNK_S	1	TRAV24*01	TRAJ21*01			TRBV4-3*01	TRBJ1-3*01	CAFQFNKFYF	tgtgcctttcaattcaacaaattttacttt			CASSQDSSQLLSGNTIYF	tgcgccagcagccaagattcgagtcagcttctctctggaaacaccatatatttt	1	0	1	1	1
clonotype5676	UNK_S	1	TRAV13-1*01	TRAJ42*01			TRBV11-3*01	TRBJ2-1*01	CAASRGSQGNLIF	tgtgcagcaagtagaggaagccaaggaaatctcatcttt			CASSPIAGGPRGNEQFF	tgtgccagcagccccatagcgggaggcccgaggggcaatgagcagttcttc	1	0	1	1	1
clonotype5677	UNK_S	1	TRAV5*01	TRAJ26*01			TRBV15*01	TRBJ2-7*01	CAEKNYGQNFVF	tgtgcagagaaaaactatggtcagaattttgtcttt			CATSRDRDNAGGSYEQYF	tgtgccaccagcagagatcgggataacgcaggggggtcctacgagcagtacttc	1	0	1	1	1
clonotype5678	UNK_S	1	TRAV8-1*01	TRAJ48*01			TRBV25-1*01	TRBJ2-5*01	CASRRFGNEKLTF	tgtgcctctaggcgctttggaaatgagaaattaaccttt			CASSGTSGNSLYQETQYF	tgtgccagcagtgggactagcgggaacagcttgtaccaagagacccagtacttc	1	0	1	1	1
clonotype5679	UNK_S	1	TRAV8-1*01	TRAJ18*01			TRBV19*01	TRBJ1-1*01	CAVRSSTLGRLYF	tgtgccgtgagaagctcaaccctggggaggctatacttt			CASTPLGTGVRPNTEAFF	tgtgccagtactcccctggggacaggggttaggccgaacactgaagctttcttt	1	0	1	1	1
clonotype5680	UNK_S	1	TRAV13-2*01	TRAJ54*01			TRBV6-6*01	TRBJ1-6*01	CAQTTQGAQKLVF	tgtgcacaaactactcagggagcccagaagctggtattt			CASSTPTGAFPRGSPLHF	tgtgccagcagtacccccaccggggctttcccgaggggttcacccctccacttt	1	0	1	1	1
clonotype5681	UNK_S	1	TRAV9-2*01	TRAJ24*01			TRBV6-5*01	TRBJ2-2*01	CALSLTDSWGKLQF	tgtgctctgagcttaactgacagctgggggaaattgcagttt			CASSYSLRPASGTGELFF	tgtgccagcagttactcgctacggcccgccagcggcaccggggagctgtttttt	1	0	1	1	1
clonotype5682	UNK_S	1	TRAV12-1*01	TRAJ26*01			TRBV6-2*01	TRBJ2-5*01	CVVNKADYGQNFVF	tgtgtggtgaacaaggcggactatggtcagaattttgtcttt			CASSATGTGDAFQETQYF	tgtgccagcagtgcaaccgggacaggggacgccttccaagagacccagtacttc	1	0	1	1	1
clonotype5683	UNK_S	1	TRAV21*01	TRAJ13*01			TRBV18*01	TRBJ1-4*01	CAVRLTGGYQKVTF	tgtgctgtgaggctaactgggggttaccagaaagttaccttt			CASSPSDRAATNEKLFF	tgtgccagctcaccatcggacagggcagcaactaatgaaaaactgtttttt	1	0	1	1	1
clonotype5684	UNK_S	1	TRAV8-6*01	TRAJ29*01			TRBV12-4*01	TRBJ2-1*01	CAVSPSGNTPLVF	tgtgctgtgagtccttcaggaaacacacctcttgtcttt			CASSTPDGAEPYNEQFF	tgtgccagcagtacaccggatggggcggagccctacaatgagcagttcttc	1	0	1	1	1
clonotype5685	UNK_S	1	TRAV16*01	TRAJ8*01			TRBV2*01	TRBJ2-1*01	CALKGRALNTGFQKLVF	tgtgctctaaagggaagggccctgaacacaggctttcagaaacttgtattt			CASTGRGAASSYNEQFF	tgtgccagcaccgggcgaggagcggcaagctcctacaatgagcagttcttc	1	0	1	1	1
clonotype5686	UNK_S	1	TRAV38-1*01	TRAJ29*01			TRBV12-5*01	TRBJ1-5*01	CAFAGNTPLVF	tgtgctttcgcaggaaacacacctcttgtcttt			CASGLVDVATGYWPQHF	tgtgctagtggtttggtagacgttgccacgggatattggccccagcatttt	1	0	1	1	1
clonotype5687	UNK_S	1	TRAV8-6*01	TRAJ27*01			TRBV7-9*01	TRBJ2-3*01	CAVSVTNAGKSTF	tgtgctgtgagtgtcaccaatgcaggcaaatcaaccttt			CASSSEGTSPYTDTQYF	tgtgccagcagctccgaggggacttccccatacacagatacgcagtatttt	1	0	1	1	1
clonotype5688	UNK_S	1	TRAV21*01	TRAJ48*01			TRBV7-9*01	TRBJ2-2*01	CAVSHQFGNEKLTF	tgtgctgtgagccaccaatttggaaatgagaaattaaccttt			CASSFPLAGGWTGELFF	tgtgccagcagcttcccactagcgggagggtggaccggggagctgtttttt	1	0	1	1	1
clonotype5689	UNK_S	1	TRAV26-1*01	TRAJ37*01			TRBV7-3*01	TRBJ1-1*01	CIVRPGRHGSSNTGKLIF	tgcatcgtcagacccggacggcatggctctagcaacacaggcaaactaatcttt			CASSPSQGAAGSTEAFF	tgtgccagcagcccgtcgcagggggcggcggggagcactgaagctttcttt	1	0	1	1	1
clonotype5690	UNK_S	1	TRAV8-3*01	TRAJ33*01			TRBV7-3*01	TRBJ2-1*01	CAVGARSNYQLIW	tgtgctgtgggtgccaggagcaactatcagttaatctgg			CASSLEVSGRVNNEQFF	tgtgccagcagcttagaagtaagcgggagggtgaacaatgagcagttcttc	1	0	1	1	1
clonotype5691	UNK_S	1	TRAV5*01	TRAJ13*01			TRBV11-2*01	TRBJ2-5*01	CAEKLGGYQKVTF	tgtgcagagaaactgggtggttaccagaaagttaccttt			CASSLGLAGGLVETQYF	tgtgccagcagcttaggactagcgggagggttagtagagacccagtacttc	1	0	1	1	1
clonotype5692	UNK_S	1	TRAV9-2*01	TRAJ22*01			TRBV11-2*01	TRBJ2-5*01	CALSDRGSARQLTF	tgtgctctgagtgatcggggttctgcaaggcaactgaccttt			CASSFPGTSESRETQYF	tgtgccagcagcttccccgggactagcgaatcgcgggagacccagtacttc	1	0	1	1	1
clonotype5693	UNK_S	1	TRAV17*01	TRAJ43*01			TRBV7-8*01	TRBJ2-7*01	CATDSFSHNNDMRF	tgtgctacggactctttttcccataacaatgacatgcgcttt			CASSLASETPDLGEQYF	tgtgccagcagcttagctagcgagactcctgacttgggcgagcagtacttc	1	0	1	1	1
clonotype5694	UNK_S	1	TRAV9-2*01	TRAJ27*01			TRBV7-2*01	TRBJ2-3*01	CALRGNTNAGKSTF	tgtgctctgaggggcaacaccaatgcaggcaaatcaaccttt			CASSPPLSTGVGDTQYF	tgtgccagcagcccccccctttcgacgggagtaggggatacgcagtatttt	1	0	1	1	1
clonotype5695	UNK_S	1	TRAV9-2*01	TRAJ7*01			TRBV7-2*01	TRBJ1-2*01	CALTPRGGNNRLAF	tgtgctctgaccccccggggggggaacaacagactcgctttt			CASSENPGAPTNYGYTF	tgtgccagcagcgagaaccccggggccccaactaactatggctacaccttc	1	0	1	1	1
clonotype5696	UNK_S	1	TRAV2*01	TRAJ5*01			TRBV27*01	TRBJ2-2*01	CAVGENTGRRALTF	tgtgctgtgggggagaacacgggcaggagagcacttactttt			CASSPKGLAGGGSGELFF	tgtgccagcagccctaaaggactagcgggaggggggtccggggagctgtttttt	1	0	1	1	1
clonotype5697	UNK_S	1	TRAV9-2*01	TRAJ13*01			TRBV27*01	TRBJ1-5*01	CARRDSGGYQKVTF	tgtgctcggagggattctgggggttaccagaaagttaccttt			CASSLSGTGVRSNQPQHF	tgtgccagcagtttatcggggacaggggtaaggagcaatcagccccagcatttt	1	0	1	1	1
clonotype5698	UNK_S	1	TRAV17*01	TRAJ6*01			TRBV27*01	TRBJ2-2*01	CAPTHPGGSYIPTF	tgtgctcccacacatccaggaggaagctacatacctacattt			CASSLLVRAILNTGELFF	tgtgccagcagtttattggtccgggctatactgaacaccggggagctgtttttt	1	0	1	1	1
clonotype5699	UNK_S	1	TRAV17*01	TRAJ39*01			TRBV5-5*01	TRBJ2-3*01	CATVINNAGNMLTF	tgtgctacggtgataaataatgcaggcaacatgctcaccttt			CASSLEILLGQSTDTQYF	tgtgccagcagcttggagatcctactaggacagagcacagatacgcagtatttt	1	0	1	1	1
clonotype57	UNK_S	2	TRAV16*01	TRAJ52*01			TRBV27*01	TRBJ1-2*01	CALTNAGGTSYGKLTF	tgtgctctaactaatgctggtggtactagctatggaaagctgacattt			CASSLRAGTYGYTF	tgtgccagcagtttaagggcagggacatatggctacaccttc	2	0	2	1	1
clonotype5700	UNK_S	1	TRAV12-1*01	TRAJ12*01			TRBV5-1*01	TRBJ2-3*01	CVVNTRDSSYKLIF	tgtgtggtgaacacgagggatagcagctataaattgatcttc			CASSFPATSGARTDTQYF	tgcgccagcagcttccccgcgactagcggggcccgcacagatacgcagtatttt	1	0	1	1	1
clonotype5701	UNK_S	1	TRAV38-2/DV8*01	TRAJ15*01	TRAV13-2*01	TRAJ11*01	TRBV5-1*01	TRBJ2-3*01	CARYNWDQAGTALIF	tgtgcccgatacaattgggaccaggcaggaactgctctgatcttt	CAENRRGYSTLTF	tgtgcagagaatagaaggggatacagcaccctcaccttt	CASSLDRLAGGSTDTQYF	tgcgccagcagcttggatcggctagcgggagggagcacagatacgcagtatttt	2	1	2	2	1
clonotype5702	UNK_S	1	TRAV8-4*01	TRAJ9*01			TRBV3-1*01	TRBJ2-2*01	CAVSGTGGFKTIF	tgtgctgtgagtggtactggaggcttcaaaactatcttt			CASSQNALAGGPTGELFF	tgtgccagcagccaaaacgccttagcgggagggccaaccggggagctgtttttt	1	0	1	1	1
clonotype5703	UNK_S	1	TRAV41*01	TRAJ48*01			TRBV3-1*01	TRBJ2-7*01	CAVRPNFGNEKLTF	tgtgctgtcagacctaactttggaaatgagaaattaaccttt			CASSQVTGLAGNAYEQYF	tgtgccagcagccaagtaactggactagcggggaatgcctacgagcagtacttc	1	0	1	1	1
clonotype5704	UNK_S	1	TRAV8-4*01	TRAJ49*01			TRBV3-1*01	TRBJ2-7*01	CAVSDLLGNQFYF	tgtgctgtgagtgatctcctgggtaaccagttctatttt			CASSLRVTGRAPFSEQYF	tgtgccagcagcctgcgggttacggggagggcccccttttccgagcagtacttc	1	0	1	1	1
clonotype5705	UNK_S	1	TRAV35*01	TRAJ39*01			TRBV4-2*01	TRBJ2-1*01	CAGQLTNNNAGNMLTF	tgtgctgggcagctcacgaataataatgcaggcaacatgctcaccttt			CASSQDDSRLRIYNEQFF	tgtgccagcagccaagatgactcgagactcaggatttacaatgagcagttcttc	1	0	1	1	1
clonotype5706	UNK_S	1	TRAV14/DV4*01	TRAJ6*01	TRAV12-2*01	TRAJ29*01	TRBV9*01	TRBJ2-1*01	CAMKFLSRGSYIPTF	tgtgcaatgaaattcctttcaagaggaagctacatacctacattt	CAASEGGNTPLVF	tgtgccgcatcggaaggaggaaacacacctcttgtcttt	CASSTAPSVSTRNNEQFF	tgtgccagcagcaccgctcctagcgtctcaacaaggaacaatgagcagttcttc	2	1	2	2	1
clonotype5707	UNK_S	1	TRAV9-2*01	TRAJ29*01			TRBV15*01	TRBJ2-7*01	CALSAPQGNTPLVF	tgtgctctgagtgcaccccagggaaacacacctcttgtcttt			CATSRQPVTGASSYEQYF	tgtgccacctcgcgacaaccagttacaggggccagctcctacgagcagtacttc	1	0	1	1	1
clonotype5708	UNK_S	1	TRAV8-3*01	TRAJ15*01			TRBV19*01	TRBJ2-3*01	CAVAGAQAGTALIF	tgtgctgtggccggagctcaggcaggaactgctctgatcttt			CASSIDSFSGRAADTQYF	tgtgccagtagtatcgattcgtttagcgggagggccgcagatacgcagtatttt	1	0	1	1	1
clonotype5709	UNK_S	1	TRAV39*01	TRAJ58*01			TRBV19*01	TRBJ2-4*01	CAVDKLREETSGSRLTF	tgtgccgtggacaaactccgcgaggaaaccagtggctctaggttgaccttt			CASTMTSGRAFGKNIQYF	tgtgccagtaccatgactagcgggagggcctttggcaaaaacattcagtacttc	1	0	1	1	1
clonotype5710	UNK_S	1	TRAV8-3*01	TRAJ7*01			TRBV19*01	TRBJ2-2*01	CAVFRRGGNNRLAF	tgtgctgtgttccgccgtggggggaacaacagactcgctttt			CASSMSRRGRSNTGELFF	tgtgccagtagtatgtcacggaggggcaggagtaacaccggggagctgtttttt	1	0	1	1	1
clonotype5711	UNK_S	1	TRAV8-4*01	TRAJ10*01			TRBV6-5*01	TRBJ2-1*01	CAVSATGGGNKLTF	tgtgctgtgagtgccacgggaggaggaaacaaactcaccttt			CASSYSRGLAGFLNEQFF	tgtgccagcagttactctaggggactagcgggattcctcaatgagcagttcttc	1	0	1	1	1
clonotype5712	UNK_S	1	TRAV13-2*01	TRAJ40*01			TRBV6-2*01	TRBJ1-5*01	CAERSTSGTYKYIF	tgtgcagagaggtcaacctcaggaacctacaaatacatcttt			CASNTRAGVGSGNQPQHF	tgtgccagcaatacacgggcaggggtaggttcgggcaatcagccccagcatttt	1	0	1	1	1
clonotype5713	UNK_S	1	TRAV20*01	TRAJ5*01			TRBV6-2*01	TRBJ2-2*01	CAVQGAGTGRRALTF	tgtgctgtgcagggggcgggcacgggcaggagagcacttactttt			CASSYMLAGVRQAGELFF	tgtgccagcagttacatgctagcgggagtacggcaggccggggagctgtttttt	1	0	1	1	1
clonotype5714	UNK_S	1	TRAV8-4*01	TRAJ8*01			TRBV6-2*01	TRBJ2-1*01	CAVTGNTGFQKLVF	tgtgctgtgacagggaacacaggctttcagaaacttgtattt			CASSYSGLAGAGYNEQFF	tgtgccagcagttactcgggactagcgggagctggctacaatgagcagttcttc	1	0	1	1	1
clonotype5715	UNK_S	1	TRAV12-3*01	TRAJ6*01			TRBV18*01	TRBJ2-5*01	CAMRPGGSYIPTF	tgtgcaatgagaccaggaggaagctacatacctacattt			CASSNGEGTGNQETQYF	tgtgccagctcaaacggggaagggacagggaaccaagagacccagtacttc	1	0	1	1	1
clonotype5716	UNK_S	1	TRAV36/DV7*01	TRAJ39*01			TRBV18*01	TRBJ2-5*01	CAVEAPRTGNMLTF	tgtgctgtggaggctcctagaacgggcaacatgctcaccttt			CASSPLTGGRTLETQYF	tgtgccagctcaccacttacagggggccggactctggagacccagtacttc	1	0	1	1	1
clonotype5717	UNK_S	1	TRAV24*01	TRAJ27*01			TRBV18*01	TRBJ1-5*01	CASAGGAGKSTF	tgtgcctctgcggggggcgcaggcaaatcaaccttt			CASSPGRGPYSNQPQHF	tgtgccagctcacccggcaggggaccctatagcaatcagccccagcatttt	1	0	1	1	1
clonotype5718	UNK_S	1	TRAV17*01	TRAJ23*01			TRBV12-4*01	TRBJ2-1*01	CATVLSYNQGGKLIF	tgtgctacggtcctctcttataaccagggaggaaagcttatcttc			CASSLGTVFSSYNEQFF	tgtgccagcagtttagggactgtttttagctcctacaatgagcagttcttc	1	0	1	1	1
clonotype5719	UNK_S	1	TRAV24*01	TRAJ27*01			TRBV12-3*01	TRBJ2-4*01	CAFNTNAGKSTF	tgtgcctttaacaccaatgcaggcaaatcaaccttt			CASSLGGQALAKNIQYF	tgtgccagcagtttaggggggcaggcactagccaaaaacattcagtacttc	1	0	1	1	1
clonotype572	UNK_S	1	TRAV26-2*01	TRAJ20*01			TRBV29-1*01	TRBJ1-1*01	CILNDYKLSF	tgcatccttaacgactacaagctcagcttt			CSVRQGGMNTEAFF	tgcagcgtccgacaggggggaatgaacactgaagctttcttt	1	0	1	1	1
clonotype5720	UNK_S	1	TRAV38-2/DV8*01	TRAJ54*01			TRBV2*01	TRBJ2-1*01	CAYVQGAQKLVF	tgtgcttatgttcagggagcccagaagctggtattt			CASSDGGRHSLRHEQFF	tgtgccagcagtgacgggggcaggcactcgctccggcatgagcagttcttc	1	0	1	1	1
clonotype5721	UNK_S	1	TRAV8-4*01	TRAJ9*01			TRBV2*01	TRBJ2-3*01	CAVSVGTGGFKTIF	tgtgctgtgagtgtaggaactggaggcttcaaaactatcttt			CASSGFLGGSGTDTQYF	tgtgccagcagtggattcctgggcgggagcggcacagatacgcagtatttt	1	0	1	1	1
clonotype5722	UNK_S	1	TRAV8-2*01	TRAJ9*01			TRBV12-5*01	TRBJ1-5*01	CVVSDKTGGFKTIF	tgtgttgtgagtgataaaactggaggcttcaaaactatcttt			CASGLVQGQGINQPQHF	tgtgctagtggtttggtacagggacagggtatcaatcagccccagcatttt	1	0	1	1	1
clonotype5723	UNK_S	1	TRAV38-1*01	TRAJ43*01			TRBV24-1*01	TRBJ2-1*01	CAFMKKDNDMRF	tgtgctttcatgaaaaaggacaatgacatgcgcttt			CATSDPRASGSSYNEQFF	tgtgccaccagtgatccgagggctagcgggagctcctacaatgagcagttcttc	1	0	1	1	1
clonotype5724	UNK_S	1	TRAV12-3*01	TRAJ23*01			TRBV24-1*01	TRBJ2-6*01	CATDYNQGGKLIF	tgtgcaacggattataaccagggaggaaagcttatcttc			CATSDSSDYRSGANVLTF	tgtgccaccagtgattcttcggattacagatctggggccaacgtcctgactttc	1	0	1	1	1
clonotype5725	UNK_S	1	TRAV41*01	TRAJ48*01			TRBV28*01	TRBJ2-2*01	CAVRKGVFGNEKLTF	tgtgctgtcaggaagggagtcttcggaaatgagaaattaaccttt			CASSPSGLAGRVPGELFF	tgtgccagcagcccctcaggactagcgggacgagtacccggggagctgtttttt	1	0	1	1	1
clonotype5726	UNK_S	1	TRAV8-1*01	TRAJ20*01			TRBV28*01	TRBJ1-2*01	CAVNAPYGDYKLSF	tgtgccgtgaatgcgccctacggcgactacaagctcagcttt			CASSLLSLGGRIDYGYTF	tgtgccagcagtttactctccctcggggggcgaatcgactatggctacaccttc	1	0	1	1	1
clonotype5727	UNK_S	1	TRAV24*01	TRAJ49*01			TRBV7-9*01	TRBJ2-2*01	CAFLNTGNQFYF	tgtgccttcttgaacaccggtaaccagttctatttt			CASSVLPGTDSTGELFF	tgtgccagcagcgtactccccgggacagattctaccggggagctgtttttt	1	0	1	1	1
clonotype5728	UNK_S	1	TRAV38-2/DV8*01	TRAJ42*01			TRBV7-9*01	TRBJ2-1*01	CAQTGSQGNLIF	tgtgctcagacgggaagccaaggaaatctcatcttt			CASSFIQVTVHYNEQFF	tgtgccagcagcttcatacaggttacggttcactacaatgagcagttcttc	1	0	1	1	1
clonotype5729	UNK_S	1	TRAV8-2*01	TRAJ43*01			TRBV7-9*01	TRBJ2-5*01	CVVSNFPFPNDMRF	tgtgttgtgagtaacttcccgttccctaatgacatgcgcttt			CASSLAQGGVLQETQYF	tgtgccagcagcttagcgcaggggggcgtactccaagagacccagtacttc	1	0	1	1	1
clonotype573	UNK_S	1	TRAV1-2*01	TRAJ31*01			TRBV29-1*01	TRBJ1-4*01	CAVNFARLMF	tgtgctgtgaactttgccagactcatgttt			CSVEAGGTNEKLFF	tgcagcgttgaagccgggggcactaatgaaaaactgtttttt	1	0	1	1	1
clonotype5730	UNK_S	1	TRAV14/DV4*01	TRAJ22*01			TRBV7-3*01	TRBJ1-1*01	CALRGSARQLTF	tgtgccctaaggggttctgcaaggcaactgaccttt			CASSSQGAISSNTEAFF	tgtgccagcagctcgcagggggccatttcctcgaacactgaagctttcttt	1	0	1	1	1
clonotype5731	UNK_S	1	TRAV8-6*01	TRAJ23*01			TRBV11-2*01	TRBJ2-3*01	CAVRSYNQGGKLIF	tgtgctgtgaggagctataaccagggaggaaagcttatcttc			CASSNTGTSGRPNTQYF	tgtgccagcagcaatactgggactagtggcaggccgaatacgcagtatttt	1	0	1	1	1
clonotype5732	UNK_S	1	TRAV10*01	TRAJ9*01			TRBV11-2*01	TRBJ1-5*01	CVVSYTGGFKTIF	tgtgtggtgagctatactggaggcttcaaaactatcttt			CASSLGTVRDSNQPQHF	tgtgccagcagcttagggacagttcgagatagcaatcagccccagcatttt	1	0	1	1	1
clonotype5733	UNK_S	1	TRAV3*01	TRAJ9*01			TRBV11-2*01	TRBJ2-5*01	CAVRERTGGFKTIF	tgtgctgtgagagaaaggactggaggcttcaaaactatcttt			CASAGLAGSYLGETQYF	tgtgccagcgcgggactagcgggttcctacctcggggagacccagtacttc	1	0	1	1	1
clonotype5734	UNK_S	1	TRAV8-3*01	TRAJ23*01	TRAV14/DV4*01	TRAJ12*01	TRBV7-8*01	TRBJ2-1*01	CAVGVHNQGGKLIF	tgtgctgtgggtgtacataaccagggaggaaagcttatcttc	CAMREGPPMDSSYKLIF	tgtgcaatgagagagggccccccgatggatagcagctataaattgatcttc	CASSLAGSGRAHNEQFF	tgtgccagcagcttagcaggaagcgggagggcccacaatgagcagttcttc	2	1	2	2	1
clonotype5735	UNK_S	1	TRAV3*01	TRAJ35*01			TRBV7-2*01	TRBJ1-6*01	CAVRFLGFGNVLHC	tgtgctgtgagattcctaggctttgggaatgtgctgcattgc			CASTPQPQGSYNSPLHF	tgtgccagcaccccccagccccaaggatcctataattcacccctccacttt	1	0	1	1	1
clonotype5737	UNK_S	1	TRAV8-1*01	TRAJ3*01			TRBV7-2*01	TRBJ2-3*01	CAVMEYSSASKIIF	tgtgccgtgatggagtacagcagtgcttccaagataatcttt			CASSLDRVGSSTDTQYF	tgtgccagcagcttagatagggttggcagtagcacagatacgcagtatttt	1	0	1	1	1
clonotype5738	UNK_S	1	TRAV3*01	TRAJ11*01			TRBV7-2*01	TRBJ1-2*01	CAVRDNSGYSTLTF	tgtgctgtgagagacaattcaggatacagcaccctcaccttt			CASSLGGTRSQNYGYTF	tgtgccagcagcttaggcgggactcgttcccaaaactatggctacaccttc	1	0	1	1	1
clonotype5739	UNK_S	1	TRAV8-1*01	TRAJ9*01			TRBV7-6*01	TRBJ2-5*01	CAVSTHTGGFKTIF	tgtgccgtgtccacccatactggaggcttcaaaactatcttt			CASSFPRRGQSSKTQYF	tgtgccagcagcttcccgcggagggggcagtcttcgaagacccagtacttc	1	0	1	1	1
clonotype574	UNK_S	1	TRAV27*01	TRAJ43*01	TRAV26-2*01	TRAJ47*01	TRBV20-1*01	TRBJ2-7*01	CASVDMRF	tgtgcgtccgtggacatgcgcttt	CILMEYGNKLVF	tgcatcctcatggaatatggaaacaagctggtcttt	CSARGEVSSYEQYF	tgcagtgctagaggggaggtgagctcctacgagcagtacttc	2	1	2	2	1
clonotype5740	UNK_S	1	TRAV9-2*01	TRAJ6*01			TRBV27*01	TRBJ1-1*01	CALSDRAGGSYIPTF	tgtgctctgagtgatcgggcaggaggaagctacatacctacattt			CASSTDLRGKEQNTEAFF	tgtgccagcagtaccgacctgagggggaaggagcagaatactgaagctttcttt	1	0	1	1	1
clonotype5741	UNK_S	1	TRAV3*01	TRAJ34*01			TRBV5-6*01	TRBJ1-1*01	CAVRDRGNTDKLIF	tgtgctgtgagagacagggggaacaccgacaagctcatcttt			CASSLNPDLTGGGTEAFF	tgtgccagcagcttgaatcctgatctgacagggggcggcactgaagctttcttt	1	0	1	1	1
clonotype5742	UNK_S	1	TRAV38-1*01	TRAJ49*01			TRBV5-4*01	TRBJ2-6*01	CAFSRTGNQFYF	tgtgctttcagcagaaccggtaaccagttctatttt			CASSLGGTGFSGANVLTF	tgtgccagcagcttgggggggaccggtttctctggggccaacgtcctgactttc	1	0	1	1	1
clonotype5743	UNK_S	1	TRAV8-3*01	TRAJ45*01			TRBV5-1*01	TRBJ2-1*01	CATLGGGGADGLTF	tgtgctactctaggaggaggaggtgctgacggactcaccttt			CASSLGLAGGGAYNEQFF	tgcgccagcagcttgggactagcgggaggaggagcctacaatgagcagttcttc	1	0	1	1	1
clonotype5744	UNK_S	1	TRAV5*01	TRAJ3*01			TRBV5-1*01	TRBJ2-5*01	CAETGYSSASKIIF	tgtgcagagaccgggtacagcagtgcttccaagataatcttt			CASSLGTGRPVDQETQYF	tgcgccagcagcttggggacagggcgcccggtagatcaagagacccagtacttc	1	0	1	1	1
clonotype5745	UNK_S	1	TRAV12-3*01	TRAJ40*01			TRBV5-1*01	TRBJ2-1*01	CAMSAKGTYKYIF	tgtgcaatgagcgcgaagggaacctacaaatacatcttt			CASSLGLAGGASYNEQFF	tgcgccagcagcttggggctagcgggaggggcatcctacaatgagcagttcttc	1	0	1	1	1
clonotype5746	UNK_S	1	TRAV13-1*01	TRAJ4*01	TRAV10*01	TRAJ8*01	TRBV5-1*01	TRBJ2-3*01	CAAPEKSGGYNKLIF	tgtgcagcccccgagaagtctggtggctacaataagctgattttt	CVVSAMGFQKLVF	tgtgtggtgagcgcgatgggctttcagaaacttgtattt	CASSFTPGLAGVRDTQYF	tgcgccagcagctttacgccgggactagcgggagtgagagatacgcagtatttt	2	1	2	2	1
clonotype5747	UNK_S	1	TRAV17*01	TRAJ45*01			TRBV12-4*01	TRBJ2-1*01	CATAYSGGGADGLTF	tgtgctacggcgtattcaggaggaggtgctgacggactcaccttt			CASSTRTSGRFFNEQFF	tgtgccagcagtaccaggactagcgggagatttttcaatgagcagttcttc	1	0	1	1	1
clonotype5748	UNK_S	1	TRAV12-2*01	TRAJ13*01			TRBV12-4*01	TRBJ2-1*01	CAVMNSGGYQKVTF	tgtgccgtgatgaattctgggggttaccagaaagttaccttt			CASSLAPLAGSYNEQFF	tgtgccagcagtttagccccactagcgggaagctacaatgagcagttcttc	1	0	1	1	1
clonotype5749	UNK_S	1	TRAV13-2*01	TRAJ16*01			TRBV3-1*01	TRBJ2-5*01	CAEKRFSDGQKLLF	tgtgcagagaaacggttttcagatggccagaagctgctcttt			CASSPRGVGLAGLGAQYF	tgtgccagcagcccgcgcggcgtgggactagcgggattaggggcccagtacttc	1	0	1	1	1
clonotype575	UNK_S	1	TRAV40*01	TRAJ34*01			TRBV28*01	TRBJ2-7*01	CLLGDRDTDKLIF	tgtcttctgggagatcgcgacaccgacaagctcatcttt			CASSLDSYEQYF	tgtgccagcagtttggacagctacgagcagtacttc	1	0	1	1	1
clonotype5750	UNK_S	1	TRAV9-2*01	TRAJ23*01			TRBV4-1*01	TRBJ2-1*01	CALNLIYNQGGKLIF	tgtgctctgaatttgatttataaccagggaggaaagcttatcttc			CASSQISFLGLENTEQFF	tgcgccagcagccaaattagttttctgggactagagaatactgagcagttcttc	1	0	1	1	1
clonotype5751	UNK_S	1	TRAV8-3*01	TRAJ54*01			TRBV4-1*01	TRBJ2-5*01	CAVGVGQGAQKLVF	tgtgctgtgggtgttgggcagggagcccagaagctggtattt			CASSQDLGALAHPETQYF	tgcgccagcagccaagatttgggcgcactagcgcaccccgagacccagtacttc	1	0	1	1	1
clonotype5752	UNK_S	1	TRAV38-2/DV8*01	TRAJ58*01	TRAV9-2*01	TRAJ57*01	TRBV4-1*01	TRBJ2-2*01	CAYPFETSGSRLTF	tgtgcttatcccttcgaaaccagtggctctaggttgaccttt	CALSEAQGGSEKLVF	tgtgctctgagtgaagctcagggcggatctgaaaagctggtcttt	CASSLLPGTSGKIGELFF	tgcgccagcagcctccttcccgggactagcgggaaaatcggggagctgtttttt	2	1	2	2	1
clonotype5753	UNK_S	1	TRAV13-1*01	TRAJ4*01			TRBV4-2*01	TRBJ1-3*01	CAALSVSGGYNKLIF	tgtgcagctctctccgtttctggtggctacaataagctgattttt			CASSQDYPQESSGNTIYF	tgtgccagcagccaagactatccccaggagagctctggaaacaccatatatttt	1	0	1	1	1
clonotype5754	UNK_S	1	TRAV8-3*01	TRAJ17*01			TRBV4-3*01	TRBJ2-3*01	CAVGVEAAGNKLTF	tgtgctgtgggtgtggaagctgcaggcaacaagctaactttt			CASSQGLAGGPSTDTQYF	tgcgccagcagccaagggctagcgggagggccttccacagatacgcagtatttt	1	0	1	1	1
clonotype5755	UNK_S	1	TRAV2*01	TRAJ4*01			TRBV9*01	TRBJ1-1*01	CAVEGFSGGYNKLIF	tgtgctgtggaggggttttctggtggctacaataagctgattttt			CASSVGGGQGLMNTEAFF	tgtgccagcagcgtagggggaggacaggggttaatgaacactgaagctttcttt	1	0	1	1	1
clonotype5756	UNK_S	1	TRAV8-2*01	TRAJ6*01			TRBV11-3*01	TRBJ2-2*01	CVVSDLRGSYIPTF	tgtgttgtgagtgatctgaggggaagctacatacctacattt			CASSLSSGRARTGELFF	tgtgccagcagcttgagtagcgggagggcccgaaccggggagctgtttttt	1	0	1	1	1
clonotype5757	UNK_S	1	TRAV8-3*01	TRAJ3*01			TRBV11-3*01	TRBJ2-3*01	CAVGAGSSASKIIF	tgtgctgtgggagcggggagcagtgcttccaagataatcttt			CASSQWTGGAGTDTQYF	tgtgccagcagtcaatggacagggggcgcgggcacagatacgcagtatttt	1	0	1	1	1
clonotype5758	UNK_S	1	TRAV5*01	TRAJ4*01			TRBV15*01	TRBJ1-5*01	CAESFSGGYNKLIF	tgtgcagagagcttttctggtggctacaataagctgattttt			CATSRDQNLGRKDQPQHF	tgtgccaccagcagagatcagaacctaggacggaaggatcagccccagcatttt	1	0	1	1	1
clonotype5759	UNK_S	1	TRAV8-2*01	TRAJ13*01			TRBV15*01	TRBJ2-1*01	CVVSDVGGYQKVTF	tgtgttgtgagtgatgtagggggttaccagaaagttaccttt			CATSRSHETSGNDNEQFF	tgtgccaccagcagatcccatgagactagcgggaatgacaatgagcagttcttc	1	0	1	1	1
clonotype576	UNK_S	1	TRAV1-2*01	TRAJ23*01			TRBV5-6*01	TRBJ1-5*01	CASWGGKLIF	tgtgcttcctggggaggaaagcttatcttc			CASSLGIGPQHF	tgtgccagcagcctaggaattgggccccagcatttt	1	0	1	1	1
clonotype5760	UNK_S	1	TRAV8-1*01	TRAJ37*01			TRBV14*01	TRBJ1-1*01	CAVTGSSNTGKLIF	tgtgccgtgactggctctagcaacacaggcaaactaatcttt			CASSQSGIPDRTRGAFF	tgtgccagcagccaatcagggatacccgataggacacgaggagctttcttt	1	0	1	1	1
clonotype5761	UNK_S	1	TRAV8-1*01	TRAJ6*01			TRBV19*01	TRBJ2-2*01	CAVNGGSGGSYIPTF	tgtgccgtgaatgggggatcaggaggaagctacatacctacattt			CASSIRLAGRGGSGELFF	tgtgccagtagtataagactagcgggacggggcgggagcggggagctgtttttt	1	0	1	1	1
clonotype5762	UNK_S	1	TRAV34*01	TRAJ53*01			TRBV6-5*01	TRBJ2-5*01	CGAVLNSGGSNYKLTF	tgtggagcagtccttaatagtggaggtagcaactataaactgacattt			CASSYRVGRGQYQETQYF	tgtgccagcagttacagggtgggaaggggtcagtaccaagagacccagtacttc	1	0	1	1	1
clonotype5763	UNK_S	1	TRAV9-2*01	TRAJ33*01			TRBV6-1*01	TRBJ1-6*01	CALSVWAMDSNYQLIW	tgtgctctgagtgtctgggccatggatagcaactatcagttaatctgg			CASSEALNRGWDNSPLHF	tgtgccagcagtgaagctctgaacaggggttgggataattcacccctccacttt	1	0	1	1	1
clonotype5764	UNK_S	1	TRAV8-4*01	TRAJ56*01			TRBV6-1*01	TRBJ2-1*01	CAVSSITGANSKLTF	tgtgctgtgagttcgatcactggagccaatagtaagctgacattt			CASSEGSWLAGARNEQFF	tgtgccagcagtgaagggtcgtggctagcgggagctcgcaatgagcagttcttc	1	0	1	1	1
clonotype5765	UNK_S	1	TRAV12-1*01	TRAJ24*01			TRBV20-1*01	TRBJ2-1*01	CVVNERTTDSWGKLQF	tgtgtggtgaacgaacggacaactgacagctgggggaaattgcagttt			CSAGQGAKVGRDSPYNEQFF	tgcagtgctggacagggggcgaaggtcgggagggacagcccctacaatgagcagttcttc	1	0	1	1	1
clonotype5766	UNK_S	1	TRAV12-3*01	TRAJ8*01			TRBV18*01	TRBJ1-2*01	CAMSGDTGFQKLVF	tgtgcaatgagcggagacacaggctttcagaaacttgtattt			CASSPSSGTGGNYGYTF	tgtgccagctcaccttcatccgggacaggagggaactatggctacaccttc	1	0	1	1	1
clonotype5767	UNK_S	1	TRAV36/DV7*01	TRAJ53*01			TRBV2*01	TRBJ1-2*01	CAVGPGGGSNYKLTF	tgtgctgtgggcccgggtggaggtagcaactataaactgacattt			CASSERRDQGTGHGYTF	tgtgccagcagtgaaaggcgggaccaagggacaggtcatggctacaccttc	1	0	1	1	1
clonotype5768	UNK_S	1	TRAV8-1*01	TRAJ52*01			TRBV2*01	TRBJ2-3*01	CAVNAGGTSYGKLTF	tgtgccgtgaatgctggtggtactagctatggaaagctgacattt			CASSDIISGRAGDTQYF	tgtgccagcagtgacattattagcgggagggccggagatacgcagtatttt	1	0	1	1	1
clonotype5769	UNK_S	1	TRAV38-2/DV8*01	TRAJ40*01			TRBV10-3*01	TRBJ2-6*01	CAYTTSGTYKYIF	tgtgcttatactacctcaggaacctacaaatacatcttt			CAISDGTGAPSGANVLTF	tgtgccatcagtgatgggacaggggcaccctctggggccaacgtcctgactttc	1	0	1	1	1
clonotype577	UNK_S	1	TRAV35*01	TRAJ49*01			TRBV6-6*01	TRBJ2-3*01	CADGNQFYF	tgtgccgacggtaaccagttctatttt			CASSSSSDTQYF	tgtgccagcagttcttcgtcagatacgcagtatttt	1	0	1	1	1
clonotype5770	UNK_S	1	TRAV14/DV4*01	TRAJ20*01			TRBV7-9*01	TRBJ2-5*01	CAMREGGDYKLSF	tgtgcaatgagagagggcggcgactacaagctcagcttt			CASSLDLAGARYETQYF	tgtgccagcagcttagacttagcgggtgcccgttatgagacccagtacttc	1	0	1	1	1
clonotype5771	UNK_S	1	TRAV3*01	TRAJ10*01	TRAV19*01	TRAJ37*01	TRBV11-2*01	TRBJ1-4*01	CAVTPFTGGGNKLTF	tgtgctgtgacccctttcacgggaggaggaaacaaactcaccttt	CALSEASNTGKLIF	tgtgctctgagtgaggctagcaacacaggcaaactaatcttt	CASSRTTGYTTNEKLFF	tgtgccagcagccgaacgacaggctacacaactaatgaaaaactgtttttt	2	1	2	2	1
clonotype5772	UNK_S	1	TRAV3*01	TRAJ13*01			TRBV7-2*01	TRBJ2-5*01	CAVRDRSGGYQKVTF	tgtgctgtgagagacaggtctgggggttaccagaaagttaccttt			CASSPAPGLASQETQYF	tgtgccagcagccccgccccgggactagcgagccaagagacccagtacttc	1	0	1	1	1
clonotype5773	UNK_S	1	TRAV12-3*01	TRAJ24*01			TRBV7-2*01	TRBJ2-2*01	CAMTQTDSWGKLQF	tgtgcaatgacccaaactgacagctgggggaaattgcagttt			CASSFSQGVPQPGELFF	tgtgccagcagcttttcccagggcgtaccccaacccggggagctgtttttt	1	0	1	1	1
clonotype5774	UNK_S	1	TRAV9-2*01	TRAJ10*01			TRBV7-2*01	TRBJ2-5*01	CALREALTGGGNKLTF	tgtgctctgagggaggcgctcacgggaggaggaaacaaactcaccttt			CASSQGTSARQQETQYF	tgtgccagcagccaagggactagcgcaagacaacaagagacccagtacttc	1	0	1	1	1
clonotype5776	UNK_S	1	TRAV8-2*01	TRAJ32*01			TRBV5-5*01	TRBJ2-3*01	CVVSDRGGATNKLIF	tgtgttgtgagtgatcgaggtggtgctacaaacaagctcatcttt			CASSTGTSGRARADTQYF	tgtgccagcagcaccgggactagcgggagggccagggcagatacgcagtatttt	1	0	1	1	1
clonotype5777	UNK_S	1	TRAV13-1*01	TRAJ5*01			TRBV5-1*01	TRBJ2-7*01	CAASKKQDTGRRALTF	tgtgcagcaagtaaaaaacaggacacgggcaggagagcacttactttt			CASSLIFRGGTAIYEQYF	tgcgccagcagcttgatctttcgtggggggacagcgatatacgagcagtacttc	1	0	1	1	1
clonotype5778	UNK_S	1	TRAV3*01	TRAJ13*01			TRBV5-1*01	TRBJ2-4*01	CAVTIFSGGYQKVTF	tgtgctgtgaccatcttttctgggggttaccagaaagttaccttt			CASSLEPEKELAKNIQYF	tgcgccagcagcttggagccagagaaagaactagccaaaaacattcagtacttc	1	0	1	1	1
clonotype5779	UNK_S	1	TRAV8-4*01	TRAJ3*01			TRBV5-1*01	TRBJ2-1*01	CAVSDRYSSASKIIF	tgtgctgtgagtgaccggtacagcagtgcttccaagataatcttt			CASSLGPAGTSSYNEQFF	tgcgccagcagcttggggccggccgggactagctcctacaatgagcagttcttc	1	0	1	1	1
clonotype578	UNK_S	1	TRAV1-2*01	TRAJ6*01			TRBV20-1*01	TRBJ2-1*01	CAVGGSYIPTF	tgtgctgtgggaggaagctacatacctacattt			CSARLSGINNEQFF	tgcagtgctaggttgagcgggatcaacaatgagcagttcttc	1	0	1	1	1
clonotype5780	UNK_S	1	TRAV8-4*01	TRAJ18*01			TRBV12-4*01	TRBJ1-1*01	CAVSGRGSTLGRLYF	tgtgctgtgagtgggagaggctcaaccctggggaggctatacttt			CASTQQGIKIMNTEAFF	tgtgccagcacccaacaggggatcaagatcatgaacactgaagctttcttt	1	0	1	1	1
clonotype5781	UNK_S	1	TRAV8-6*01	TRAJ4*01			TRBV3-1*01	TRBJ2-2*01	CAVSDMHDGYNKLIF	tgtgctgtgagtgacatgcatgatggctacaataagctgattttt			CASSQVARLAENTGELFF	tgtgccagcagccaagtggccagactagcggagaacaccggggagctgtttttt	1	0	1	1	1
clonotype5782	UNK_S	1	TRAV17*01	TRAJ45*01			TRBV3-1*01	TRBJ2-2*01	CATVSYSGGGADGLTF	tgtgctacggtctcgtattcaggaggaggtgctgacggactcaccttt			CASSLRGRQVSLTGELFF	tgtgccagcagcctcagaggtcgccaggtgtcactcaccggggagctgtttttt	1	0	1	1	1
clonotype5783	UNK_S	1	TRAV12-2*01	TRAJ42*01			TRBV4-1*01	TRBJ2-7*01	CAVNSRARSQGNLIF	tgtgccgtgaactcacgggcaagaagccaaggaaatctcatcttt			CASSHLGLAGGGGYEQYF	tgcgccagcagccacctaggactagcgggaggggggggctacgagcagtacttc	1	0	1	1	1
clonotype5784	UNK_S	1	TRAV13-1*01	TRAJ18*01			TRBV4-1*01	TRBJ1-6*01	CAASINRGSTLGRLYF	tgtgcagcaagtataaacagaggctcaaccctggggaggctatacttt			CASSPRDPRSSYNSPLHF	tgcgccagcagcccccgggacccccggagctcctataattcacccctccacttt	1	0	1	1	1
clonotype5785	UNK_S	1	TRAV19*01	TRAJ11*01			TRBV4-2*01	TRBJ2-5*01	CALSFSGYSTLTF	tgtgctctgagtttttcaggatacagcaccctcaccttt			CASSQAPLAGNRGETQYF	tgtgccagcagccaagccccactagcgggaaacagaggtgagacccagtacttc	1	0	1	1	1
clonotype5786	UNK_S	1	TRAV13-2*01	TRAJ4*01			TRBV4-2*01	TRBJ2-2*01	CADLMFSGGYNKLIF	tgtgcagacctcatgttttctggtggctacaataagctgattttt			CASSQRLGKREMGGELFF	tgtgccagcagccagcggttagggaagcgggagatgggcggggagctgtttttt	1	0	1	1	1
clonotype5787	UNK_S	1	TRAV8-4*01	TRAJ53*01			TRBV9*01	TRBJ1-6*01	CAVSPSGGSNYKLTF	tgtgctgtgagtccaagtggaggtagcaactataaactgacattt			CASSGRQGIATYNSPLHF	tgtgccagcagcggaagacaggggatcgctacctataattcacccctccacttt	1	0	1	1	1
clonotype5788	UNK_S	1	TRAV38-2/DV8*01	TRAJ31*01			TRBV11-3*01	TRBJ2-1*01	CAYLEDNNARLMF	tgtgcttatctggaggataacaatgccagactcatgttt			CASSGYGQGETYNEQFF	tgtgccagcagcggatacggacagggggaaacctacaatgagcagttcttc	1	0	1	1	1
clonotype5789	UNK_S	1	TRAV8-2*01	TRAJ11*01			TRBV15*01	TRBJ2-1*01	CVVSEARSGYSTLTF	tgtgttgtgagtgaggcccggtcgggatacagcaccctcaccttt			CATSRAMGGRAVRDEQFF	tgtgccaccagcagagccatgggagggagggccgtacgggatgagcagttcttc	1	0	1	1	1
clonotype579	UNK_S	1	TRAV26-2*01	TRAJ49*01			TRBV7-9*01	TRBJ2-2*01	CILYTGNQFYF	tgcatcctgtacaccggtaaccagttctatttt			CASSRFGELFF	tgtgccagcagccgcttcggggagctgtttttt	1	0	1	1	1
clonotype5790	UNK_S	1	TRAV8-4*01	TRAJ17*01			TRBV14*01	TRBJ2-5*01	CAVQRAKAAGNKLTF	tgtgctgtgcaaagagccaaagctgcaggcaacaagctaactttt			CASSQFRGQGFTETQYF	tgtgccagcagccaattccgcggacaggggtttacggagacccagtacttc	1	0	1	1	1
clonotype5791	UNK_S	1	TRAV17*01	TRAJ17*01			TRBV19*01	TRBJ2-1*01	CATGKSLIKAAGNKLTF	tgtgctacgggcaagtctctgatcaaagctgcaggcaacaagctaactttt			CASSIASWRREGPNEQFF	tgtgccagtagtatagcttcttggcggcgggagggccccaatgagcagttcttc	1	0	1	1	1
clonotype5792	UNK_S	1	TRAV12-3*01	TRAJ10*01			TRBV19*01	TRBJ2-6*01	CAMTRDPGGGNKLTF	tgtgcaatgaccagggacccgggaggaggaaacaaactcaccttt			CASSMGVGLRSGANVLTF	tgtgccagtagtatgggagttggacttcgctctggggccaacgtcctgactttc	1	0	1	1	1
clonotype5793	UNK_S	1	TRAV10*01	TRAJ4*01			TRBV6-1*01	TRBJ1-5*01	CVVRRFSGGYNKLIF	tgtgtggtgaggaggttttctggtggctacaataagctgattttt			CASDMKGQGSYSNQPQHF	tgtgccagcgatatgaaaggacagggctcttatagcaatcagccccagcatttt	1	0	1	1	1
clonotype5794	UNK_S	1	TRAV8-4*01	TRAJ45*01			TRBV6-2*01	TRBJ2-2*01	CAVRWPSGGGADGLTF	tgtgctgtgagatggccttcaggaggaggtgctgacggactcaccttt			CASSYPLGSGGPAGELFF	tgtgccagcagttaccccctcggttcgggagggcctgccggggagctgtttttt	1	0	1	1	1
clonotype5796	UNK_S	1	TRAV10*01	TRAJ8*01			TRBV10-3*01	TRBJ2-2*01	CVVSERNTGFQKLVF	tgtgtggtgagcgagaggaacacaggctttcagaaacttgtattt			CAISPAGDFVVNTGELFF	tgtgccatcagtccagcgggagatttcgttgttaacaccggggagctgtttttt	1	0	1	1	1
clonotype5797	UNK_S	1	TRAV3*01	TRAJ12*01			TRBV7-9*01	TRBJ2-1*01	CAVRDSEGDSSYKLIF	tgtgctgtgagagacagcgaaggggatagcagctataaattgatcttc			CASSPNFLAGRDNEQFF	tgtgccagcagccccaatttcttagcgggacgtgacaatgagcagttcttc	1	0	1	1	1
clonotype5798	UNK_S	1	TRAV3*01	TRAJ18*01			TRBV7-3*01	TRBJ2-7*01	CAVRDGRGSTLGRLYF	tgtgctgtgagagacggcagaggctcaaccctggggaggctatacttt			CASSLTAASGGSLEQYF	tgtgccagcagcttaacagccgctagcgggggaagcttggagcagtacttc	1	0	1	1	1
clonotype5799	UNK_S	1	TRAV29/DV5*01	TRAJ49*01			TRBV7-8*01	TRBJ2-5*01	CAASGNQFYF	tgtgcagcaagtggtaaccagttctatttt			CASSYYRLAGARGTQYF	tgtgccagcagctactaccgactagcgggggcacgggggacccagtacttc	1	0	1	1	1
clonotype58	UNK_S	2	TRAV13-2*01	TRAJ28*01			TRBV5-1*01	TRBJ1-3*01	CAEETGAGSYQLTF	tgtgcagaggaaactggggctgggagttaccaactcactttc			CASRRDSSGNTIYF	tgcgccagcagaagggacagctctggaaacaccatatatttt	2	0	2	1	1
clonotype580	UNK_S	1	TRAV1-1*01	TRAJ42*01			TRBV5-1*01	TRBJ2-7*01	CARGSQGNLIF	tgcgcccgaggaagccaaggaaatctcatcttt			CASSRDSYEQYF	tgcgccagcagcagggacagctacgagcagtacttc	1	0	1	1	1
clonotype5800	UNK_S	1	TRAV10*01	TRAJ32*01			TRBV7-2*01	TRBJ1-6*01	CVVSYYGGATNKLIF	tgtgtggtgagctattatggtggtgctacaaacaagctcatcttt			CASSPINAGGSNSPLHF	tgtgccagcagccccataaacgccggtgggagtaattcacccctccacttt	1	0	1	1	1
clonotype5801	UNK_S	1	TRAV10*01	TRAJ13*01			TRBV7-2*01	TRBJ2-1*01	CVVRAHSGGYQKVTF	tgtgtggtgagggcccattctgggggttaccagaaagttaccttt			CASSLAGTSGRANEQFF	tgtgccagcagcttagcggggactagcgggagggcaaatgagcagttcttc	1	0	1	1	1
clonotype5802	UNK_S	1	TRAV36/DV7*01	TRAJ42*01			TRBV5-1*01	TRBJ2-5*01	CAVYENYGGSQGNLIF	tgtgctgtgtacgagaattatggaggaagccaaggaaatctcatcttt			CASSLPLTSGSEPETQYF	tgcgccagcagccttcccctgactagcgggagtgagccagagacccagtacttc	1	0	1	1	1
clonotype5803	UNK_S	1	TRAV8-3*01	TRAJ53*01			TRBV5-1*01	TRBJ2-7*01	CAVQPNSGGSNYKLTF	tgtgctgtccagcccaatagtggaggtagcaactataaactgacattt			CASSLRAGTSGRSYEQYF	tgcgccagcagcttgagggccgggactagcgggagatcctacgagcagtacttc	1	0	1	1	1
clonotype5804	UNK_S	1	TRAV8-4*01	TRAJ48*01			TRBV3-1*01	TRBJ2-1*01	CAVNSISNFGNEKLTF	tgtgctgtgaacagtatatctaactttggaaatgagaaattaaccttt			CASSQEFSGGFTYNEQFF	tgtgccagcagccaagagttttctggcggctttacctacaatgagcagttcttc	1	0	1	1	1
clonotype5805	UNK_S	1	TRAV19*01	TRAJ45*01			TRBV19*01	TRBJ2-1*01	CALRDSGGGADGLTF	tgtgctctgagggattcaggaggaggtgctgacggactcaccttt			CASSRGPGLALDYNEQFF	tgtgccagtagtagggggcccggactagctctggactacaatgagcagttcttc	1	0	1	1	1
clonotype5806	UNK_S	1	TRAV38-2/DV8*01	TRAJ48*01			TRBV6-6*01	TRBJ1-5*01	CAYRSGDFGNEKLTF	tgtgcttataggagcggggactttggaaatgagaaattaaccttt			CASRDTGQAPASNQPQHF	tgtgccagcagagatactggacaggcgccggctagcaatcagccccagcatttt	1	0	1	1	1
clonotype5807	UNK_S	1	TRAV12-3*01	TRAJ53*01			TRBV6-6*01	TRBJ1-5*01	CAMSDRSGGSNYKLTF	tgtgcaatgagcgataggagtggaggtagcaactataaactgacattt			CASSYNKNRGGSNQPQHF	tgtgccagcagttataacaaaaacaggggtggtagcaatcagccccagcatttt	1	0	1	1	1
clonotype5808	UNK_S	1	TRAV19*01	TRAJ17*01			TRBV24-1*01	TRBJ2-2*01	CALSEPPAAGNKLTF	tgtgctctgagtgagcccccagctgcaggcaacaagctaactttt			CATSDYQDRSPHTGELFF	tgtgccaccagtgattaccaggacaggtccccccacaccggggagctgtttttt	1	0	1	1	1
clonotype5809	UNK_S	1	TRAV8-4*01	TRAJ58*01			TRBV7-9*01	TRBJ2-7*01	CAVSDETAETSGSRLTF	tgtgctgtgagtgatgagactgcggaaaccagtggctctaggttgaccttt			CASSQGQRRPFYYEQYF	tgtgccagcagccagggacaacggcgcccattctactacgagcagtacttc	1	0	1	1	1
clonotype581	UNK_S	1	TRAV1-2*01	TRAJ34*01			TRBV9*01	TRBJ1-1*01	CAAENTDKLIF	tgtgctgctgagaacaccgacaagctcatcttt			CASSAETPEAFF	tgtgccagcagcgcagaaaccccggaagctttcttt	1	0	1	1	1
clonotype5810	UNK_S	1	TRAV21*01	TRAJ52*01			TRBV7-3*01	TRBJ2-1*01	CAVSHLNAGGTSYGKLTF	tgtgctgtgagccatctaaatgctggtggtactagctatggaaagctgacattt			CASSLWGGLSSYNEQFF	tgtgccagcagcttatgggggggcttaagctcctacaatgagcagttcttc	1	0	1	1	1
clonotype5811	UNK_S	1	TRAV19*01	TRAJ17*01			TRBV7-2*01	TRBJ2-3*01	CALSEAPTAGNKLTF	tgtgctctgagtgaggctccgactgcaggcaacaagctaactttt			CASSLRLIQLAGDTQYF	tgtgccagcagcctccgacttatacaactagcaggagatacgcagtatttt	1	0	1	1	1
clonotype5812	UNK_S	1	TRAV10*01	TRAJ6*01			TRBV5-4*01	TRBJ2-5*01	CVVSAIRAGGSYIPTF	tgtgtggtgagcgcgatcagggcaggaggaagctacatacctacattt			CASSMVVAGYPRGETQYF	tgtgccagcagcatggtagttgcggggtacccgcggggagagacccagtacttc	1	0	1	1	1
clonotype5813	UNK_S	1	TRAV19*01	TRAJ44*01			TRBV4-2*01	TRBJ2-6*01	CALSEATGTASKLTF	tgtgctctgagtgaggcaaccggcactgccagtaaactcaccttt			CASSQETGGNSGANVLTF	tgtgccagcagccaagagacagggggaaactctggggccaacgtcctgactttc	1	0	1	1	1
clonotype5814	UNK_S	1	TRAV12-3*01	TRAJ52*01			TRBV9*01	TRBJ1-3*01	CAKFNAGGTSYGKLTF	tgtgcaaagttcaatgctggtggtactagctatggaaagctgacattt			CASSVGSLQGPGGNTIYF	tgtgccagcagcgtaggttcgctacagggcccaggtggaaacaccatatatttt	1	0	1	1	1
clonotype5815	UNK_S	1	TRAV23/DV6*01	TRAJ29*01			TRBV18*01	TRBJ2-3*01	CAASPSPLVF	tgtgcagcaagcccgtcacctcttgtcttt			CASSPLGPGLQTDTQYF	tgtgccagctcaccactgggaccgggactgcaaacagatacgcagtatttt	1	0	1	1	1
clonotype5816	UNK_S	1	TRAV8-1*01	TRAJ40*01			TRBV7-9*01	TRBJ2-2*01	CAVNAPRVTTSGTYKYIF	tgtgccgtgaatgcgccccgggttactacctcaggaacctacaaatacatcttt			CASSMGPTNLITGELFF	tgtgccagcagcatgggacctactaatttaatcaccggggagctgtttttt	1	0	1	1	1
clonotype5817	UNK_S	1	TRAV14/DV4*01	TRAJ48*01			TRBV9*01	TRBJ1-1*01	CAMREAFNFGNEKLTF	tgtgcaatgagagaggcttttaactttggaaatgagaaattaaccttt			CASSVWTGVGNMNTEAFF	tgtgccagcagcgtttggacaggggtaggaaacatgaacactgaagctttcttt	1	0	1	1	1
clonotype5818	UNK_S	1	TRAV14/DV4*01	TRAJ41*01			TRBV20-1*01	TRBJ2-4*01	CAMREGRGSNSGYALNF	tgtgcaatgagagagggccgtggctcaaattccgggtatgcactcaacttc			CSASLARLAERREAKNIQYF	tgcagtgctagcctcgcccgactagcggagcgaagggaggccaaaaacattcagtacttc	1	0	1	1	1
clonotype5819	UNK_S	1	TRAV29/DV5*01	TRAJ50*01			TRBV18*01	TRBJ2-3*01	CAASGTSYDKVIF	tgtgcagcaagcggaacctcctacgacaaggtgatattt			CASSPQVLAPSTDTQYF	tgtgccagctcaccacaagtattagcgcctagcacagatacgcagtatttt	1	0	1	1	1
clonotype5820	UNK_S	1	TRAV19*01	TRAJ32*01			TRBV18*01	TRBJ1-1*01	CALSEVENGGATNKLIF	tgtgctctgagtgaggtggaaaatggtggtgctacaaacaagctcatcttt			CASSPTRDRGFGTEAFF	tgtgccagctcacccacacgggacagggggtttggcactgaagctttcttt	1	0	1	1	1
clonotype5821	UNK_S	1	TRAV38-1*01	TRAJ40*01			TRBV2*01	TRBJ2-2*01	CAFLPPPATSGTYKYIF	tgtgctttcctgccccctccagctacctcaggaacctacaaatacatcttt			CATELADPKTGTGELFF	tgtgccactgaactagcggatcccaagacgggcaccggggagctgtttttt	1	0	1	1	1
clonotype5822	UNK_S	1	TRAV19*01	TRAJ45*01			TRBV5-1*01	TRBJ1-6*01	CALSEASSGGGADGLTF	tgtgctctgagtgaggccagttcaggaggaggtgctgacggactcaccttt			CASSLAGGASSYNSPLHF	tgcgccagcagcttggccgggggggcgagctcctataattcacccctccacttt	1	0	1	1	1
clonotype5823	UNK_S	1	TRAV19*01	TRAJ18*01			TRBV28*01	TRBJ2-7*01	CALSEAQGRGSTLGRLYF	tgtgctctgagtgaggcgcagggcagaggctcaaccctggggaggctatacttt			CASSCQRGGQCRGREQYF	tgtgccagcagttgccaacgggggggacagtgccgtgggagggagcagtacttc	1	0	1	1	1
clonotype5824	UNK_S	1	TRAV29/DV5*01	TRAJ9*01			TRBV7-8*01	TRBJ2-1*01	CAASVNTGGFKTIF	tgtgcagcaagcgttaatactggaggcttcaaaactatcttt			CASSLRIGTSGLNEQFF	tgtgccagcagcttaaggatcgggactagcggactcaatgagcagttcttc	1	0	1	1	1
clonotype5825	UNK_S	1	TRAV29/DV5*01	TRAJ45*01			TRBV29-1*01	TRBJ2-1*01	CAASDSGGGADGLTF	tgtgcagcaagcgactcaggaggaggtgctgacggactcaccttt			CSVEGAGTSGASSSYNEQFF	tgcagcgttgaaggagccgggactagcggagcctcaagctcctacaatgagcagttcttc	1	0	1	1	1
clonotype5826	UNK_S	1	TRAV29/DV5*01	TRAJ13*01			TRBV18*01	TRBJ2-2*01	CAARRNSGGYQKVTF	tgtgcagcaaggcggaattctgggggttaccagaaagttaccttt			CASSPGYGQGSTGELFF	tgtgccagctcaccgggatacgggcagggtagcaccggggagctgtttttt	1	0	1	1	1
clonotype5827	UNK_S	1	TRAV29/DV5*01	TRAJ39*01			TRBV2*01	TRBJ1-4*01	CAASAPNNAGNMLTF	tgtgcagcaagcgccccaaataatgcaggcaacatgctcaccttt			CASNPRGGEVLSGKLFF	tgtgccagcaatccccgggggggtgaggttttgtccggaaaactgtttttt	1	0	1	1	1
clonotype5828	UNK_S	1	TRAV23/DV6*01	TRAJ48*01			TRBV6-5*01	TRBJ1-6*01	CAASYPFGNEKLTF	tgtgcagcaagttacccgtttggaaatgagaaattaaccttt			CASSYSGRGRGRFSPLHF	tgtgccagcagttactcgggtaggggcagggggcgattttcacccctccacttt	1	0	1	1	1
clonotype5829	UNK_S	1	TRAV29/DV5*01	TRAJ24*01			TRBV11-2*01	TRBJ2-1*01	CAASAMTTDSWGKLQF	tgtgcagcaagcgcgatgacaactgacagctgggggaaattgcagttt			CASSPRTSGSSYNEQFF	tgtgccagcagcccccgcactagcgggagctcctacaatgagcagttcttc	1	0	1	1	1
clonotype583	UNK_S	1	TRAV1-2*01	TRAJ23*01			TRBV30*01	TRBJ2-1*01	CAVYNQGGKLIF	tgtgctgtctataaccagggaggaaagcttatcttc			CAWDKGPGAHEQFF	tgtgcctgggacaagggaccgggggcccatgagcagttcttc	1	0	1	1	1
clonotype5830	UNK_S	1	TRAV29/DV5*01	TRAJ53*01			TRBV5-4*01	TRBJ1-3*01	CAASAFGGGSNYKLTF	tgtgcagcaagcgcgttcggtggaggtagcaactataaactgacattt			CASSLGGTTGGLGNTIYF	tgtgccagcagcttggggggtacgacagggggtcttggaaacaccatatatttt	1	0	1	1	1
clonotype5831	UNK_S	1	TRAV23/DV6*01	TRAJ8*01			TRBV3-1*01	TRBJ2-7*01	CAADGNTGFQKLVF	tgtgcggccgacgggaacacaggctttcagaaacttgtattt			CASSQRPPTSGSTNEQYF	tgtgccagcagccaacggcctccgactagcgggagtaccaacgagcagtacttc	1	0	1	1	1
clonotype5832	UNK_S	1	TRAV29/DV5*01	TRAJ37*01			TRBV19*01	TRBJ2-5*01	CAAKGPFGSSNTGKLIF	tgtgcagcaaaaggtcccttcggctctagcaacacaggcaaactaatcttt			CASSMVRAGGLYQETQYF	tgtgccagtagtatggttcgggccggagggttgtaccaagagacccagtacttc	1	0	1	1	1
clonotype5833	UNK_S	1	TRAV29/DV5*01	TRAJ18*01			TRBV27*01	TRBJ2-1*01	CAASEGVNRGSTLGRLYF	tgtgcagcaagcgaaggagtcaacagaggctcaaccctggggaggctatacttt			CASSTRLAGGPGYNEQFF	tgtgccagcagtacccgactagcgggagggccgggatacaatgagcagttcttc	1	0	1	1	1
clonotype5834	UNK_S	1	TRAV6*01	TRAJ4*01			TRBV6-1*01	TRBJ2-2*01	CALEKGNKLIF	tgtgctctagagaagggcaataagctgattttt			CASSTPGLAGDYTGELFF	tgtgccagcagtacgccgggactagcgggagattacaccggggagctgtttttt	1	0	1	1	1
clonotype5835	UNK_S	1	TRAV6*01	TRAJ4*01			TRBV11-2*01	TRBJ2-3*01	CALGPLSGGYNKLIF	tgtgctctagggcccctttctggtggctacaataagctgattttt			CASSLDRHFLKKYTQYF	tgtgccagcagcttagatcggcacttcctgaaaaagtatacgcagtatttt	1	0	1	1	1
clonotype584	UNK_S	1	TRAV26-1*01	TRAJ30*01			TRBV29-1*01	TRBJ1-2*01	CIVKSRDDKIIF	tgcatcgtcaaatccagagatgacaagatcatcttt			CSVERGATDYGYTF	tgcagcgttgaaaggggggccacggactatggctacaccttc	1	0	1	1	1
clonotype5845	UNK_S	1	TRAV38-2/DV8*01	TRAJ36*01	TRAV40*01	TRAJ57*01	TRBV18*01	TRBJ1-3*01	CAYIRTGANNLFF	tgtgcttatatcaggactggggcaaacaacctcttcttt	CLLKGGSEKLVF	tgtcttctaaagggcggatctgaaaagctggtcttt	CASSPIPGQGNSGNTIYF	tgtgccagctcaccaattcctggacaggggaactctggaaacaccatatatttt	2	1	2	2	1
clonotype5846	UNK_S	1	TRAV26-1*01	TRAJ29*01			TRBV6-5*01	TRBJ2-1*01	CISGNTPLVF	tgcatctcaggaaacacacctcttgtcttt			CASSSAGLAGLFSYNEQFF	tgtgccagcagttccgccgggctagcgggattgttctcctacaatgagcagttcttc	1	0	1	1	1
clonotype5847	UNK_S	1	TRAV4*01	TRAJ43*01			TRBV12-3*01	TRBJ2-1*01	CLVGDHDMRF	tgcctcgtgggtgaccatgacatgcgcttt			CASTLLAGVSPSYNEQFF	tgtgccagcacactactagcgggggtcagcccctcctacaatgagcagttcttc	1	0	1	1	1
clonotype5848	UNK_S	1	TRAV1-1*01	TRAJ34*01			TRBV27*01	TRBJ2-3*01	CAGFSGKLIF	tgcgctggcttctccggcaagctcatcttt			CASSLSQTGLAGITDTQYF	tgtgccagcagtttatctcaaaccggactagcgggaatcacagatacgcagtatttt	1	0	1	1	1
clonotype5849	UNK_S	1	TRAV1-2*01	TRAJ20*01			TRBV5-6*01	TRBJ2-5*01	CAVRENDYKLSF	tgtgctgtgagagagaacgactacaagctcagcttt			CASSLARGLAGYLLETQYF	tgtgccagcagcttggcccggggactagcgggatacctattggagacccagtacttc	1	0	1	1	1
clonotype585	UNK_S	1	TRAV1-1*01	TRAJ39*01			TRBV20-1*01	TRBJ2-7*01	CAVRGAGNMLTF	tgcgctgtgaggggtgcaggcaacatgctcaccttt			CSARDLAGSYEQYF	tgcagtgctagagacctagcggggagctacgagcagtacttc	1	0	1	1	1
clonotype5850	UNK_S	1	TRAV39*01	TRAJ31*01			TRBV5-1*01	TRBJ2-1*01	CAVDNARLMF	tgtgccgtggacaatgccagactcatgttt			CASSLGASGRAGNGNEQFF	tgcgccagcagcttaggagctagcgggagggcgggcaatggcaatgagcagttcttc	1	0	1	1	1
clonotype5851	UNK_S	1	TRAV16*01	TRAJ31*01			TRBV11-2*01	TRBJ2-1*01	CALKRVGARLMF	tgtgctctaaagcgggtcggggccagactcatgttt			CASRLMRTSGRADDEQFF	tgtgccagcaggttgatgaggactagcgggagggcagacgatgagcagttcttc	1	0	1	1	1
clonotype5852	UNK_S	1	TRAV39*01	TRAJ33*01			TRBV25-1*01	TRBJ2-5*01	CAVMDSNYQLIW	tgtgccgtcatggatagcaactatcagttaatctgg			CASSELEEREGRYQETQYF	tgtgccagcagtgaattggaggagcgggagggccgttatcaagagacccagtacttc	1	0	1	1	1
clonotype5853	UNK_S	1	TRAV4*01	TRAJ23*01			TRBV11-1*01	TRBJ1-1*01	CLVEIYNQGGKLIF	tgcctcgtggagatttataaccagggaggaaagcttatcttc			CASKRVIGGGQGGAEAFF	tgtgccagcaagagggtcatcggggggggacaggggggcgctgaagctttcttt	1	0	1	1	1
clonotype5854	UNK_S	1	TRAV25*01	TRAJ42*01			TRBV6-1*01	TRBJ2-2*01	CAGRGSQGNLIF	tgtgcagggaggggaagccaaggaaatctcatcttt			CASSFTAGTGRIVGGELFF	tgtgccagcagtttcaccgccgggacagggcgtattgtaggcggggagctgtttttt	1	0	1	1	1
clonotype5855	UNK_S	1	TRAV4*01	TRAJ5*01			TRBV2*01	TRBJ1-5*01	CLVGDSGGRRALTF	tgcctcgtgggtgactcagggggcaggagagcacttactttt			CASSEAGGQLGSDQPQHF	tgtgccagcagtgaagctgggggacagttaggttcggatcagccccagcatttt	1	0	1	1	1
clonotype5856	UNK_S	1	TRAV35*01	TRAJ40*01			TRBV7-3*01	TRBJ1-1*01	CAGRSGTYKYIF	tgtgctgggcggtcaggaacctacaaatacatcttt			CASSLKTGGGDMNTEAFF	tgtgccagcagcttaaaaacgggggggggcgacatgaacactgaagctttcttt	1	0	1	1	1
clonotype5857	UNK_S	1	TRAV1-1*01	TRAJ4*01	TRAV23/DV6*01	TRAJ3*01	TRBV7-2*01	TRBJ1-5*01	CALEDPGGYNKLIF	tgcgctcttgaagaccctggtggctacaataagctgattttt	CALLRGLYSSASKIIF	tgtgctctcttaaggggcctttacagcagtgcttccaagataatcttt	CASSSLQRGHMSNQPQHF	tgtgccagcagctcccttcagagggggcatatgagcaatcagccccagcatttt	2	1	2	2	1
clonotype5858	UNK_S	1	TRAV26-2*01	TRAJ3*01			TRBV7-6*01	TRBJ2-7*01	CILRPYSSASKIIF	tgcatcctgagaccttacagcagtgcttccaagataatcttt			CASSLGYARDRDSREQYF	tgtgccagcagcttaggatatgcgcgggacagagactcaagggagcagtacttc	1	0	1	1	1
clonotype5859	UNK_S	1	TRAV16*01	TRAJ29*01			TRBV5-1*01	TRBJ2-1*01	CALRNSGNTPLVF	tgtgctctaagaaattcaggaaacacacctcttgtcttt			CASSSLAGGKGNSYNEQFF	tgcgccagcagctccctagcgggagggaagggaaactcctacaatgagcagttcttc	1	0	1	1	1
clonotype586	UNK_S	1	TRAV1-1*01	TRAJ26*01			TRBV20-1*01	TRBJ2-7*01	CAVINYGQNFVF	tgcgctgttattaactatggtcagaattttgtcttt			CSASFQGSRVEQYF	tgcagtgctagctttcaagggagtcgcgtcgagcagtacttc	1	0	1	1	1
clonotype5860	UNK_S	1	TRAV25*01	TRAJ35*01			TRBV5-1*01	TRBJ2-1*01	CAGQGFGNVLHC	tgtgcagggcaaggctttgggaatgtgctgcattgc			CASSLMGLAGQGFYNEQFF	tgcgccagcagcttgatgggactagcaggacaagggttctacaatgagcagttcttc	1	0	1	1	1
clonotype5861	UNK_S	1	TRAV22*01	TRAJ33*01			TRBV15*01	TRBJ1-3*01	CAVGGSNYQLIW	tgtgctgtggggggtagcaactatcagttaatctgg			CATSRNPPTGEKARNTIYF	tgtgccaccagcagaaatccgcccacaggggaaaaagctcgaaacaccatatatttt	1	0	1	1	1
clonotype5862	UNK_S	1	TRAV26-2*01	TRAJ38*01			TRBV14*01	TRBJ2-7*01	CILRGAGNNRKLIW	tgcatccttcgcggcgctggcaacaaccgtaagctgatttgg			CASSAQAASTGWNYEQYF	tgtgccagcagcgcccaggcggcttcgacgggatggaactacgagcagtacttc	1	0	1	1	1
clonotype5863	UNK_S	1	TRAV26-1*01	TRAJ12*01			TRBV6-5*01	TRBJ2-6*01	CIVRARMDSSYKLIF	tgcatcgtcagagctcggatggatagcagctataaattgatcttc			CASSYLRVAASSGANVLTF	tgtgccagcagttacctgcgcgtggcagcgtcctctggggccaacgtcctgactttc	1	0	1	1	1
clonotype5864	UNK_S	1	TRAV27*01	TRAJ39*01			TRBV18*01	TRBJ1-1*01	CAGARNAGNMLTF	tgtgcaggagctcggaatgcaggcaacatgctcaccttt			CASSLVVPAVPPGTEAFF	tgtgccagctcactggtggtgccggctgtccctcccggcactgaagctttcttt	1	0	1	1	1
clonotype5865	UNK_S	1	TRAV9-2*01	TRAJ31*01			TRBV18*01	TRBJ2-1*01	CALSHNARLMF	tgtgctctgtcccacaatgccagactcatgttt			CASSPPVGGTSGINEQFF	tgtgccagctcaccaccggttggcgggactagcgggataaatgagcagttcttc	1	0	1	1	1
clonotype5866	UNK_S	1	TRAV2*01	TRAJ16*01			TRBV18*01	TRBJ2-1*01	CAVGDGQKLLF	tgtgctgtgggagatggccagaagctgctcttt			CASSLELAAPKGYNEQFF	tgtgccagctcactcgaactagcggccccgaagggttacaatgagcagttcttc	1	0	1	1	1
clonotype5867	UNK_S	1	TRAV2*01	TRAJ33*01			TRBV24-1*01	TRBJ2-1*01	CAVASNYQLIW	tgtgctgtggcaagcaactatcagttaatctgg			CATSDFQGTTGGDPNEQFF	tgtgccaccagtgactttcaagggacgacagggggtgatcccaatgagcagttcttc	1	0	1	1	1
clonotype5868	UNK_S	1	TRAV35*01	TRAJ53*01			TRBV7-2*01	TRBJ2-1*01	CAGEGGSNYKLTF	tgtgctggtgagggaggtagcaactataaactgacattt			CASSLRVVAGVGYNEQFF	tgtgccagcagcttaagggtagttgcgggagttgggtacaatgagcagttcttc	1	0	1	1	1
clonotype5869	UNK_S	1	TRAV1-2*01	TRAJ11*01			TRBV5-5*01	TRBJ2-5*01	CAVSTYELGYSTLTF	tgtgctgtgagcacctacgaactaggatacagcaccctcaccttt			CASSLTGGLFPGGEETQYF	tgtgccagcagcttaacggggggcctgtttccaggtggggaagagacccagtacttc	1	0	1	1	1
clonotype587	UNK_S	1	TRAV16*01	TRAJ49*01			TRBV10-3*01	TRBJ2-1*01	CALRTGNQFYF	tgtgctctaaggaccggtaaccagttctatttt			CAISERINEQFF	tgtgccatcagtgaacggattaatgagcagttcttc	1	0	1	1	1
clonotype5870	UNK_S	1	TRAV27*01	TRAJ33*01			TRBV5-1*01	TRBJ2-1*01	CAGEVDSNYQLIW	tgtgcaggagaggtggatagcaactatcagttaatctgg			CASSLEGLAGGGSYNEQFF	tgcgccagcagcttggagggactagcgggagggggctcctacaatgagcagttcttc	1	0	1	1	1
clonotype5871	UNK_S	1	TRAV17*01	TRAJ31*01			TRBV11-3*01	TRBJ2-2*01	CATGQNARLMF	tgtgctacgggccaaaatgccagactcatgttt			CASSPHPWGLANTGELFF	tgtgccagcagcccacacccttgggggctagcgaacaccggggagctgtttttt	1	0	1	1	1
clonotype5872	UNK_S	1	TRAV12-1*01	TRAJ11*01			TRBV25-1*01	TRBJ2-1*01	CVVNSGYSTLTF	tgtgtggtgaattcaggatacagcaccctcaccttt			CASSERGATWGKVFGEQFF	tgtgccagcagtgaaaggggtgctacatggggcaaggtttttggtgagcagttcttc	1	0	1	1	1
clonotype5873	UNK_S	1	TRAV25*01	TRAJ13*01			TRBV6-6*01	TRBJ2-2*01	CAGPGSGGYQKVTF	tgtgcagggccgggatctgggggttaccagaaagttaccttt			CASSLQDAVPRIRTGELFF	tgtgccagcagtcttcaggacgcggtccctcggatacggaccggggagctgtttttt	1	0	1	1	1
clonotype5874	UNK_S	1	TRAV35*01	TRAJ40*01			TRBV6-1*01	TRBJ1-5*01	CAGQTTSGTYKYIF	tgtgctgggcagactacctcaggaacctacaaatacatcttt			CASSGGVQGYHYSNQPQHF	tgtgccagcagtggtggggtacagggatatcattatagcaatcagccccagcatttt	1	0	1	1	1
clonotype5875	UNK_S	1	TRAV16*01	TRAJ13*01			TRBV18*01	TRBJ2-1*01	CALSGPSGGYQKVTF	tgtgctctaagtggcccctctgggggttaccagaaagttaccttt			CASSPRSGGSFVQYEQFF	tgtgccagctcaccacgatcgggcgggagcttcgtgcaatatgagcagttcttc	1	0	1	1	1
clonotype5876	UNK_S	1	TRAV21*01	TRAJ41*01	TRAV10*01	TRAJ43*01	TRBV28*01	TRBJ2-6*01	CAVRAGNSGYALNF	tgtgctgtgagggcgggaaattccgggtatgcactcaacttc	CVVSANDMRF	tgtgtggtgagcgcgaatgacatgcgcttt	CASSPRNRDRGSGANVLTF	tgtgccagcagcccccgaaaccgggacaggggctctggggccaacgtcctgactttc	2	1	2	2	1
clonotype5877	UNK_S	1	TRAV26-2*01	TRAJ57*01			TRBV7-9*01	TRBJ2-6*01	CILRPTYQGGSEKLVF	tgcatcctgaggcctacttatcagggcggatctgaaaagctggtcttt			CASSLGRGPVVGANVLTF	tgtgccagcagcttaggtagagggcccgtcgttggggccaacgtcctgactttc	1	0	1	1	1
clonotype5878	UNK_S	1	TRAV13-1*01	TRAJ22*01			TRBV7-6*01	TRBJ2-1*01	CALRGSARQLTF	tgtgcgttaaggggttctgcaaggcaactgaccttt			CASSPAPWTGKGYNEQFF	tgtgccagcagcccagccccctggacaggaaaggggtacaatgagcagttcttc	1	0	1	1	1
clonotype5879	UNK_S	1	TRAV13-1*01	TRAJ26*01			TRBV27*01	TRBJ1-4*01	CAADNYGQNFVF	tgtgcagctgataactatggtcagaattttgtcttt			CASSIVGRGHLATNEKLFF	tgtgccagcagtatagtggggcggggacatcttgcaactaatgaaaaactgtttttt	1	0	1	1	1
clonotype588	UNK_S	1	TRAV13-1*01	TRAJ37*01	TRAV16*01	TRAJ35*01	TRBV25-1*01	TRBJ1-1*01	CAASKRSNTGKLIF	tgtgcagcaagtaagcggagcaacacaggcaaactaatcttt	CALRGFGNVLHC	tgtgctctaagaggctttgggaatgtgctgcattgc	CASSKESLRAFF	tgtgccagcagtaaagagtccctccgagctttcttt	2	1	2	2	1
clonotype5880	UNK_S	1	TRAV8-3*01	TRAJ33*01			TRBV12-4*01	TRBJ2-6*01	CAVGSNYQLIW	tgtgctgtggggagcaactatcagttaatctgg			CASSLAPPLTSGANVLTF	tgtgccagcagtttagccccccctctcacctctggggccaacgtcctgactttc	1	0	1	1	1
clonotype5881	UNK_S	1	TRAV22*01	TRAJ29*01	TRAV19*01	TRAJ37*01	TRBV4-1*01	TRBJ2-1*01	CAVGRNSGNTPLVF	tgtgctgtggggcggaattcaggaaacacacctcttgtcttt	CAPDHGSSNTGKLIF	tgtgctccggaccatggctctagcaacacaggcaaactaatcttt	CASSQDIPGNSGRRYEQFF	tgcgccagcagccaagatatcccgggtaatagcgggaggagatatgagcagttcttc	2	1	2	2	1
clonotype5882	UNK_S	1	TRAV12-1*01	TRAJ9*01			TRBV9*01	TRBJ2-3*01	CVVAAGGFKTIF	tgtgtggtggccgcggggggcttcaaaactatcttt			CASSAPRTSGRASTDTQYF	tgtgccagcagcgctccaaggactagcgggagggcgtccacagatacgcagtatttt	1	0	1	1	1
clonotype5883	UNK_S	1	TRAV13-1*01	TRAJ43*01			TRBV11-3*01	TRBJ2-1*01	CAASIWGNDMRF	tgtgcagcaagtatttggggcaatgacatgcgcttt			CASSPAPASGRGRDEQFF	tgtgccagcagcccagccccggctagcgggagggggcgggatgagcagttcttc	1	0	1	1	1
clonotype5884	UNK_S	1	TRAV13-2*01	TRAJ20*01	TRAV21*01	TRAJ34*01	TRBV19*01	TRBJ2-3*01	CAENPSNDYKLSF	tgtgcagagaatccttctaacgactacaagctcagcttt	CAVRSYNTDKLIF	tgtgctgtgaggtcttataacaccgacaagctcatcttt	CASSRDSRGLAGVTDTQYF	tgtgccagtagtagggatagccggggactagcgggagttacagatacgcagtatttt	2	1	2	2	1
clonotype5885	UNK_S	1	TRAV12-2*01	TRAJ3*01			TRBV19*01	TRBJ2-1*01	CAVNSSASKIIF	tgtgccgtgaacagcagtgcttccaagataatcttt			CASSIVPSGRASSYNEQFF	tgtgccagtagtatagttcctagcgggagggcgagctcctacaatgagcagttcttc	1	0	1	1	1
clonotype5886	UNK_S	1	TRAV1-2*01	TRAJ4*01			TRBV19*01	TRBJ2-6*01	CAVRDRMFSGGYNKLIF	tgtgctgtgagagaccgaatgttttctggtggctacaataagctgattttt			CASSIDGGVLFSGANVLTF	tgtgccagtagtatagatggaggggtactgttctctggggccaacgtcctgactttc	1	0	1	1	1
clonotype5887	UNK_S	1	TRAV2*01	TRAJ9*01			TRBV6-1*01	TRBJ2-4*01	CAVPNTGGFKTIF	tgtgctgttccaaatactggaggcttcaaaactatcttt			CASSEGTSGYEIAKNIQYF	tgtgccagcagtgaagggactagcgggtatgagatagccaaaaacattcagtacttc	1	0	1	1	1
clonotype5888	UNK_S	1	TRAV9-2*01	TRAJ36*01			TRBV7-9*01	TRBJ2-1*01	CALIGTGANNLFF	tgtgctctgattggaactggggcaaacaacctcttcttt			CASSLRGGTSGSYNEQFF	tgtgccagcagcctcagaggcgggactagcggttcctacaatgagcagttcttc	1	0	1	1	1
clonotype5889	UNK_S	1	TRAV8-1*01	TRAJ31*01			TRBV7-8*01	TRBJ2-1*01	CAARSNNARLMF	tgtgccgcgagatctaacaatgccagactcatgttt			CASSMSFGGTSSYNEQFF	tgtgccagcagcatgtcttttgggggcaccagctcctacaatgagcagttcttc	1	0	1	1	1
clonotype589	UNK_S	1	TRAV4*01	TRAJ46*01			TRBV19*01	TRBJ2-1*01	CLASKSSGDKLTF	tgcctcgcgtcgaaaagcagcggagacaagctgactttt			CASSREGGEQFF	tgtgccagttcccgggagggcggtgagcagttcttc	1	0	1	1	1
clonotype5890	UNK_S	1	TRAV17*01	TRAJ23*01			TRBV7-8*01	TRBJ2-2*01	CATGNNQGGKLIF	tgtgctacgggaaataaccagggaggaaagcttatcttc			CASSVNRGLGGRTGELFF	tgtgccagcagtgtcaacagggggcttggcgggagaaccggggagctgtttttt	1	0	1	1	1
clonotype5891	UNK_S	1	TRAV22*01	TRAJ5*01			TRBV7-2*01	TRBJ2-1*01	CAVYSMDTGRRALTF	tgtgctgtctactcaatggacacgggcaggagagcacttactttt			CASSLKSLQGTTYNEQFF	tgtgccagcagcctaaaatctttacaggggacgacctacaatgagcagttcttc	1	0	1	1	1
clonotype5892	UNK_S	1	TRAV13-2*01	TRAJ16*01			TRBV7-2*01	TRBJ2-2*01	CAEKEWGQKLLF	tgtgcagagaaggagtggggccagaagctgctcttt			CASSLAPRPERNAGELFF	tgtgccagcagcttagctcccaggccggagaggaatgccggggagctgtttttt	1	0	1	1	1
clonotype5893	UNK_S	1	TRAV22*01	TRAJ17*01			TRBV7-6*01	TRBJ1-3*01	CAVDRGEAAGNKLTF	tgtgctgtggaccggggggaagctgcaggcaacaagctaactttt			CASSKNRQGRISGNTIYF	tgtgccagcagtaaaaaccgtcagggccgcatctctggaaacaccatatatttt	1	0	1	1	1
clonotype5894	UNK_S	1	TRAV8-3*01	TRAJ27*01			TRBV4-2*01	TRBJ2-1*01	CAVGSNAGKSTF	tgtgctgtggggagcaatgcaggcaaatcaaccttt			CASSPSETSGSQHYNEQFF	tgtgccagcagcccgagcgagactagcgggagccaacactacaatgagcagttcttc	1	0	1	1	1
clonotype5895	UNK_S	1	TRAV12-3*01	TRAJ30*01			TRBV9*01	TRBJ1-4*01	CAPGGDDKIIF	tgtgctccggggggagatgacaagatcatcttt			CASSVGALGQGGINEKLFF	tgtgccagcagcgtaggggcccttggacagggaggtattaatgaaaaactgtttttt	1	0	1	1	1
clonotype5896	UNK_S	1	TRAV34*01	TRAJ20*01			TRBV11-3*01	TRBJ2-1*01	CGAVGPNDYKLSF	tgtggagcagtcggacctaacgactacaagctcagcttt			CASSLELLGNSSYNEQFF	tgtgccagcagcttagaacttttagggaacagctcctacaatgagcagttcttc	1	0	1	1	1
clonotype5897	UNK_S	1	TRAV9-2*01	TRAJ11*01	TRAV9-2*01	TRAJ11*01	TRBV7-7*01	TRBJ2-3*01	CALTWGGYSTLTF	tgtgctctgacctggggaggatacagcaccctcaccttt	CALMGRNSGYSTLTF	tgtgctctgatggggcggaattcaggatacagcaccctcaccttt	CASSTDSTDTQYF	tgtgccagcagcacggacagcacagatacgcagtatttt	2	1	2	2	1
clonotype5898	UNK_S	1	TRAV8-6*01	TRAJ54*01			TRBV14*01	TRBJ2-1*01	CAVSQGAQKLVF	tgtgctgtgagtcagggagcccagaagctggtattt			CASSQDLGRRTPYNEQFF	tgtgccagcagccaagatttagggcggcggaccccctacaatgagcagttcttc	1	0	1	1	1
clonotype5899	UNK_S	1	TRAV35*01	TRAJ53*01			TRBV6-6*01	TRBJ1-4*01	CAGHLIRGGSNYKLTF	tgtgctgggcatctcattcgtggaggtagcaactataaactgacattt			CASSNSGRRGIRQFEKLFF	tgtgccagcagcaactcgggtagaaggggcattcggcaatttgaaaaactgtttttt	1	0	1	1	1
clonotype590	UNK_S	1	TRAV26-1*01	TRAJ52*01			TRBV30*01	TRBJ1-3*01	CIAHGTSYGKLTF	tgcatcgcccatggtactagctatggaaagctgacattt			CAWTQTGNGNTIYF	tgtgcctggacccagacagggaatggaaacaccatatatttt	1	0	1	1	1
clonotype5900	UNK_S	1	TRAV2*01	TRAJ11*01			TRBV28*01	TRBJ2-7*01	CAVEESRGYSTLTF	tgtgctgtggaggaatctcggggatacagcaccctcaccttt			CASSSSKWGQGMGFYEQYF	tgtgccagcagttcgtccaaatggggacaggggatgggtttttacgagcagtacttc	1	0	1	1	1
clonotype5901	UNK_S	1	TRAV8-1*01	TRAJ9*01			TRBV28*01	TRBJ2-6*01	CASMNTGGFKTIF	tgtgcctcgatgaatactggaggcttcaaaactatcttt			CASITLGGQGVSGANVLTF	tgtgccagcatcacactgggaggacagggggtttctggggccaacgtcctgactttc	1	0	1	1	1
clonotype5902	UNK_S	1	TRAV35*01	TRAJ52*01			TRBV7-9*01	TRBJ1-1*01	CAGRRAGGTSYGKLTF	tgtgctgggcgtagagctggtggtactagctatggaaagctgacattt			CASSPDAKQGIRNTEAFF	tgtgccagcagcccagacgcgaagcaggggataaggaacactgaagctttcttt	1	0	1	1	1
clonotype5903	UNK_S	1	TRAV8-6*01	TRAJ48*01			TRBV7-9*01	TRBJ2-2*01	CAVSRFGNEKLTF	tgtgctgtgagtaggtttggaaatgagaaattaaccttt			CASGPGTDSRALSRELFF	tgtgccagcggacccgggacagactcgcgggcgctatcccgggagctgtttttt	1	0	1	1	1
clonotype5904	UNK_S	1	TRAV8-3*01	TRAJ7*01			TRBV7-9*01	TRBJ2-6*01	CAVGGYGNNRLAF	tgtgctgtggggggctatgggaacaacagactcgctttt			CASSSFPGQGSGANVLTF	tgtgccagcagctccttcccgggacaggggtcaggggccaacgtcctgactttc	1	0	1	1	1
clonotype5905	UNK_S	1	TRAV35*01	TRAJ52*01			TRBV7-9*01	TRBJ2-1*01	CAGANAGGTSYGKLTF	tgtgctggggcaaatgctggtggtactagctatggaaagctgacattt			CASSLTSGRLSSYNEQFF	tgtgccagcagcttaaccagcgggaggctgagctcctacaatgagcagttcttc	1	0	1	1	1
clonotype5906	UNK_S	1	TRAV30*01	TRAJ24*01			TRBV7-3*01	TRBJ2-3*01	CGTEPSDSWGKLQF	tgcggcacagagccttctgacagctgggggaaattgcagttt			CASSPKAGLAGGTDTQYF	tgtgccagcagcccgaaagcgggactagcgggaggcacagatacgcagtatttt	1	0	1	1	1
clonotype5907	UNK_S	1	TRAV8-2*01	TRAJ27*01			TRBV7-3*01	TRBJ2-3*01	CVVSEPYAGKSTF	tgtgttgtgagtgagccttatgcaggcaaatcaaccttt			CASSLRGLAGVKTDTQYF	tgtgccagcagcttaagaggactagcgggagtaaaaacagatacgcagtatttt	1	0	1	1	1
clonotype5908	UNK_S	1	TRAV12-1*01	TRAJ13*01			TRBV11-2*01	TRBJ2-1*01	CVVNPTGGYQKVTF	tgtgtggtgaacccgactgggggttaccagaaagttaccttt			CASSLVPSGSVYDNEQFF	tgtgccagcagcttagtccctagcgggagtgtttacgacaatgagcagttcttc	1	0	1	1	1
clonotype5909	UNK_S	1	TRAV12-1*01	TRAJ33*01			TRBV7-2*01	TRBJ1-2*01	CVVNSKNSNYQLIW	tgtgtggtgaacagtaagaatagcaactatcagttaatctgg			CASSLVGPGTPSGRGYTF	tgtgccagcagcttagtagggcccgggacaccatcgggacggggctacaccttc	1	0	1	1	1
clonotype591	UNK_S	1	TRAV39*01	TRAJ52*01	TRAV26-1*01	TRAJ50*01	TRBV20-1*01	TRBJ2-7*01	CAVDRVAGGTSYGKLTF	tgtgccgtggacagagtagctggtggtactagctatggaaagctgacattt	CIVEKTSYDKVIF	tgcatcgtggaaaaaacctcctacgacaaggtgatattt	CSAKGTGGLSEQYF	tgcagtgctaaagggacagggggtttgtccgagcagtacttc	2	1	2	2	1
clonotype5910	UNK_S	1	TRAV8-1*01	TRAJ5*01			TRBV7-2*01	TRBJ2-3*01	CAVTSTGRRALTF	tgtgccgtgacgtccacgggcaggagagcacttactttt			CASSLVTAGGPRADTQYF	tgtgccagcagcttagtaacagcgggagggcctcgggcagatacgcagtatttt	1	0	1	1	1
clonotype5911	UNK_S	1	TRAV13-1*01	TRAJ23*01			TRBV12-4*01	TRBJ2-1*01	CAARSYNQGGKLIF	tgtgcagccagatcctataaccagggaggaaagcttatcttc			CASSLDTSGLAGYNEQFF	tgtgccagcagtttagatacctcgggactagcggggtacaatgagcagttcttc	1	0	1	1	1
clonotype5912	UNK_S	1	TRAV36/DV7*01	TRAJ47*01			TRBV3-1*01	TRBJ2-3*01	CAVLRGYGNKLVF	tgtgctgtacttagagggtatggaaacaagctggtcttt			CASSYYLSLGEKRTDTQYF	tgtgccagcagctattatctctccctgggggaaaaacgaacagatacgcagtatttt	1	0	1	1	1
clonotype5913	UNK_S	1	TRAV14/DV4*01	TRAJ34*01			TRBV6-5*01	TRBJ2-5*01	CAMRVNTDKLIF	tgtgcaatgagggttaacaccgacaagctcatcttt			CASSYRTSGRARLSETQYF	tgtgccagcagttaccggactagcgggagggcccggctttccgagacccagtacttc	1	0	1	1	1
clonotype5914	UNK_S	1	TRAV13-2*01	TRAJ4*01			TRBV18*01	TRBJ1-4*01	CAEPPSGGYNKLIF	tgtgcagagcccccttctggtggctacaataagctgattttt			CASSPQRGPGGVNEKLFF	tgtgccagctcaccacagagggggcctggaggggttaatgaaaaactgtttttt	1	0	1	1	1
clonotype5915	UNK_S	1	TRAV13-2*01	TRAJ52*01			TRBV18*01	TRBJ2-6*01	CAENVGTSYGKLTF	tgtgcagagaatgtcggtactagctatggaaagctgacattt			CASSPARAKNSGANVLTF	tgtgccagctcaccggcacgggccaaaaactctggggccaacgtcctgactttc	1	0	1	1	1
clonotype5916	UNK_S	1	TRAV41*01	TRAJ57*01			TRBV12-3*01	TRBJ1-5*01	CAAIDTQGGSEKLVF	tgtgctgccattgacactcagggcggatctgaaaagctggtcttt			CASSLAGGVRIGNQPQHF	tgtgccagcagtttagccgggggggtcaggattggcaatcagccccagcatttt	1	0	1	1	1
clonotype5917	UNK_S	1	TRAV3*01	TRAJ32*01			TRBV2*01	TRBJ2-2*01	CAVRLGGATNKLIF	tgtgctgtgagactcggtggtgctacaaacaagctcatcttt			CASTEGVLAGVNTGELFF	tgtgccagcaccgaaggtgttctagcgggagtcaacaccggggagctgtttttt	1	0	1	1	1
clonotype5918	UNK_S	1	TRAV41*01	TRAJ52*01			TRBV2*01	TRBJ1-6*01	CAVNAGGTSYGKLTF	tgtgctgtcaatgctggtggtactagctatggaaagctgacattt			CASSEGTWQIAYNSPLHF	tgtgccagcagtgaagggacctggcagatcgcctataattcacccctccacttt	1	0	1	1	1
clonotype5919	UNK_S	1	TRAV13-2*01	TRAJ17*01			TRBV7-2*01	TRBJ2-1*01	CAENRRAAGNKLTF	tgtgcagagaatagacgggctgcaggcaacaagctaactttt			CASSPAGVGLGSYNEQFF	tgtgccagcagcccagcgggagtaggattaggatcctacaatgagcagttcttc	1	0	1	1	1
clonotype592	UNK_S	1	TRAV4*01	TRAJ26*01			TRBV20-1*01	TRBJ2-5*01	CLVAQARGQNFVF	tgcctcgtggcccaggcgaggggtcagaattttgtcttt			CSARGPATQETQYF	tgcagtgctagaggaccggctacccaagagacccagtacttc	1	0	1	1	1
clonotype5920	UNK_S	1	TRAV9-2*01	TRAJ37*01			TRBV7-2*01	TRBJ1-5*01	CALTHGSSNTGKLIF	tgtgctctgactcatggctctagcaacacaggcaaactaatcttt			CASSLERTGGLGNQPQHF	tgtgccagcagcttagaaaggacagggggtctaggcaatcagccccagcatttt	1	0	1	1	1
clonotype5921	UNK_S	1	TRAV8-6*01	TRAJ49*01			TRBV7-2*01	TRBJ2-2*01	CAVTRRGPFHQFYF	tgtgctgtgacccggaggggcccttttcaccagttctatttt			CASSLVNLAGGRTGELFF	tgtgccagcagcttagttaacttggcgggaggtcgtaccggggagctgtttttt	1	0	1	1	1
clonotype5922	UNK_S	1	TRAV21*01	TRAJ28*01	TRAV19*01	TRAJ29*01	TRBV27*01	TRBJ1-5*01	CAVRGGGAGSYQLTF	tgtgctgtcagaggggggggggctgggagttaccaactcactttc	CALSEAVPMHSGNTPLVF	tgtgctctgagtgaggcggtaccgatgcattcaggaaacacacctcttgtcttt	CASSSYPGGVSHSNQPQHF	tgtgccagcagttcttacccgggtggcgtctctcatagcaatcagccccagcatttt	2	1	2	2	1
clonotype5923	UNK_S	1	TRAV10*01	TRAJ43*01			TRBV5-5*01	TRBJ2-2*01	CVVSPYNNNDMRF	tgtgtggtgagcccgtacaataacaatgacatgcgcttt			CASSPRGLAGAAGTGELFF	tgtgccagcagcccaaggggactagcgggagctgcggggaccggggagctgtttttt	1	0	1	1	1
clonotype5924	UNK_S	1	TRAV19*01	TRAJ3*01			TRBV5-1*01	TRBJ2-3*01	CALSFLSSKIIF	tgtgctctgagcttcctgtcctccaagataatcttt			CASSSGQLAGGKGTDTQYF	tgcgccagcagctctggtcaactagcgggggggaagggcacagatacgcagtatttt	1	0	1	1	1
clonotype5925	UNK_S	1	TRAV1-2*01	TRAJ23*01			TRBV3-1*01	TRBJ2-1*01	CAVRDKSQPYYNQGGKLIF	tgtgctgtgagagataagagtcagccttattataaccagggaggaaagcttatcttc			CASSQDARLTSGRDNEQFF	tgtgccagcagccaagacgcccgactgactagcgggagggacaatgagcagttcttc	1	0	1	1	1
clonotype5926	UNK_S	1	TRAV5*01	TRAJ10*01			TRBV3-1*01	TRBJ2-7*01	CAESLTGGGNKLTF	tgtgccgagagcctcacgggaggaggaaacaaactcaccttt			CASSQGGLGGDLRSYEQYF	tgtgccagcagccaagggggactagggggtgacttaagatcctacgagcagtacttc	1	0	1	1	1
clonotype5927	UNK_S	1	TRAV19*01	TRAJ34*01	TRAV27*01	TRAJ33*01	TRBV4-1*01	TRBJ2-1*01	CALSEARNTDKLIF	tgtgctctgagtgaggcgcgaaacaccgacaagctcatcttt	CAAAERDLGDSNYQLIW	tgtgcagcagctgagcgggatctgggggatagcaactatcagttaatctgg	CASSPGPRTSANSYNEQFF	tgcgccagcagcccaggaccccggactagcgctaattcatacaatgagcagttcttc	2	1	2	2	1
clonotype5928	UNK_S	1	TRAV17*01	TRAJ48*01			TRBV15*01	TRBJ2-4*01	CATADLRFGNEKLTF	tgtgctacggccgaccttagatttggaaatgagaaattaaccttt			CATSRDLRGGGRAKNIQYF	tgtgccaccagcagagatctacggggaggtggcagagccaaaaacattcagtacttc	1	0	1	1	1
clonotype5929	UNK_S	1	TRAV21*01	TRAJ38*01			TRBV12-3*01	TRBJ1-5*01	CAVRPLRAGNNRKLIW	tgtgctgtgaggccccttagggctggcaacaaccgtaagctgatttgg			CASSLSTQNGPYNQPQHF	tgtgccagcagtttgtcaacacaaaatgggccttacaatcagccccagcatttt	1	0	1	1	1
clonotype593	UNK_S	1	TRAV26-1*01	TRAJ20*01			TRBV20-1*01	TRBJ2-2*01	CIVRSANDYKLSF	tgcatcgtcagatccgcgaacgactacaagctcagcttt			CSASSTGGNGELFF	tgcagtgctagttcgacagggggcaacggggagctgtttttt	1	0	1	1	1
clonotype5930	UNK_S	1	TRAV20*01	TRAJ13*01			TRBV7-9*01	TRBJ1-2*01	CAVQAGYSGGYQKVTF	tgtgctgtgcaggccgggtattctgggggttaccagaaagttaccttt			CASTPGPPGTGAGYGYTF	tgtgccagcaccccagggccccccgggacaggggctggctatggctacaccttc	1	0	1	1	1
clonotype5931	UNK_S	1	TRAV8-6*01	TRAJ13*01			TRBV7-9*01	TRBJ2-7*01	CAVSEGAGGYQKVTF	tgtgctgtgagtgaaggtgctgggggttaccagaaagttaccttt			CASSLGTDYFPSSYEQYV	tgtgccagcagcctcgggacggactactttccgagttcctacgagcagtacgtc	1	0	1	1	1
clonotype5932	UNK_S	1	TRAV9-2*01	TRAJ42*01			TRBV7-9*01	TRBJ2-1*01	CALSPGYGGSQGNLIF	tgtgctctgagtcccggttatggaggaagccaaggaaatctcatcttt			CASSLASPPVTHYNEQFF	tgtgccagcagcttagctagccctcccgtgacccactacaatgagcagttcttc	1	0	1	1	1
clonotype5933	UNK_S	1	TRAV8-2*01	TRAJ8*01			TRBV7-9*01	TRBJ2-3*01	CVVSDRNTGFQKLVF	tgtgttgtgagtgatcggaacacaggctttcagaaacttgtattt			CASSLVSGSFLRTDTQYF	tgtgccagcagcttagtgagcgggagtttccttcgcacagatacgcagtatttt	1	0	1	1	1
clonotype5934	UNK_S	1	TRAV19*01	TRAJ48*01			TRBV11-2*01	TRBJ2-1*01	CALSEIGNEKLTF	tgtgctctgagtgagattggaaatgagaaattaaccttt			CASSLDPPGSLVYNEQFF	tgtgccagcagcttagatccgccagggtcccttgtctacaatgagcagttcttc	1	0	1	1	1
clonotype5935	UNK_S	1	TRAV14/DV4*01	TRAJ4*01			TRBV7-8*01	TRBJ1-4*01	CAMREGGYNKLIF	tgtgcaatgagagagggtggctacaataagctgattttt			CASRSTREGLTTNEKLFF	tgtgccagcagaagtacccgggagggtttgacaactaatgaaaaactgtttttt	1	0	1	1	1
clonotype5936	UNK_S	1	TRAV12-2*01	TRAJ10*01			TRBV7-2*01	TRBJ2-1*01	CAVKVLTGGGNKLTF	tgtgccgtgaaggtactcacgggaggaggaaacaaactcaccttt			CASSLTPLLAGVYNEQFF	tgtgccagcagcttaacccctctactagcgggagtatacaatgagcagttcttc	1	0	1	1	1
clonotype5937	UNK_S	1	TRAV38-2/DV8*01	TRAJ39*01			TRBV7-6*01	TRBJ2-5*01	CAYKLGRGNMLTF	tgtgcttataagcttgggaggggcaacatgctcaccttt			CASSSLLGQGADQETQYF	tgtgccagcagctcactcctgggacagggggctgaccaagagacccagtacttc	1	0	1	1	1
clonotype5938	UNK_S	1	TRAV38-1*01	TRAJ43*01			TRBV27*01	TRBJ2-7*01	CAFMKYNNNDMRF	tgtgctttcatgaagtacaataacaatgacatgcgcttt			CASMSTSGRPPRSSYEQYV	tgtgccagcatgtctacctcgggtcgaccccccagaagctcctacgagcagtacgtc	1	0	1	1	1
clonotype5939	UNK_S	1	TRAV38-1*01	TRAJ47*01			TRBV5-5*01	TRBJ2-1*01	CAFMAEYGNKLVF	tgtgctttcatggcggaatatggaaacaagctggtcttt			CASTSRGLAGAWTYNEQFF	tgtgccagcacctcccggggactagcgggagcatggacctacaatgagcagttcttc	1	0	1	1	1
clonotype594	UNK_S	1	TRAV1-2*01	TRAJ4*01			TRBV28*01	TRBJ2-3*01	CAVRTGGYNKLIF	tgtgctgtgagaactggtggctacaataagctgattttt			CASSSGKDTQYF	tgtgccagcagttccgggaaagatacgcagtatttt	1	0	1	1	1
clonotype5940	UNK_S	1	TRAV8-6*01	TRAJ53*01			TRBV4-3*01	TRBJ1-6*01	CAVSDSGGSNYKLTF	tgtgctgtgagtgatagtggaggtagcaactataaactgacattt			CASSQDLPQASSYNSPLHF	tgcgccagcagccaagatctcccgcaggcgagctcctataattcacccctccacttt	1	0	1	1	1
clonotype5941	UNK_S	1	TRAV8-6*01	TRAJ37*01			TRBV7-7*01	TRBJ2-1*01	CAVSPFQGNTGKLIF	tgtgctgtgagcccctttcaaggcaacacaggcaaactaatcttt			CASSRQGTGEQFF	tgtgccagcagccgacaggggacgggtgagcagttcttc	1	0	1	1	1
clonotype5942	UNK_S	1	TRAV8-2*01	TRAJ22*01			TRBV19*01	TRBJ1-2*01	CVVSDRGPGSARQLTF	tgtgttgtgagtgatcgagggcctggttctgcaaggcaactgaccttt			CASSKRDPTLRGEDYGYTF	tgtgccagtagtaagagggacccgaccctgagaggcgaagactatggctacaccttc	1	0	1	1	1
clonotype5943	UNK_S	1	TRAV38-2/DV8*01	TRAJ54*01			TRBV6-6*01	TRBJ1-2*01	CAYTLTRGAQKLVF	tgtgcttatacattaacaagaggagcccagaagctggtattt			CASSYSIEVAGQGMGGYTF	tgtgccagcagttactcgatcgaggtcgcgggacaggggatgggtggctacaccttc	1	0	1	1	1
clonotype5945	UNK_S	1	TRAV36/DV7*01	TRAJ53*01			TRBV5-6*01	TRBJ2-3*01	CAVAQGSGGSNYKLTF	tgtgctgtggctcaggggagtggaggtagcaactataaactgacattt			CASSLRGGGFYLGTDTQYF	tgtgccagcagccttcgtgggggcgggttctaccttggcacagatacgcagtatttt	1	0	1	1	1
clonotype5946	UNK_S	1	TRAV14/DV4*01	TRAJ44*01			TRBV5-1*01	TRBJ2-1*01	CAIRLTGTASKLTF	tgtgcaatccgccttaccggcactgccagtaaactcaccttt			CASSEFGLAGRHNYNEQFF	tgcgccagcagcgagtttggactagcgggacgtcacaactacaatgagcagttcttc	1	0	1	1	1
clonotype5947	UNK_S	1	TRAV38-1*01	TRAJ45*01			TRBV5-1*01	TRBJ2-3*01	CAFMRGGGADGLTF	tgtgctttcatgcggggaggaggtgctgacggactcaccttt			CASRGHNIERSPSTDTQYF	tgcgccagcaggggacataatatagaacggagtcctagcacagatacgcagtatttt	1	0	1	1	1
clonotype5948	UNK_S	1	TRAV12-3*01	TRAJ22*01			TRBV14*01	TRBJ2-2*01	CAMSVPSGSARQLTF	tgtgcaatgagcgttccatctggttctgcaaggcaactgaccttt			CASSQDPGLAGVSGELFF	tgtgccagcagccaagacccgggactagcgggagtgagcggggagctgtttttt	1	0	1	1	1
clonotype5949	UNK_S	1	TRAV10*01	TRAJ18*01			TRBV6-2*01	TRBJ2-3*01	CVVISRRGSTLGRLYF	tgtgtggtgatctcacgaagaggctcaaccctggggaggctatacttt			CATSLAGRGSGRSTDTQYF	tgtgccacctccctggccgggaggggtagcgggagatccacagatacgcagtatttt	1	0	1	1	1
clonotype595	UNK_S	1	TRAV26-2*01	TRAJ57*01			TRBV7-8*01	TRBJ1-2*01	CILRRGGSEKLVF	tgcatcctgagacggggcggatctgaaaagctggtcttt			CATWGDYGYTF	tgtgccacgtggggggactatggctacaccttc	1	0	1	1	1
clonotype5950	UNK_S	1	TRAV38-2/DV8*01	TRAJ41*01			TRBV12-5*01	TRBJ2-5*01	CAYRSNSNSGYALNF	tgtgcttataggagcaactcaaattccgggtatgcactcaacttc			CASGLRTGKASAQETQYF	tgtgctagtggtcttaggacagggaaggcatctgcccaagagacccagtacttc	1	0	1	1	1
clonotype5951	UNK_S	1	TRAV17*01	TRAJ52*01			TRBV7-2*01	TRBJ2-1*01	CATPQFNAGGTSYGKLTF	tgtgctacgccccagtttaatgctggtggtactagctatggaaagctgacattt			CASSLDAGLGWRGNEQFF	tgtgccagcagcttggacgcgggtttggggtggaggggcaatgagcagttcttc	1	0	1	1	1
clonotype5952	UNK_S	1	TRAV3*01	TRAJ6*01			TRBV5-1*01	TRBJ2-3*01	CAVRDIGASGGSYIPTF	tgtgctgtgagagacataggggcatcaggaggaagctacatacctacattt			CASSPHKKTDPKGTDTQYF	tgcgccagcagccctcacaagaagacggacccgaagggcacagatacgcagtatttt	1	0	1	1	1
clonotype5953	UNK_S	1	TRAV29/DV5*01	TRAJ27*01			TRBV28*01	TRBJ2-1*01	CAASSNAGKSTF	tgtgcagcaagttctaacgcaggcaaatcaaccttt			CASSFPGLAGEGGYNEQFF	tgtgccagcagtttcccgggactagcgggagagggcggttacaatgagcagttcttc	1	0	1	1	1
clonotype5954	UNK_S	1	TRAV29/DV5*01	TRAJ29*01			TRBV7-3*01	TRBJ2-2*01	CAALSGNTPLVF	tgtgcagcactttcaggaaacacacctcttgtcttt			CASTIYGLAGNGAGELFF	tgtgccagcaccatctatggactagcgggaaatggcgccggggagctgtttttt	1	0	1	1	1
clonotype5955	UNK_S	1	TRAV29/DV5*01	TRAJ54*01			TRBV24-1*01	TRBJ2-2*01	CAAQLQGAQKLVF	tgtgcagcacagcttcagggagcccagaagctggtattt			CATSGGLPRERDRTGELFF	tgtgccaccagcgggggcctgccccgggaacgtgatcgcaccggggagctgtttttt	1	0	1	1	1
clonotype5956	UNK_S	1	TRAV14/DV4*01	TRAJ8*01			TRBV9*01	TRBJ2-1*01	CAMREGERDTGFQKLVF	tgtgcaatgagagagggcgagagggacacaggctttcagaaacttgtattt			CASSVALASGSSLSNEQFF	tgtgccagcagcgtagctctggcgagcgggagttctcttagtaatgagcagttcttc	1	0	1	1	1
clonotype5957	UNK_S	1	TRAV29/DV5*01	TRAJ27*01			TRBV18*01	TRBJ2-2*01	CAASLNTNAGKSTF	tgtgcagcaagcctaaacaccaatgcaggcaaatcaaccttt			CASSPNRFRLLNTGELFF	tgtgccagctcaccaaacaggtttcggctacttaacaccggggagctgtttttt	1	0	1	1	1
clonotype5958	UNK_S	1	TRAV29/DV5*01	TRAJ22*01			TRBV4-3*01	TRBJ1-4*01	CAASGWGSARQLTF	tgtgcagcaagcgggtggggttctgcaaggcaactgaccttt			CASSQDGGVDRVTNEKLFF	tgcgccagcagccaagatgggggcgttgacagggtcactaatgaaaaactgtttttt	1	0	1	1	1
clonotype5959	UNK_S	1	TRAV23/DV6*01	TRAJ20*01			TRBV18*01	TRBJ2-3*01	CAARFGVGYKLSF	tgtgcagcaaggttcggggtcggctacaagctcagcttt			CASSPPKGQKPSTDTQYF	tgtgccagctcaccacctaagggacagaaacctagcacagatacgcagtatttt	1	0	1	1	1
clonotype5960	UNK_S	1	TRAV23/DV6*01	TRAJ49*01			TRBV18*01	TRBJ1-5*01	CAASSNTGNQFYF	tgtgcagcaagctcgaacaccggtaaccagttctatttt			CASSPSPLRVGSNQPQHF	tgtgccagctcaccatcccctttgagggttgggtcaaatcagccccagcatttt	1	0	1	1	1
clonotype5961	UNK_S	1	TRAV29/DV5*01	TRAJ52*01			TRBV7-9*01	TRBJ2-1*01	CAARSSVAGGTSYGKLTF	tgtgcagcaaggagctctgtagctggtggtactagctatggaaagctgacattt			CASSLGLPGRKDYNEQFF	tgtgccagcagcttgggactccctgggagaaaagactacaatgagcagttcttc	1	0	1	1	1
clonotype5962	UNK_S	1	TRAV6*01	TRAJ40*01			TRBV24-1*01	TRBJ2-1*01	CALTSGTYKYIF	tgtgctctgacgtcaggaacctacaaatacatcttt			CATSDPNPTGAGENNEQFF	tgtgccaccagtgacccaaacccgacaggggcaggtgaaaacaatgagcagttcttc	1	0	1	1	1
clonotype5963	UNK_S	1	TRAV6*01	TRAJ17*01			TRBV12-4*01	TRBJ2-5*01	CALDKAAGNKLTF	tgtgctctagacaaagctgcaggcaacaagctaactttt			CASSWGTGLAGGEETQYF	tgtgccagcagttggggtacgggactagcgggaggtgaggagacccagtacttc	1	0	1	1	1
clonotype5964	UNK_S	1	TRAV6*01	TRAJ3*01			TRBV4-1*01	TRBJ1-4*01	CALPYSSASKIIF	tgtgctctcccgtacagcagtgcttccaagataatcttt			CASSQAGPGQGPSREKLFF	tgcgccagcagccaagccggaccgggacaggggcctagtcgggaaaaactgtttttt	1	0	1	1	1
clonotype5973	UNK_S	1	TRAV1-2*01	TRAJ16*01			TRBV28*01	TRBJ2-1*01	CAILDGQKLLF	tgtgcgattctagatggccagaagctgctcttt			CASSFPGGRESSGSYNEQFF	tgtgccagcagttttcccgggggtagggagtcgagcggctcctacaatgagcagttcttc	1	0	1	1	1
clonotype5974	UNK_S	1	TRAV4*01	TRAJ37*01			TRBV7-7*01	TRBJ2-5*01	CLVGDSGKLIF	tgcctcgtgggtgactcaggcaaactaatcttt			CASSLAPGEETQYF	tgtgccagcagcttagctccgggcgaagagacccagtacttc	1	0	1	1	1
clonotype5975	UNK_S	1	TRAV1-2*01	TRAJ33*01			TRBV6-6*01	TRBJ2-2*01	CAVNPESNYQLIW	tgtgctgtgaatccggagagcaactatcagttaatctgg			CASSYLRGGGSGRITGELFF	tgtgccagcagttaccttcgcgggggggggtcaggtcggatcaccggggagctgtttttt	1	0	1	1	1
clonotype5976	UNK_S	1	TRAV1-2*01	TRAJ37*01			TRBV6-6*01	TRBJ2-2*01	CAVKRGNTGKLIF	tgtgctgtgaagagaggcaacacaggcaaactaatcttt			CASSHLPRPAEGGNTGELFF	tgtgccagcagtcacctacctcgacccgcggagggcgggaacaccggggagctgtttttt	1	0	1	1	1
clonotype5977	UNK_S	1	TRAV1-2*01	TRAJ12*01			TRBV4-2*01	TRBJ2-1*01	CAVREDSSYKLIF	tgtgctgtgagggaggatagcagctataaattgatcttc			CASSQDPGTSGSPPDNEQFF	tgtgccagcagccaagacccagggactagcgggagcccgcccgacaatgagcagttcttc	1	0	1	1	1
clonotype5978	UNK_S	1	TRAV12-3*01	TRAJ27*01	TRAV27*01	TRAJ20*01	TRBV7-7*01	TRBJ1-4*01	CAMKGKSTF	tgtgcaatgaaaggcaaatcaaccttt	CAGEHDYKLSF	tgtgcaggagaacacgactacaagctcagcttt	CASSPGVANEKLFF	tgtgccagcagcccaggggtggctaatgaaaaactgtttttt	2	1	2	2	1
clonotype5979	UNK_S	1	TRAV41*01	TRAJ30*01			TRBV6-1*01	TRBJ2-6*01	CAVSYDKIIF	tgtgctgtcagctatgacaagatcatcttt			CASSRRPSGSANSGANVLTF	tgtgccagcagtcgacgccctagtgggtccgctaactctggggccaacgtcctgactttc	1	0	1	1	1
clonotype598	UNK_S	1	TRAV35*01	TRAJ49*01			TRBV9*01	TRBJ2-1*01	CAGRTGNQFYF	tgtgctggccgcaccggtaaccagttctatttt			CASSVERGWPHF	tgtgccagcagcgtagaaaggggatggccccacttc	1	0	1	1	1
clonotype5980	UNK_S	1	TRAV26-2*01	TRAJ8*01			TRBV2*01	TRBJ2-6*01	CILRDGTGFQKLVF	tgcatcctgagagacggcacaggctttcagaaacttgtattt			CASSGGASGRNSGANVLTF	tgtgccagcagtgggggggctagcgggaggaattctggggccaacgtcctgactttc	1	0	1	1	1
clonotype5981	UNK_S	1	TRAV26-2*01	TRAJ48*01			TRBV27*01	TRBJ2-3*01	CIPISNFGNEKLTF	tgcatcccaatatctaactttggaaatgagaaattaaccttt			CASSSPIGGGLAGGIDTQYF	tgtgccagcagttcccccatcggcgggggactagcgggaggtatagatacgcagtatttt	1	0	1	1	1
clonotype5982	UNK_S	1	TRAV26-2*01	TRAJ54*01			TRBV9*01	TRBJ2-3*01	CILRDVGGAQKLVF	tgcatcctgagagacgtcgggggagcccagaagctggtattt			CASSPGALAGFNSSTDTQYF	tgtgccagctcccccggggccctagcgggatttaattctagcacagatacgcagtatttt	1	0	1	1	1
clonotype5983	UNK_S	1	TRAV4*01	TRAJ9*01			TRBV7-7*01	TRBJ2-2*01	CLVGVNTGGFKTIF	tgcctcgtgggcgtaaatactggaggcttcaaaactatcttt			CASSPDRNTGELFF	tgtgccagcagcccagacagaaacaccggggagctgtttttt	1	0	1	1	1
clonotype5984	UNK_S	1	TRAV27*01	TRAJ27*01			TRBV19*01	TRBJ2-1*01	CAGASTNAGKSTF	tgtgcaggagcatccaccaatgcaggcaaatcaaccttt			CASSKNLHRGWDSIYNEQFF	tgtgccagtagcaagaatttgcaccggggttgggacagcatctacaatgagcagttcttc	1	0	1	1	1
clonotype5985	UNK_S	1	TRAV27*01	TRAJ17*01			TRBV7-2*01	TRBJ2-2*01	CAGAIAAGNKLTF	tgtgcaggagcaatagctgcaggcaacaagctaactttt			CASSSAGTSGRVRTGELFF	tgtgccagcagctccgccgggactagcgggagagttcgcaccggggagctgtttttt	1	0	1	1	1
clonotype5986	UNK_S	1	TRAV12-1*01	TRAJ29*01			TRBV12-4*01	TRBJ2-2*01	CVASGNTPLVF	tgtgtggcctcaggaaacacacctcttgtcttt			CASLSVETSGRKNTGELFF	tgtgccagtctcagcgtcgagactagcgggaggaagaacaccggggagctgtttttt	1	0	1	1	1
clonotype5987	UNK_S	1	TRAV4*01	TRAJ30*01			TRBV19*01	TRBJ1-5*01	CLVVSVRVGRDDKIIF	tgcctcgtggtctctgtgcgtgttggcagagatgacaagatcatcttt			CASSIDQGGGQGAFWQPQHF	tgtgccagtagtatagatcaaggagggggacagggggctttttggcagccccagcatttt	1	0	1	1	1
clonotype5988	UNK_S	1	TRAV16*01	TRAJ57*01			TRBV7-3*01	TRBJ2-1*01	CALSLSQGGSEKLVF	tgtgctctaagtctttctcagggcggatctgaaaagctggtcttt			CASSLRGGRGLSSYNEQFF	tgtgccagcagcttaaggggcgggaggggcctgagctcctacaatgagcagttcttc	1	0	1	1	1
clonotype5989	UNK_S	1	TRAV20*01	TRAJ49*01			TRBV7-8*01	TRBJ2-1*01	CAASNTGNQFYF	tgtgctgcctccaacaccggtaaccagttctatttt			CASSSSQLHSVGVSNEQFF	tgtgccagcagctcgtctcaacttcacagcgtgggagtgtcgaatgagcagttcttc	1	0	1	1	1
clonotype599	UNK_S	1	TRAV35*01	TRAJ37*01	TRAV26-1*01	TRAJ33*01	TRBV19*01	TRBJ2-7*01	CAGPSRTGKLIF	tgtgctgggccttcacgaacaggcaaactaatcttt	CIVRVAKDSNYQLIW	tgcatcgtcagagtcgccaaggatagcaactatcagttaatctgg	CASISPSYEQYF	tgtgccagtatatccccctcctacgagcagtacttc	2	1	2	2	1
clonotype5990	UNK_S	1	TRAV39*01	TRAJ44*01			TRBV7-8*01	TRBJ2-7*01	CAVALVGTASKLTF	tgtgccgtggctttagtcggcactgccagtaaactcaccttt			CASSLSPYSNRGGSYEQYV	tgtgccagcagcttatccccctattccaacagaggtgggtcgtacgagcagtacgtc	1	0	1	1	1
clonotype5991	UNK_S	1	TRAV13-1*01	TRAJ22*01			TRBV4-2*01	TRBJ2-2*01	CADSGSARQLTF	tgtgcagactctggttctgcaaggcaactgaccttt			CASSQDIRGRLAVRTGELFF	tgtgccagcagccaagatatcagggggcgactagcggtccgcaccggggagctgtttttt	1	0	1	1	1
clonotype5992	UNK_S	1	TRAV26-1*01	TRAJ37*01			TRBV14*01	TRBJ2-5*01	CIVSRYGSSNTGKLIF	tgcatcgtcagtcgctatggctctagcaacacaggcaaactaatcttt			CASRPDRGLGISELETQYF	tgtgccagcagacctgacaggggattgggcatttcggagttggagacccagtacttc	1	0	1	1	1
clonotype5993	UNK_S	1	TRAV13-1*01	TRAJ4*01			TRBV18*01	TRBJ2-1*01	CAPLSGGYNKLIF	tgtgcgcccctttctggtggctacaataagctgattttt			CASSPRQRLAGGPNNEQFF	tgtgccagctcaccacgtcaacgactagcgggagggccgaacaatgagcagttcttc	1	0	1	1	1
clonotype5994	UNK_S	1	TRAV36/DV7*01	TRAJ26*01			TRBV2*01	TRBJ1-2*01	CAAPRGGQNFVF	tgtgctgcccctcggggtggccagaattttgtcttt			CASSPTAGTGHSANYGYTF	tgtgccagcagccccactgccgggacagggcatagtgcaaactatggctacaccttc	1	0	1	1	1
clonotype5995	UNK_S	1	TRAV36/DV7*01	TRAJ16*01			TRBV7-2*01	TRBJ2-5*01	CASPSDGQKLLF	tgtgcttcgccttcagatggccagaagctgctcttt			CASSLLFSVHLRVLETQYF	tgtgccagcagcttactgtttagcgttcatcttcgggtcttagagacccagtacttc	1	0	1	1	1
clonotype5996	UNK_S	1	TRAV34*01	TRAJ4*01	TRAV9-2*01	TRAJ3*01	TRBV27*01	TRBJ2-2*01	CGSASGGYNKLIF	tgtggatcggcttctggtggctacaataagctgattttt	CALSDRYSSASKIIF	tgtgctctgagtgatcggtacagcagtgcttccaagataatcttt	CASSTRPGSGRALSTGELFF	tgtgccagcagtacacgcccagggagcgggagggccttgagcaccggggagctgtttttt	2	1	2	2	1
clonotype5997	UNK_S	1	TRAV17*01	TRAJ34*01			TRBV4-1*01	TRBJ2-2*01	CATLFTNTDKLIF	tgtgctactctgtttacgaacaccgacaagctcatcttt			CASSQRGIGPGQGNTGELFF	tgcgccagcagccaacggggtataggaccgggacagggaaacaccggggagctgtttttt	1	0	1	1	1
clonotype5998	UNK_S	1	TRAV17*01	TRAJ3*01			TRBV4-1*01	TRBJ2-5*01	CATARSSASKIIF	tgtgctacggcgaggagcagtgcttccaagataatcttt			CASSQALGTSGGLQQETQYF	tgcgccagcagccaagcgctcggtactagcggaggccttcaacaagagacccagtacttc	1	0	1	1	1
clonotype5999	UNK_S	1	TRAV21*01	TRAJ21*01			TRBV14*01	TRBJ1-4*01	CAVTGYNFNKFYF	tgtgctgtgactggatacaacttcaacaaattttacttt			CASSQAPGRGFGDNEKLFF	tgtgccagcagccaagcgccgggacgcggttttggggataatgaaaaactgtttttt	1	0	1	1	1
clonotype6	UNK_S	9	TRAV26-1*01	TRAJ13*01			TRBV6-6*01	TRBJ1-5*01	CIVRGTNSGGYQKVTF	tgcatcgtcagagggacgaattctgggggttaccagaaagttaccttt			CASSRQNSNQPQHF	tgtgccagcagtcgacaaaatagcaatcagccccagcatttt	9	0	9	1	1
clonotype60	UNK_S	2	TRAV1-2*01	TRAJ22*01			TRBV7-9*01	TRBJ1-1*01	CVSSGSARQLTF	tgtgtcagttctggttctgcaaggcaactgaccttt			CASSSEGTAEAFF	tgtgccagcagctcggaggggacggctgaagctttcttt	2	0	2	1	1
clonotype600	UNK_S	1	TRAV27*01	TRAJ48*01			TRBV6-1*01	TRBJ2-2*01	CAGARGNEKLTF	tgtgcaggagcacgaggaaatgagaaattaaccttt			CASRLYTGELFF	tgtgccagccgactgtacaccggggagctgtttttt	1	0	1	1	1
clonotype6000	UNK_S	1	TRAV21*01	TRAJ8*01			TRBV6-2*01	TRBJ2-6*01	CAVRIESGFQKLVF	tgtgctgtgaggatagaatcaggctttcagaaacttgtattt			CASSYFKPGATFSGANVLTF	tgtgccagcagttattttaagcccggggcaaccttctctggggccaacgtcctgactttc	1	0	1	1	1
clonotype6001	UNK_S	1	TRAV17*01	TRAJ6*01	TRAV8-4*01	TRAJ13*01	TRBV6-2*01	TRBJ2-7*01	CATDPAAGGSYIPTF	tgtgctacggaccccgcggcaggaggaagctacatacctacattt	CAVNSGGYQKVTF	tgtgctgtgaattctgggggttaccagaaagttaccttt	CASSSLGGQGALVPAYEQYV	tgtgccagcagctccttgggcggacagggggccctcgtcccagcctacgagcagtacgtc	2	1	2	2	1
clonotype6002	UNK_S	1	TRAV38-1*01	TRAJ31*01	TRAV9-2*01	TRAJ52*01	TRBV2*01	TRBJ2-2*01	CASQEDARLMF	tgtgcttcccaagaggatgccagactcatgttt	CALSGRSNAGGTSYGKLTF	tgtgctctgagtgggaggtctaatgctggtggtactagctatggaaagctgacattt	CASTRGLAGGPTRSGELFF	tgtgccagcacccggggactagcgggagggcctactaggtccggggagctgtttttt	2	1	2	2	1
clonotype6003	UNK_S	1	TRAV8-3*01	TRAJ41*01			TRBV28*01	TRBJ2-1*01	CAVGGRSGYALNF	tgtgctgtgggtggtcgatccgggtatgcactcaacttc			CASSFPPSGVEQSRYNEQFF	tgtgccagcagttttccccctagcggagtggaacaatctcgttacaatgagcagttcttc	1	0	1	1	1
clonotype6004	UNK_S	1	TRAV21*01	TRAJ23*01			TRBV7-9*01	TRBJ1-2*01	CAVLPYNQGGKLIF	tgtgctgtcctaccttataaccagggaggaaagcttatcttc			CASSSSTGVVGSPNYGYTF	tgtgccagcagctcgtcaacaggggtggttggatctcctaactatggctacaccttc	1	0	1	1	1
clonotype6005	UNK_S	1	TRAV8-3*01	TRAJ7*01			TRBV7-2*01	TRBJ1-2*01	CAVGYYGNNRLAF	tgtgctgtgggttattatgggaacaacagactcgctttt			CASGIYDREPLIGNYGYTF	tgtgccagcggtatttatgaccgggaaccgttgattgggaactatggctacaccttc	1	0	1	1	1
clonotype6006	UNK_S	1	TRAV27*01	TRAJ53*01	TRAV12-2*01	TRAJ50*01	TRBV5-6*01	TRBJ2-1*01	CAGRTENSGGSNYKLTF	tgtgcagggcgtactgaaaatagtggaggtagcaactataaactgacattt	CAAGRTSYDKVIF	tgtgccgctggtcggacctcctacgacaaggtgatattt	CASSYLPDRVLLSSYNEQFF	tgtgccagcagctatctaccggacagggtccttttaagctcctacaatgagcagttcttc	2	1	2	2	1
clonotype6007	UNK_S	1	TRAV8-3*01	TRAJ9*01			TRBV5-5*01	TRBJ2-3*01	CAVGYTGGFKTIF	tgtgctgtggggtatactggaggcttcaaaactatcttt			CASSSALGLAGPTSTDTQYF	tgtgccagcagctccgccctaggactagcggggcctactagcacagatacgcagtatttt	1	0	1	1	1
clonotype6008	UNK_S	1	TRAV12-1*01	TRAJ4*01			TRBV5-1*01	TRBJ2-6*01	CVGTFSGGYNKLIF	tgtgtgggaactttttctggtggctacaataagctgattttt			CASSYPARGQGSSGANVLTF	tgcgccagcagctatcccgcgcggggacaggggtcgtctggggccaacgtcctgactttc	1	0	1	1	1
clonotype6009	UNK_S	1	TRAV2*01	TRAJ8*01			TRBV3-1*01	TRBJ2-2*01	CAVVRNTGFQKLVF	tgtgctgtggtcaggaacacaggctttcagaaacttgtattt			CASSQDLQLLAGVNTGELFF	tgtgccagcagccaagatctccaactcttagcgggggttaacaccggggagctgtttttt	1	0	1	1	1
clonotype601	UNK_S	1	TRAV25*01	TRAJ40*01			TRBV6-1*01	TRBJ1-1*01	CAPTSGTYKYIF	tgtgcacctacctcaggaacctacaaatacatcttt			CAIGGTGTEAFF	tgtgccatcgggggaacagggacggaagctttcttt	1	0	1	1	1
clonotype6010	UNK_S	1	TRAV1-2*01	TRAJ42*01			TRBV4-3*01	TRBJ2-1*01	CAVRDLAGYGGSQGNLIF	tgtgctgtgagagatctagcgggatatggaggaagccaaggaaatctcatcttt			CASSQDAPLVGGGVGNEQFF	tgcgccagcagccaagacgctcccttggttggggggggagttggcaatgagcagttcttc	1	0	1	1	1
clonotype6011	UNK_S	1	TRAV22*01	TRAJ28*01			TRBV7-7*01	TRBJ2-3*01	CAGRSYSGAGSYQLTF	tgtgctggacggtcatactctggggctgggagttaccaactcactttc			CASSFGGPTDTQYF	tgtgccagcagcttcgggggccccacagatacgcagtatttt	1	0	1	1	1
clonotype6012	UNK_S	1	TRAV38-1*01	TRAJ12*01			TRBV18*01	TRBJ2-2*01	CAFKSKSYKLIF	tgtgctttcaaaagtaaaagctataaattgatcttc			CASSPQGLAGTSNTGELFF	tgtgccagctcaccccagggactagcgggaacctcgaacaccggggagctgtttttt	1	0	1	1	1
clonotype6013	UNK_S	1	TRAV19*01	TRAJ26*01			TRBV12-5*01	TRBJ2-3*01	CALYNYGQNFVF	tgtgctctttataactatggtcagaattttgtcttt			CASGPGTGNIAVSTDTQYF	tgtgctagtggtcccgggacagggaatatagcggtcagcacagatacgcagtatttt	1	0	1	1	1
clonotype6014	UNK_S	1	TRAV14/DV4*01	TRAJ23*01			TRBV5-8*01	TRBJ1-1*01	CAMRGEGGKLIF	tgtgcaatgaggggcgaggggggaaagcttatcttc			CASSPRDRVFGVAEGTEAFF	tgtgccagcagcccccgggacagggtttttggcgttgccgaaggcactgaagctttcttt	1	0	1	1	1
clonotype6015	UNK_S	1	TRAV20*01	TRAJ4*01			TRBV7-9*01	TRBJ2-1*01	CAVQARPGGYNKLIF	tgtgctgtgcaggctcgacctggtggctacaataagctgattttt			CASSLVGGRAPVSYNEQFF	tgtgccagcagcttagtcggcgggagggcccccgtctcctacaatgagcagttcttc	1	0	1	1	1
clonotype6016	UNK_S	1	TRAV14/DV4*01	TRAJ9*01			TRBV11-2*01	TRBJ2-1*01	CAMRGGGFKTIF	tgtgcaatgaggggtggaggcttcaaaactatcttt			CASSLLKLAGGFSTNEQFF	tgtgccagcagcctcctcaaactagcgggaggcttttctaccaatgagcagttcttc	1	0	1	1	1
clonotype6017	UNK_S	1	TRAV12-2*01	TRAJ10*01			TRBV7-6*01	TRBJ2-5*01	CAVKVTGGGNKLTF	tgtgccgtgaaagtcacgggaggaggaaacaaactcaccttt			CASSRAPGQNLGGQETQYF	tgtgccagcagccgagctccgggacagaacctcgggggccaagagacccagtacttc	1	0	1	1	1
clonotype6018	UNK_S	1	TRAV12-3*01	TRAJ24*01			TRBV27*01	TRBJ2-7*01	CAMTTDSWGKLQF	tgtgcaatgacaactgacagctgggggaaattgcagttt			CASSPGTGEGPFRFFHEQYF	tgtgccagcagtcctgggacaggggaaggcccgttccgtttctttcacgagcagtacttc	1	0	1	1	1
clonotype6019	UNK_S	1	TRAV8-4*01	TRAJ4*01			TRBV6-1*01	TRBJ2-5*01	CAVSAFSGGYNKLIF	tgtgctgtgagtgctttttctggtggctacaataagctgattttt			CASSERRLAGGPGYQETQYF	tgtgccagcagtgaacgtcgactagcgggagggccggggtaccaagagacccagtacttc	1	0	1	1	1
clonotype602	UNK_S	1	TRAV1-2*01	TRAJ23*01			TRBV6-2*01	TRBJ2-7*01	CAVRYHNQGGKLIF	tgtgctgtgcggtaccataaccagggaggaaagcttatcttc			CASSSDGYEQYF	tgtgccagcagttcggacggctacgagcagtacttc	1	0	1	1	1
clonotype6020	UNK_S	1	TRAV3*01	TRAJ22*01	TRAV8-3*01	TRAJ37*01	TRBV11-2*01	TRBJ2-3*01	CAVRGFSGSARQLTF	tgtgctgtgagaggcttttctggttctgcaaggcaactgaccttt	CAVGAGSSNTGKLIF	tgtgctgtgggtgcggggtctagcaacacaggcaaactaatcttt	CASSPPGGGSGRGTDTQYF	tgtgccagcagcccaccgggaggggggagcgggagggggacagatacgcagtatttt	2	1	2	2	1
clonotype6021	UNK_S	1	TRAV3*01	TRAJ3*01			TRBV10-2*01	TRBJ2-5*01	CAVNGAESSASKIIF	tgtgctgtgaacggggctgaaagcagtgcttccaagataatcttt			CASLGKSGNFIARGQETQYF	tgcgccagccttgggaaatcgggaaactttatagcgcgggggcaagagacccagtacttc	1	0	1	1	1
clonotype6022	UNK_S	1	TRAV8-2*01	TRAJ44*01			TRBV4-2*01	TRBJ2-1*01	CVVSPRTGTASKLTF	tgtgttgtgagtcctcggaccggcactgccagtaaactcaccttt			CASSQDPLAGVTYLDNEQFF	tgtgccagcagccaagatccgctagcgggagtgacctacttggacaatgagcagttcttc	1	0	1	1	1
clonotype6023	UNK_S	1	TRAV12-3*01	TRAJ58*01			TRBV7-7*01	TRBJ2-2*01	CAMSGETSGSRLTF	tgtgcaatgagcggggaaaccagtggctctaggttgaccttt			CASSRSSNTGELFF	tgtgccagcagccgtagttcgaacaccggggagctgtttttt	1	0	1	1	1
clonotype6024	UNK_S	1	TRAV10*01	TRAJ3*01			TRBV14*01	TRBJ2-4*01	CVVRSGSSASKIIF	tgtgtggtgaggtcggggagcagtgcttccaagataatcttt			CASSQDMSGGSLAKNIQYF	tgtgccagcagccaagatatgagcggggggtccctagccaaaaacattcagtacttc	1	0	1	1	1
clonotype6025	UNK_S	1	TRAV38-1*01	TRAJ56*01	TRAV41*01	TRAJ53*01	TRBV19*01	TRBJ2-1*01	CAFMKKTGANSKLTF	tgtgctttcatgaagaagactggagccaatagtaagctgacattt	CAVRSRNSGGSNYKLTF	tgtgctgtcagatcccggaatagtggaggtagcaactataaactgacattt	CASSIGVWRQGLAGVNEQFF	tgtgccagtagtataggggtctggcgtcagggactagcgggagtcaatgagcagttcttc	2	1	2	2	1
clonotype6026	UNK_S	1	TRAV8-3*01	TRAJ42*01			TRBV12-4*01	TRBJ2-1*01	CAVGARYGGSQGNLIF	tgtgctgtgggtgcgagatatggaggaagccaaggaaatctcatcttt			CASSLGVAGGSSSYNEQFF	tgtgccagcagtttaggggtagcgggagggtcgagctcctacaatgagcagttcttc	1	0	1	1	1
clonotype6027	UNK_S	1	TRAV38-2/DV8*01	TRAJ52*01			TRBV7-9*01	TRBJ1-3*01	CVSTGGTSYGKLTF	tgtgtatcgactggtggtactagctatggaaagctgacattt			CASSTTQGGDRPPFDTIYF	tgtgccagcagcacgacccaggggggggacagaccgccttttgacaccatatatttt	1	0	1	1	1
clonotype6028	UNK_S	1	TRAV12-2*01	TRAJ7*01	TRAV3*01	TRAJ40*01	TRBV11-2*01	TRBJ2-3*01	CAVNMSGDFFGGNNRLAF	tgtgccgtgaacatgtcgggtgatttttttggtgggaacaacagactcgctttt	CAVRDMNTSGTYKYIF	tgtgctgtgagagacatgaatacctcaggaacctacaaatacatcttt	CASSLGQGLAGGLTDTQYF	tgtgccagcagcttaggccagggactagcgggaggcctcacagatacgcagtatttt	2	1	2	2	1
clonotype6029	UNK_S	1	TRAV38-1*01	TRAJ53*01			TRBV27*01	TRBJ1-1*01	CAFMKGGSNYKLTF	tgtgctttcatgaagggaggtagcaactataaactgacattt			CASSLYGTLRAVTTNTEAFF	tgtgccagcagtttatatggcactttgcgggctgtcacaacgaacactgaagctttcttt	1	0	1	1	1
clonotype6030	UNK_S	1	TRAV14/DV4*01	TRAJ13*01			TRBV5-1*01	TRBJ2-1*01	CAMKNSGGYQKVTF	tgtgcaatgaagaattctgggggttaccagaaagttaccttt			CASSILGLAGGPSSYNEQFF	tgcgccagcagcatcctaggactagcgggaggcccgagctcctacaatgagcagttcttc	1	0	1	1	1
clonotype6031	UNK_S	1	TRAV8-3*01	TRAJ29*01			TRBV12-4*01	TRBJ2-1*01	CAVGSLGYSGNTPLVF	tgtgctgtgggctccctgggctattcaggaaacacacctcttgtcttt			CASSPDPGTSGSLSDEQFF	tgtgccagcagtccagatccggggactagcgggagtttaagcgatgagcagttcttc	1	0	1	1	1
clonotype6032	UNK_S	1	TRAV21*01	TRAJ52*01			TRBV4-2*01	TRBJ2-3*01	CAVRPEAGGTSYGKLTF	tgtgctgtgaggcctgaagctggtggtactagctatggaaagctgacattt			CASSQALASGSLSSTDTQYF	tgtgccagcagccaggctctcgctagcgggagcctttctagcacagatacgcagtatttt	2	0	2	1	1
clonotype6033	UNK_S	1	TRAV12-2*01	TRAJ18*01			TRBV10-3*01	TRBJ2-7*01	CAVIPRGRGSTLGRLYF	tgtgccgtgatccccaggggcagaggctcaaccctggggaggctatacttt			CAISEFGGHNAGSSSYEQYF	tgtgccatcagtgagtttgggggtcataacgcagggtccagctcctacgagcagtacttc	1	0	1	1	1
clonotype6034	UNK_S	1	TRAV14/DV4*01	TRAJ28*01			TRBV7-9*01	TRBJ2-6*01	CAMRSAGAGSYQLTF	tgtgcaatgagatcagctggggctgggagttaccaactcactttc			CASSSRGGGFFSGANVLTF	tgtgccagcagttcaagggggggagggtttttttctggggccaacgtcctgactttc	1	0	1	1	1
clonotype6035	UNK_S	1	TRAV12-3*01	TRAJ44*01			TRBV27*01	TRBJ1-6*01	CAMSLPFTGTASKLTF	tgtgcaatgagcctaccctttaccggcactgccagtaaactcaccttt			CASSPYRADRGLGYNSPLHF	tgtgccagcagtccataccgcgcggacagggggctcggatataattcacccctccacttt	1	0	1	1	1
clonotype6036	UNK_S	1	TRAV29/DV5*01	TRAJ47*01			TRBV3-1*01	TRBJ2-5*01	CAASNGNKLVF	tgtgcagcatcaaatggaaacaagctggtcttt			CASSQGVTGTSGRNGETQYF	tgtgccagcagccaaggcgtaaccgggactagcgggaggaatggggagacccagtacttc	1	0	1	1	1
clonotype6037	UNK_S	1	TRAV19*01	TRAJ44*01			TRBV7-6*01	TRBJ1-5*01	CALSEAYTGTASKLTF	tgtgctctgagtgaggcctataccggcactgccagtaaactcaccttt			CASSLETGTGVYSNQPQHF	tgtgccagcagcttggagaccgggacaggggtctatagcaatcagccccagcatttt	1	0	1	1	1
clonotype6038	UNK_S	1	TRAV14/DV4*01	TRAJ15*01			TRBV7-3*01	TRBJ2-1*01	CAMREGPQGRAGTALIF	tgtgcaatgagagagggccctcaagggcgggcaggaactgctctgatcttt			CASSLRGLAGGFNYNEQFF	tgtgccagcagcttacgtggactagcgggagggtttaactacaatgagcagttcttc	1	0	1	1	1
clonotype6039	UNK_S	1	TRAV29/DV5*01	TRAJ8*01			TRBV2*01	TRBJ2-1*01	CAASLMNTGFQKLVF	tgtgcagcaagccttatgaacacaggctttcagaaacttgtattt			CASSDTTSGRTTSYNEQFF	tgtgccagcagtgacacgactagcgggaggacaacatcgtacaatgagcagttcttc	1	0	1	1	1
clonotype604	UNK_S	1	TRAV25*01	TRAJ40*01			TRBV30*01	TRBJ1-1*01	CAGLSGTYKYIF	tgtgcagggctctcaggaacctacaaatacatcttt			CAWSVSATNTEAFF	tgtgcctggagtgtcagtgctacgaacactgaagctttcttt	1	0	1	1	1
clonotype6044	UNK_S	1	TRAV1-2*01	TRAJ16*01			TRBV12-4*01	TRBJ1-5*01	CAVRDGQKLLF	tgtgctgtgagagatggccagaagctgctcttt			CASSPGWGGGSDHSNQPQHF	tgtgccagcagtccaggttgggggggggggagtgaccatagcaatcagccccagcatttt	1	0	1	1	1
clonotype6045	UNK_S	1	TRAV26-1*01	TRAJ20*01			TRBV7-7*01	TRBJ2-5*01	CIVRGPNDYKLSF	tgcatcgtcaggggtcctaacgactacaagctcagcttt			CASSYQGIGQETQYF	tgtgccagcagctatcagggtataggtcaagagacccagtacttc	1	0	1	1	1
clonotype6046	UNK_S	1	TRAV17*01	TRAJ26*01	TRAV9-2*01	TRAJ29*01	TRBV11-2*01	TRBJ2-7*01	CATDGGQNFVF	tgtgctacggacggcggtcagaattttgtcttt	CALREAGGGNTPLVF	tgtgctctgagagaggccgggggaggaaacacacctcttgtcttt	CASTIRSVPSGRFFSYEQYF	tgtgccagcaccataagatctgtccctagcgggagatttttttcctacgagcagtacttc	2	1	2	2	1
clonotype6047	UNK_S	1	TRAV26-1*01	TRAJ12*01			TRBV7-2*01	TRBJ2-3*01	CIVRVARDSSYKLIF	tgcatcgtcagagtcgcgagggatagcagctataaattgatcttc			CASSYPRTARSGRNTDTQYF	tgtgccagcagctatcctaggacagcgaggagcgggagaaacacagatacgcagtatttt	1	0	1	1	1
clonotype6048	UNK_S	1	TRAV12-2*01	TRAJ49*01			TRBV30*01	TRBJ2-5*01	CALGTGNQFYF	tgtgcccttggaaccggtaaccagttctatttt			CAWWTGRGQGTSGRPAGVKTQYF	tgtgcctggtggaccggaagggggcaggggactagcgggaggcctgccggcgttaagacccagtacttc	1	0	1	1	1
clonotype6049	UNK_S	1	TRAV26-2*01	TRAJ41*01			TRBV7-2*01	TRBJ2-6*01	CILRASNSNSGYALNF	tgcatcctgagagcctcgaactcaaattccgggtatgcactcaacttc			CASSLGLRAGGGPGANVLTF	tgtgccagcagcctaggactgagggcgggaggaggacctggggccaacgtcctgactttc	1	0	1	1	1
clonotype605	UNK_S	1	TRAV26-1*01	TRAJ37*01	TRAV8-6*01	TRAJ36*01	TRBV30*01	TRBJ1-6*01	CIVRVASNTGKLIF	tgcatcgtcagagttgctagcaacacaggcaaactaatcttt	CAVSEMRTGANNLFF	tgtgctgtgagtgaaatgaggactggggcaaacaacctcttcttt	CAWRQTGKNSPLHF	tgtgcctggaggcaaacggggaaaaattcacccctccacttt	2	1	2	2	1
clonotype6050	UNK_S	1	TRAV13-1*01	TRAJ49*01			TRBV7-2*01	TRBJ2-5*01	CAARKTGNQFYF	tgtgcagcaagaaaaaccggtaaccagttctatttt			CASSLARTSGTSNRRETQYF	tgtgccagcagcttagcgaggactagcgggacctctaaccgacgggagacccagtacttc	1	0	1	1	1
clonotype6051	UNK_S	1	TRAV35*01	TRAJ36*01			TRBV4-1*01	TRBJ2-1*01	CAGTDQTGANNLFF	tgtgctgggactgatcaaactggggcaaacaacctcttcttt			CASRSSRGQLRGGGSYNEQFF	tgcgccagcaggtcctcccggggacagctgcgggggggaggctcctacaatgagcagttcttc	1	0	1	1	1
clonotype6052	UNK_S	1	TRAV17*01	TRAJ41*01			TRBV25-1*01	TRBJ1-2*01	CATAGNSGYALNF	tgtgctacggccggaaattccgggtatgcactcaacttc			CASSERRAGTLTRGGFYGYTF	tgtgccagcagtgaaaggagggcagggacccttacccggggggggttctatggctacaccttc	1	0	1	1	1
clonotype6053	UNK_S	1	TRAV12-1*01	TRAJ38*01	TRAV23/DV6*01	TRAJ44*01	TRBV7-8*01	TRBJ2-1*01	CVRNAGNNRKLIW	tgtgtcagaaatgctggcaacaaccgtaagctgatttgg	CAASKYTGTASKLTF	tgtgcagcaagcaagtataccggcactgccagtaaactcaccttt	CASSYAGLAGGTRSYNEQFF	tgtgccagcagctacgcgggtctggcgggagggactagatcctacaatgagcagttcttc	2	1	2	2	1
clonotype6054	UNK_S	1	TRAV20*01	TRAJ8*01			TRBV12-4*01	TRBJ2-1*01	CAVQGGGFQKLVF	tgtgctgtgcaggggggaggctttcagaaacttgtattt			CASKKPRQGISNSSYNEQFF	tgtgccagcaagaaaccccgacagggaatttcgaacagctcctacaatgagcagttcttc	1	0	1	1	1
clonotype6056	UNK_S	1	TRAV27*01	TRAJ12*01			TRBV9*01	TRBJ2-2*01	CAGLDGRDSSYKLIF	tgtgcaggactcgatggccgggatagcagctataaattgatcttc			CASSVTTPSGRGDLYTGELFF	tgtgccagcagcgtaaccacacccagcgggagaggggacctttacaccggggagctgtttttt	1	0	1	1	1
clonotype6057	UNK_S	1	TRAV25*01	TRAJ42*01			TRBV7-7*01	TRBJ2-5*01	CAGSRHGGSQGNLIF	tgtgcagggagtcgacatggaggaagccaaggaaatctcatcttt			CASSSDRGRGETQYF	tgtgccagcagctccgacagggggcgcggggagacccagtacttc	1	0	1	1	1
clonotype6058	UNK_S	1	TRAV12-2*01	TRAJ5*01			TRBV2*01	TRBJ2-2*01	CAVRGTGRRALTF	tgtgccgtgaggggcacgggcaggagagcacttactttt			CASSEIEGGPESWNTGELFF	tgtgccagcagtgaaattgaaggcgggcccgagtcgtggaacaccggggagctgtttttt	1	0	1	1	1
clonotype6059	UNK_S	1	TRAV12-1*01	TRAJ40*01	TRAV14/DV4*01	TRAJ9*01	TRBV7-2*01	TRBJ2-5*01	CVGRRTSGTYKYIF	tgtgtggggcgtcgtacctcaggaacctacaaatacatcttt	CAMREGWNTGGFKTIF	tgtgcaatgagagagggctggaatactggaggcttcaaaactatcttt	CASSLPGGTARSPQQETQYF	tgtgccagcagcttacctgggggaactgcgaggtcccctcaacaagagacccagtacttc	2	1	2	2	1
clonotype606	UNK_S	1	TRAV22*01	TRAJ20*01			TRBV30*01	TRBJ1-2*01	CAVGPYDYKLSF	tgtgctgtgggaccgtacgactacaagctcagcttt			CAWSGEGGNYGYTF	tgtgcctggagtggtgaaggggggaactatggctacaccttc	1	0	1	1	1
clonotype6060	UNK_S	1	TRAV9-2*01	TRAJ31*01			TRBV7-7*01	TRBJ2-1*01	CALRRGNNNARLMF	tgtgctctgaggcgggggaataacaatgccagactcatgttt			CASSTSGQGAHEQFF	tgtgccagcagcacctcgggacagggggcccatgagcagttcttc	1	0	1	1	1
clonotype6061	UNK_S	1	TRAV8-2*01	TRAJ49*01			TRBV7-7*01	TRBJ2-5*01	CVVSLNTGNQFYF	tgtgttgtgagtcttaacaccggtaaccagttctatttt			CASSQADFRGETQYF	tgtgccagcagccaagcggattttaggggagagacccagtacttc	1	0	1	1	1
clonotype6062	UNK_S	1	TRAV17*01	TRAJ52*01			TRBV7-7*01	TRBJ2-1*01	CATAGGTSYGKLTF	tgtgctacggcgggtggtactagctatggaaagctgacattt			CASSPSSAAGNEQFF	tgtgccagcagcccttcgtcagcggctggcaatgagcagttcttc	1	0	1	1	1
clonotype6063	UNK_S	1	TRAV12-3*01	TRAJ23*01			TRBV7-6*01	TRBJ2-1*01	CAICYNQGGKLIF	tgtgcaatctgctataaccagggaggaaagcttatcttc			CASSSRAGTSGSTGYNEQFF	tgtgccagcagctctagggccgggactagcgggagtacggggtacaatgagcagttcttc	1	0	1	1	1
clonotype6064	UNK_S	1	TRAV12-3*01	TRAJ9*01			TRBV3-1*01	TRBJ2-3*01	CAIRNTGGFKTIF	tgtgcaatccgaaatactggaggcttcaaaactatcttt			CASSQVGTSGSQSSSTDTQYF	tgtgccagcagccaagtggggactagcgggagtcaatctagtagcacagatacgcagtatttt	1	0	1	1	1
clonotype6065	UNK_S	1	TRAV10*01	TRAJ36*01			TRBV9*01	TRBJ2-3*01	CVVSQTGANNLFF	tgtgtggtgagccaaactggggcaaacaacctcttcttt			CASSPRGVAGGNIKSTDTQYF	tgtgccagcagcccaagaggggtggcgggagggaatataaaaagcacagatacgcagtatttt	1	0	1	1	1
clonotype6066	UNK_S	1	TRAV38-1*01	TRAJ48*01			TRBV15*01	TRBJ2-3*01	CAFGFGNEKLTF	tgtgctttcggctttggaaatgagaaattaaccttt			CATSPPNWREMGDRHTDTQYF	tgtgccaccagcccgcccaactggcgggagatgggagacagacacacagatacgcagtatttt	1	0	1	1	1
clonotype6067	UNK_S	1	TRAV12-3*01	TRAJ6*01			TRBV6-2*01	TRBJ2-1*01	CAMRTAGGSYIPTF	tgtgcaatgagaacggcaggaggaagctacatacctacattt			CASSYSRAGVVASGNMDEQFF	tgtgccagcagttactcccgggccggggtcgtggctagcgggaatatggatgagcagttcttc	1	0	1	1	1
clonotype6068	UNK_S	1	TRAV10*01	TRAJ4*01			TRBV5-6*01	TRBJ2-2*01	CVVRFSGGYNKLIF	tgtgtggtgaggttttctggtggctacaataagctgattttt			CASSLGRTGTSGRASAGELFF	tgtgccagcagcttgggcagaacggggactagcgggagggcatcggccggggagctgtttttt	1	0	1	1	1
clonotype6069	UNK_S	1	TRAV8-4*01	TRAJ13*01			TRBV7-7*01	TRBJ2-2*01	CAVTTNSGGYQKVTF	tgtgctgtgactacgaattctgggggttaccagaaagttaccttt			CASREGTTNTGELFF	tgtgccagcagagaagggactacaaacaccggggagctgtttttt	1	0	1	1	1
clonotype607	UNK_S	1	TRAV26-2*01	TRAJ39*01			TRBV29-1*01	TRBJ2-1*01	CILRDNNAGNMLTF	tgcatcctgagagacaataatgcaggcaacatgctcaccttt			CSGGRRGLYNEQFF	tgcagcgggggaaggcggggactttacaatgagcagttcttc	1	0	1	1	1
clonotype6070	UNK_S	1	TRAV3*01	TRAJ18*01	TRAV23/DV6*01	TRAJ3*01	TRBV7-7*01	TRBJ2-3*01	CAVTGGRGSTLGRLYF	tgtgctgtgaccgggggtagaggctcaaccctggggaggctatacttt	CAASTTQGLSSASKIIF	tgtgcagcaagcacgacccagggcctcagcagtgcttccaagataatcttt	CASSLGQGAADTQYF	tgtgccagcagcttgggacagggggctgcagatacgcagtatttt	2	1	2	2	1
clonotype6071	UNK_S	1	TRAV23/DV6*01	TRAJ47*01			TRBV12-3*01	TRBJ2-7*01	CAASYLWGGNKLVF	tgtgcagcaagctacctctggggtggaaacaagctggtcttt			CASSSPQEGGNSLPLYEQYF	tgtgccagcagttcccctcaggaagggggcaactccttacccctttacgagcagtacttc	1	0	1	1	1
clonotype6072	UNK_S	1	TRAV6*01	TRAJ6*01			TRBV7-7*01	TRBJ2-5*01	CALPSSGGSYIPTF	tgtgctctgccctcatcaggaggaagctacatacctacattt			CASSLGLGLGETQYF	tgtgccagcagcttaggtttgggtctaggggagacccagtacttc	1	0	1	1	1
clonotype6075	UNK_S	1	TRAV21*01	TRAJ20*01			TRBV19*01	TRBJ2-2*01	CAVRNDYKLSF	tgtgctgtgaggaacgactacaagctcagcttt			CASSSLGLAGGQRLTNTGELFF	tgtgccagtagtagtctgggactagcgggaggtcaacgtcttacgaacaccggggagctgtttttt	1	0	1	1	1
clonotype6076	UNK_S	1	TRAV26-1*01	TRAJ49*01	TRAV29/DV5*01	TRAJ36*01	TRBV27*01	TRBJ2-1*01	CIVRVAKDTGNQFYF	tgcatcgtcagagtcgcaaaggacaccggtaaccagttctatttt	CAASYTGANNLFF	tgtgcagcaagctatactggggcaaacaacctcttcttt	CASSGGLWGLAVPTGSYNEQFF	tgtgccagcagcgggggtctctggggactagcggttccgaccggctcctacaatgagcagttcttc	2	1	2	2	1
clonotype6077	UNK_S	1	TRAV21*01	TRAJ13*01	TRAV20*01	TRAJ33*01	TRBV4-1*01	TRBJ2-2*01	CAVPRVNSGGYQKVTF	tgtgctgtgcctcgagttaattctgggggttaccagaaagttaccttt	CAPEGNYQLIW	tgtgctcccgaaggaaactatcagttaatctgg	CASSQVQSPPPFLTGNTGELFF	tgcgccagcagccaagtacaaagcccgccacccttccttacagggaacaccggggagctgtttttt	2	1	2	2	1
clonotype6078	UNK_S	1	TRAV1-1*01	TRAJ29*01			TRBV7-7*01	TRBJ2-2*01	CAVRDLGSGNTPLVF	tgcgctgtgagagatctcggttcaggaaacacacctcttgtcttt			CASSLVTRELTGELFF	tgtgccagcagcttagtgactcgggagttgaccggggagctgtttttt	1	0	1	1	1
clonotype6079	UNK_S	1	TRAV13-1*01	TRAJ9*01			TRBV13*01	TRBJ2-2*01	CAAGTGGFKTIF	tgtgcagcaggtactggaggcttcaaaactatcttt			CASLLGTGELFF	tgtgccagcctcttaggcaccggggagctgtttttt	1	0	1	1	1
clonotype6080	UNK_S	1	TRAV21*01	TRAJ30*01			TRBV13*01	TRBJ2-1*01	CAVRNRDDKIIF	tgtgctgtcaggaacagagatgacaagatcatcttt			CAYGRGYNEQFF	tgtgcctatggacgagggtacaatgagcagttcttc	1	0	1	1	1
clonotype6081	UNK_S	1	TRAV21*01	TRAJ17*01			TRBV7-9*01	TRBJ2-1*01	CAVKAAGNKLTF	tgtgctgtcaaagctgcaggcaacaagctaactttt			CASFFSTGTGWGLAGYNEQFF	tgtgccagcttcttctctacggggacaggctggggactagcggggtacaatgagcagttcttc	1	0	1	1	1
clonotype6082	UNK_S	1	TRAV12-2*01	TRAJ49*01			TRBV7-6*01	TRBJ2-1*01	CAVKRYAQFYF	tgtgccgtgaaacggtatgcccagttctatttt			CASSLEARTSNLGSAYNEQFF	tgtgccagcagcttagaagcgaggactagcaacctaggcagtgcctacaatgagcagttcttc	1	0	1	1	1
clonotype6083	UNK_S	1	TRAV26-1*01	TRAJ37*01			TRBV7-7*01	TRBJ2-1*01	CIVRPAGSSNTGKLIF	tgcatcgtcagacccgctggctctagcaacacaggcaaactaatcttt			CASSSWEGVSYNEQFF	tgtgccagcagctcctgggaaggagtttcctacaatgagcagttcttc	1	0	1	1	1
clonotype6084	UNK_S	1	TRAV9-2*01	TRAJ53*01			TRBV7-6*01	TRBJ2-3*01	CALRRGSNYKLTF	tgtgctctgagacgaggtagcaactataaactgacattt			CASSPAGATSGRGLSTDTQYF	tgtgccagcagcccagcgggagcaactagcgggagaggattaagcacagatacgcagtatttt	1	0	1	1	1
clonotype6085	UNK_S	1	TRAV9-2*01	TRAJ9*01			TRBV7-7*01	TRBJ2-2*01	CALSDPGGFKTIF	tgtgctctgagtgatccaggaggcttcaaaactatcttt			CASSLNPSGSTGELFF	tgtgccagcagcttaaatcctagcgggagcaccggggagctgtttttt	1	0	1	1	1
clonotype6086	UNK_S	1	TRAV8-1*01	TRAJ42*01			TRBV13*01	TRBJ2-7*01	CAVIGGSQGNLIF	tgtgccgtgattggaggaagccaaggaaatctcatcttt			CASSLGRYEQYV	tgtgccagcagcttggggcggtacgagcagtacgtc	1	0	1	1	1
clonotype6087	UNK_S	1	TRAV21*01	TRAJ28*01			TRBV7-6*01	TRBJ1-4*01	CAVPPGAGSYQLTF	tgtgctgtcccccctggggctgggagttaccaactcactttc			CASSLGRGATNHRATNEKLFF	tgtgccagcagcttgggccggggagccacaaatcaccgcgcaactaatgaaaaactgtttttt	1	0	1	1	1
clonotype6088	UNK_S	1	TRAV12-2*01	TRAJ15*01			TRBV18*01	TRBJ2-1*01	CAVEGAQAGTALIF	tgtgccgtggagggggcccaggcaggaactgctctgatcttt			CASSPGFLAGDRVPSYNEQFF	tgtgccagctcacccgggttcctagcgggagatagagtaccctcctacaatgagcagttcttc	1	0	1	1	1
clonotype6089	UNK_S	1	TRAV12-2*01	TRAJ6*01			TRBV13*01	TRBJ2-7*01	CAVNYGTGGSYIPTF	tgtgccgtgaactacgggacaggaggaagctacatacctacattt			CASSGERYEQYF	tgtgccagcagcggtgaacgctacgagcagtacttc	1	0	1	1	1
clonotype6090	UNK_S	1	TRAV3*01	TRAJ8*01			TRBV7-7*01	TRBJ2-3*01	CAVRDRSTGFQKLVF	tgtgctgtgagagacaggagcacaggctttcagaaacttgtattt			CASSALSGSPTDTQYF	tgtgccagcagcgcccttagcgggagccccacagatacgcagtatttt	1	0	1	1	1
clonotype6091	UNK_S	1	TRAV8-4*01	TRAJ22*01			TRBV11-2*01	TRBJ2-2*01	CAVRPYSSGSARQLTF	tgtgctgtgaggccgtattcttctggttctgcaaggcaactgaccttt			CASSLPWTGGPTAFKTGELFF	tgtgccagcagcttaccctggacaggaggtcctaccgcgtttaaaaccggggagctgtttttt	1	0	1	1	1
clonotype6092	UNK_S	1	TRAV38-1*01	TRAJ32*01			TRBV2*01	TRBJ1-2*01	CAFMGLGGGATNKLIF	tgtgctttcatggggttggggggtggtgctacaaacaagctcatcttt			CASSDPGRIGQGKFTDYGYTF	tgtgccagcagtgatccgggtcgtatcggacagggaaaatttacggactatggctacaccttc	1	0	1	1	1
clonotype6093	UNK_S	1	TRAV29/DV5*01	TRAJ42*01			TRBV24-1*01	TRBJ2-1*01	CAASAGLGGSQGNLIF	tgtgcagcaagcgccgggctcggaggaagccaaggaaatctcatcttt			CATSDLAGGSVAGGPRYNEQFF	tgtgccaccagtgatttagcagggggctcggtagcgggagggccgaggtacaatgagcagttcttc	1	0	1	1	1
clonotype6095	UNK_S	1	TRAV1-2*01	TRAJ10*01			TRBV28*01	TRBJ1-5*01	CAVLTGGGNKLTF	tgtgctgtcctcacgggaggaggaaacaaactcaccttt			CASKSRDRGLDRLVGYSNQPQHF	tgtgccagcaaaagccgggacagggggctagatcgattagtgggttatagcaatcagccccagcatttt	1	0	1	1	1
clonotype6096	UNK_S	1	TRAV25*01	TRAJ54*01			TRBV7-8*01	TRBJ2-2*01	CAGRIQGAQKLVF	tgtgcgggtagaattcagggagcccagaagctggtattt			CASSLALTSGRLETTLAGELFF	tgtgccagcagcttagcgttaactagcgggagactagagacgacgttggccggggagctgtttttt	1	0	1	1	1
clonotype6097	UNK_S	1	TRAV5*01	TRAJ42*01	TRAV8-6*01	TRAJ40*01	TRBV13*01	TRBJ2-2*01	CAERPNYGGSQGNLIF	tgtgcagagaggcccaattatggaggaagccaaggaaatctcatcttt	CAGGGTYKYIF	tgtgccggggggggaacctacaaatacatcttt	CASSVLRAGELFF	tgtgccagcagcgtcttgagggccggggagctgtttttt	2	1	2	2	1
clonotype6098	UNK_S	1	TRAV17*01	TRAJ39*01			TRBV24-1*01	TRBJ2-1*01	CATGVNAGNMLTF	tgtgctacgggggtaaatgcaggcaacatgctcaccttt			CATSDPTSTQSTSGKISYNEQFF	tgtgccaccagtgatcccacgtcaacccaatcgactagcgggaaaatttcctacaatgagcagttcttc	1	0	1	1	1
clonotype6099	UNK_S	1	TRAV9-2*01	TRAJ22*01			TRBV13*01	TRBJ2-5*01	CALSDPGSARQLTF	tgtgctctgagtgatccgggttctgcaaggcaactgaccttt			CASSWTGQETQYF	tgtgccagcagctggacaggacaagagacccagtacttc	1	0	1	1	1
clonotype61	UNK_S	2	TRAV25*01	TRAJ38*01			TRBV12-4*01	TRBJ1-2*01	CAGAGNNRKLIW	tgtgcaggagctggcaacaaccgtaagctgatttgg			CASSFGGSYGYTF	tgtgccagcagttttgggggtagctatggctacaccttc	2	0	2	1	1
clonotype610	UNK_S	1	TRAV21*01	TRAJ20*01			TRBV20-1*01	TRBJ2-5*01	CAGNDYKLSF	tgtgctggtaacgactacaagctcagcttt			CSARQGSVGETQYF	tgcagtgctagacaggggtcagtgggggagacccagtacttc	1	0	1	1	1
clonotype6100	UNK_S	1	TRAV13-2*01	TRAJ49*01			TRBV11-2*01	TRBJ2-5*01	CAENMSTGNQFYF	tgtgcagagaatatgtccaccggtaaccagttctatttt			CASSLPYRGGLGLAGSQETQYF	tgtgccagcagcttaccctacagaggggggttaggactagcgggatcgcaagagacccagtacttc	1	0	1	1	1
clonotype6101	UNK_S	1	TRAV8-3*01	TRAJ17*01			TRBV13*01	TRBJ2-3*01	CAVGAIKAAGNKLTF	tgtgctgtgggtgccatcaaagctgcaggcaacaagctaactttt			CASSRAATDTQYF	tgtgccagcagccgcgctgctacagatacgcagtatttt	1	0	1	1	1
clonotype6102	UNK_S	1	TRAV13-2*01	TRAJ11*01			TRBV12-3*01	TRBJ2-3*01	CAADLIYSGYSTLTF	tgtgcagccgacttaatttattcaggatacagcaccctcaccttt			CASSLARGGVGLAGGLADTQYF	tgtgccagcagtttagcaagagggggagtaggactagcgggagggttggcagatacgcagtatttt	1	0	1	1	1
clonotype6103	UNK_S	1	TRAV14/DV4*01	TRAJ5*01			TRBV11-2*01	TRBJ2-3*01	CAMREGRRRALTF	tgtgcaatgagagagggcaggaggagagcacttactttt			CASSLGLAGVGNRGENTDTQYF	tgtgccagcagcttaggactagcgggagtcggaaatcgtggggagaacacagatacgcagtatttt	1	0	1	1	1
clonotype6104	UNK_S	1	TRAV14/DV4*01	TRAJ44*01			TRBV13*01	TRBJ2-7*01	CAMRETTGTASKLTF	tgtgcaatgagagagacgaccggcactgccagtaaactcaccttt			CASSLGYSYEQYF	tgtgccagcagcttaggctactcctacgagcagtacttc	1	0	1	1	1
clonotype6105	UNK_S	1	TRAV1-2*01	TRAJ34*01			TRBV13*01	TRBJ1-2*01	CADYNTDKLIF	tgtgctgactataacaccgacaagctcatcttt			CASSPDRGANGYTF	tgtgccagcagcccagaccggggggcgaatggctacaccttc	1	0	1	1	1
clonotype6106	UNK_S	1	TRAV26-2*01	TRAJ52*01			TRBV13*01	TRBJ2-5*01	CIHAGGTSYGKLTF	tgcatccatgctggtggtactagctatggaaagctgacattt			CASSLRAGMETQYF	tgtgccagcagcttacgggcagggatggagacccagtacttc	1	0	1	1	1
clonotype6107	UNK_S	1	TRAV9-2*01	TRAJ31*01			TRBV13*01	TRBJ2-7*01	CALSDGNNARLMF	tgtgctctgagtgacggtaacaatgccagactcatgttt			CASSLGQGAREQYV	tgtgccagcagcttaggacagggggcacgcgagcagtacgtc	1	0	1	1	1
clonotype6108	UNK_S	1	TRAV17*01	TRAJ52*01			TRBV13*01	TRBJ2-3*01	CATHDKFYGKLTF	tgtgctacgcatgacaagttctatggaaagctgacattt			CASRRDPSTDTQYF	tgtgccagcaggcgggacccgtccacagatacgcagtatttt	1	0	1	1	1
clonotype6109	UNK_S	1	TRAV8-3*01	TRAJ40*01			TRBV13*01	TRBJ2-7*01	CAVYSSGTYKYIF	tgtgctgtgtacagctcaggaacctacaaatacatcttt			CASLRSGRLDEQYF	tgtgccagcttgcgaagcgggaggttagacgagcagtacttc	1	0	1	1	1
clonotype611	UNK_S	1	TRAV4*01	TRAJ43*01			TRBV20-1*01	TRBJ1-2*01	CLVGVEYNNNDMRF	tgcctcgtgggtgtcgaatacaataacaatgacatgcgcttt			CSALGQDSYYGYTF	tgcagtgctctgggacaggactcctactatggctacaccttc	1	0	1	1	1
clonotype6110	UNK_S	1	TRAV20*01	TRAJ10*01			TRBV13*01	TRBJ1-3*01	CAVQAGTGGGNKLTF	tgtgctgtgcaggcgggaacgggaggaggaaacaaactcaccttt			CASSFKGGGNTIYF	tgtgccagcagcttcaaggggggtggaaacaccatatatttt	1	0	1	1	1
clonotype6111	UNK_S	1	TRAV19*01	TRAJ8*01			TRBV13*01	TRBJ2-7*01	CALSGTGFQKLVF	tgtgctctgagtggaacaggctttcagaaacttgtattt			CASSDRGQGNEQYV	tgtgccagcagcgacagaggacaagggaacgagcagtacgtc	1	0	1	1	1
clonotype6112	UNK_S	1	TRAV5*01	TRAJ40*01			TRBV13*01	TRBJ2-1*01	CAERKESTSGTYKYIF	tgtgcagagaggaaagagtccacctcaggaacctacaaatacatcttt			CASSLGLVVPEQFF	tgtgccagcagcttgggactagtagtgcccgagcagttcttc	1	0	1	1	1
clonotype6113	UNK_S	1	TRAV8-4*01	TRAJ44*01			TRBV5-1*01	TRBJ2-2*01	CAVSAVNTGTASKLTF	tgtgctgtgagtgccgtaaataccggcactgccagtaaactcaccttt			CASSLHLLGVLAAAGGPNTGELFF	tgcgccagcagcttacatctattgggggtactagctgccgcgggagggccgaacaccggggagctgtttttt	1	0	1	1	1
clonotype6114	UNK_S	1	TRAV3*01	TRAJ48*01			TRBV13*01	TRBJ2-1*01	CAVRDRISNFGNEKLTF	tgtgctgtgagagaccgcatatctaactttggaaatgagaaattaaccttt			CASSLGREINEQFF	tgtgccagcagtttggggagggagatcaatgagcagttcttc	1	0	1	1	1
clonotype6115	UNK_S	1	TRAV38-2/DV8*01	TRAJ45*01			TRBV13*01	TRBJ2-5*01	CAYRSASGGGADGLTF	tgtgcttataggagcgcctcaggaggaggtgctgacggactcaccttt			CASRRNRDQETQYF	tgtgccagcagacgcaacagggaccaagagacccagtacttc	1	0	1	1	1
clonotype6116	UNK_S	1	TRAV29/DV5*01	TRAJ37*01			TRBV13*01	TRBJ2-7*01	CAASASNTGKLIF	tgtgcagcaagcgcaagcaacacaggcaaactaatcttt			CASSTGGFSYEQYF	tgtgccagcagcacggggggtttctcctacgagcagtacttc	1	0	1	1	1
clonotype6118	UNK_S	1	TRAV1-2*01	TRAJ30*01			TRBV13*01	TRBJ1-1*01	CAVSTNRDDKIIF	tgtgctgtgagcacgaacagagatgacaagatcatcttt			CASSLEAGRYPEAFF	tgtgccagcagcttagaggcagggaggtaccctgaagctttcttt	1	0	1	1	1
clonotype6119	UNK_S	1	TRAV26-1*01	TRAJ35*01	TRAV19*01	TRAJ32*01	TRBV13*01	TRBJ2-1*01	CTPPEGGFGNVLHC	tgcacccccccggaaggaggctttgggaatgtgctgcattgc	CALSEAKGYGGATNKLIF	tgtgctctgagtgaggcgaaggggtatggtggtgctacaaacaagctcatcttt	CASSKQGAPYNEQFF	tgtgccagcagcaaacagggggccccctacaatgagcagttcttc	2	1	2	2	1
clonotype612	UNK_S	1	TRAV26-2*01	TRAJ40*01			TRBV20-1*01	TRBJ2-2*01	CILRASSGTYKYIF	tgcatcctgagggcttcctcaggaacctacaaatacatcttt			CSANQGIRTGELFF	tgcagtgccaaccaggggattcggaccggggagctgtttttt	1	0	1	1	1
clonotype6120	UNK_S	1	TRAV26-2*01	TRAJ26*01			TRBV13*01	TRBJ1-1*01	CILRDVNYGQNFVF	tgcatcctgagagacgttaactatggtcagaattttgtcttt			CASSSVPASNTEAFF	tgtgccagcagctcggtccccgcgtcgaacactgaagctttcttt	1	0	1	1	1
clonotype6121	UNK_S	1	TRAV21*01	TRAJ57*01			TRBV13*01	TRBJ2-2*01	CAVVPEKLVF	tgtgctgtggttccggaaaagctggtcttt			CASSLGGFSTGELFF	tgtgccagcagcttaggtggcttctccaccggggagctgtttttt	1	0	1	1	1
clonotype6122	UNK_S	1	TRAV26-2*01	TRAJ47*01			TRBV13*01	TRBJ1-5*01	CILRDMEYGNKLVF	tgcatcctgagggacatggaatatggaaacaagctggtcttt			CASSKGPGSNQPQHF	tgtgccagcagtaagggacctgggagcaatcagccccagcatttt	1	0	1	1	1
clonotype6123	UNK_S	1	TRAV5*01	TRAJ6*01			TRBV13*01	TRBJ2-5*01	CAEGSYIPTF	tgtgcagagggaagctacatacctacattt			CASSLGRQIQETQYF	tgtgccagcagcttaggccgacagatccaagagacccagtacttc	1	0	1	1	1
clonotype6124	UNK_S	1	TRAV12-2*01	TRAJ45*01			TRBV13*01	TRBJ2-1*01	CAVNGGGADGLTF	tgtgccgtgaacggcggaggtgctgacggactcaccttt			CASSLTSGSYNEQFF	tgtgccagcagcctcactagtggttcctacaatgagcagttcttc	1	0	1	1	1
clonotype6125	UNK_S	1	TRAV14/DV4*01	TRAJ15*01	TRAV41*01	TRAJ45*01	TRBV13*01	TRBJ2-1*01	CAMREVGTALIF	tgtgcaatgagagaggtgggaactgctctgatcttt	CAVGLVGGGADGLTF	tgtgctgtcggactagtgggaggaggtgctgacggactcaccttt	CASSPRLAGYNEQFF	tgtgccagcagcccccgactagcgggctacaatgagcagttcttc	2	1	2	2	1
clonotype6126	UNK_S	1	TRAV19*01	TRAJ31*01			TRBV13*01	TRBJ2-4*01	CALSEVQIGLMF	tgtgctctgagtgaggtgcaaatagggctcatgttt			CASSLVWGPENIQYF	tgtgccagcagcctagtttgggggcccgaaaacattcagtacttc	1	0	1	1	1
clonotype6127	UNK_S	1	TRAV14/DV4*01	TRAJ42*01	TRAV2*01	TRAJ44*01	TRBV13*01	TRBJ1-4*01	CAMRERGGSQGNLIF	tgtgcaatgagagagaggggaggaagccaaggaaatctcatcttt	CAVAYRAGTASKLTF	tgtgctgtcgcgtatagggccggcactgccagtaaactcaccttt	CASSLVSGTNEKLFF	tgtgccagcagcttagtttccggaactaatgaaaaactgtttttt	2	1	2	2	1
clonotype6128	UNK_S	1	TRAV12-3*01	TRAJ36*01			TRBV13*01	TRBJ2-1*01	CAMSESGANNLFF	tgtgcaatgagcgagagtggggcaaacaacctcttcttt			CASSPRLSFSNEQFF	tgtgccagcagtcctcgactaagctttagtaatgagcagttcttc	1	0	1	1	1
clonotype6129	UNK_S	1	TRAV3*01	TRAJ23*01			TRBV13*01	TRBJ1-1*01	CAVRDMGNQGGKLIF	tgtgctgtgagagacatggggaaccagggaggaaagcttatcttc			CASSTRQGANTEAFF	tgtgccagcagcacccgacagggggcaaacactgaagctttcttt	1	0	1	1	1
clonotype613	UNK_S	1	TRAV16*01	TRAJ39*01			TRBV20-1*01	TRBJ2-7*01	CALRNNAGNMLTF	tgtgctctaaggaataatgcaggcaacatgctcaccttt			CSAHNVLASYEQYF	tgcagtgctcataacgtactagcctcctacgagcagtacttc	1	0	1	1	1
clonotype6130	UNK_S	1	TRAV21*01	TRAJ53*01			TRBV13*01	TRBJ2-6*01	CAVQPRDSGGSNYKLTF	tgtgctgttcagcctcgggatagtggaggtagcaactataaactgacattt			CASSFRVSGANVLTF	tgtgccagcagctttagggtctctggggccaacgtcctgactttc	1	0	1	1	1
clonotype6131	UNK_S	1	TRAV26-1*01	TRAJ9*01			TRBV7-7*01	TRBJ2-3*01	CIVRVNTGGFKTIF	tgcatcgtcagagtcaatactggaggcttcaaaactatcttt			CASSLAPQGVIPSSTDTQYF	tgtgccagcagcttagcaccacagggggtgataccttctagcacagatacgcagtatttt	1	0	1	1	1
clonotype6132	UNK_S	1	TRAV19*01	TRAJ10*01			TRBV13*01	TRBJ2-3*01	CALRPSGGGNKLTF	tgtgctctcagaccctcgggaggaggaaacaaactcaccttt			CASSPGRQGNTDTQYF	tgtgccagcagccccggacgacagggaaatacagatacgcagtatttt	1	0	1	1	1
clonotype6133	UNK_S	1	TRAV8-4*01	TRAJ23*01			TRBV13*01	TRBJ1-4*01	CAVRSGWGNQGGKLIF	tgtgctgtgagatccggatggggtaaccagggaggaaagcttatcttc			CASSSFSGTGSEKLFF	tgtgccagcagctcgttctctgggacagggagtgaaaaactgtttttt	1	0	1	1	1
clonotype6134	UNK_S	1	TRAV19*01	TRAJ36*01			TRBV13*01	TRBJ2-1*01	CALSEAIGRTGANNLFF	tgtgctctgagtgaggcgatcgggcgaactggggcaaacaacctcttcttt			CASSLDEDERGNEQFF	tgtgccagcagcttagacgaggatgaaaggggcaatgagcagttcttc	1	0	1	1	1
clonotype6135	UNK_S	1	TRAV35*01	TRAJ34*01	TRAV14/DV4*01	TRAJ50*01	TRBV13*01	TRBJ2-1*01	CAGYRSYNTDKLIF	tgtgctggttaccggtcttataacaccgacaagctcatcttt	CAMREYMKTSYDKVIF	tgtgcaatgagagaatacatgaaaacctcctacgacaaggtgatattt	CASSSRTSGRTDNEQFF	tgtgccagcagctcccggactagcgggaggacagacaatgagcagttcttc	2	1	2	2	1
clonotype6136	UNK_S	1	TRAV21*01	TRAJ7*01			TRBV13*01	TRBJ2-1*01	CAVTLYGNNRLAF	tgtgctgtgaccctctatgggaacaacagactcgctttt			CASSLSYAAGVENEQFF	tgtgccagcagcttaagttacgcggcgggggtcgagaatgagcagttcttc	1	0	1	1	1
clonotype6137	UNK_S	1	TRAV19*01	TRAJ54*01	TRAV17*01	TRAJ49*01	TRBV13*01	TRBJ2-3*01	CALLQGAQKLVF	tgtgctcttcttcagggagcccagaagctggtattt	CATDTNTGNQFYF	tgtgctacggatacgaacaccggtaaccagttctatttt	CASSLEGLAEGLDTQYF	tgtgccagcagcttagagggtctagcggaggggttggatacgcagtatttt	2	1	2	2	1
clonotype6138	UNK_S	1	TRAV17*01	TRAJ21*01			TRBV13*01	TRBJ2-2*01	CATVGIYNFNKFYF	tgtgctacggtcgggatatacaacttcaacaaattttacttt			CASSEKRTGGPSGELFF	tgtgccagcagcgaaaaacggacagggggcccgtccggggagctgtttttt	1	0	1	1	1
clonotype6139	UNK_S	1	TRAV14/DV4*01	TRAJ54*01			TRBV13*01	TRBJ1-1*01	CAMREAAQKLVF	tgtgcaatgagagaggcagcccagaagctggtattt			CASSLARVGKWNTEAFF	tgtgccagcagcttagccagggttggaaagtggaacactgaagctttcttt	1	0	1	1	1
clonotype614	UNK_S	1	TRAV1-2*01	TRAJ24*01			TRBV20-1*01	TRBJ2-7*01	CAVRDADSWGKLQF	tgtgctgtgagagatgctgacagctgggggaaattgcagttt			CSALNRDRVYEQYF	tgcagtgctctaaaccgggacagggtatacgagcagtacttc	1	0	1	1	1
clonotype6140	UNK_S	1	TRAV14/DV4*01	TRAJ9*01			TRBV13*01	TRBJ2-2*01	CAMTDTGGFKTIF	tgtgcaatgacagatactggaggcttcaaaactatcttt			CASSEGTSGSRTGELFF	tgtgccagcagcgaggggactagcgggagtaggaccggggagctgtttttt	1	0	1	1	1
clonotype6141	UNK_S	1	TRAV14/DV4*01	TRAJ8*01			TRBV13*01	TRBJ2-2*01	CAMREGQGTGFQKLVF	tgtgcaatgagagagggccagggcacaggctttcagaaacttgtattt			CASSTSLDRAGTGELFF	tgtgccagcagcacgtctttggacagggcggggaccggggagctgtttttt	1	0	1	1	1
clonotype6142	UNK_S	1	TRAV1-2*01	TRAJ26*01			TRBV13*01	TRBJ2-7*01	CAVRPNYGQNFVF	tgtgctgtgagacctaactatggtcagaattttgtcttt			CASSLAPSGTSGYYEQYF	tgtgccagcagcttagcccctagcgggactagcggttactacgagcagtacttc	1	0	1	1	1
clonotype6143	UNK_S	1	TRAV3*01	TRAJ29*01			TRBV13*01	TRBJ2-7*01	CAVSSYSGNTPLVF	tgtgctgtgagttcttattcaggaaacacacctcttgtcttt			CASSLGFPGTSSSYEQYV	tgtgccagcagcttaggttttcccgggacctctagctcctacgagcagtacgtc	1	0	1	1	1
clonotype6144	UNK_S	1	TRAV19*01	TRAJ5*01			TRBV13*01	TRBJ2-3*01	CALSVMDTGRRALTF	tgtgctctgagtgttatggacacgggcaggagagcacttactttt			CASSATPGTSGRATADTQYF	tgtgccagcagcgctacgcccgggactagcgggagggccacggcagatacgcagtatttt	1	0	1	1	1
clonotype6145	UNK_S	1	TRAV8-6*01	TRAJ42*01	TRAV23/DV6*01	TRAJ18*01	TRBV13*01	TRBJ2-1*01	CAGPDYGGSQGNLIF	tgtgctggcccagattatggaggaagccaaggaaatctcatcttt	CAASPGSTLGRLYF	tgtgcagcaagcccgggctcaaccctggggaggctatacttt	CASSLGRLAGETGSSYNEQFF	tgtgccagcagcttagggcgactagcgggagagactggtagctcctacaatgagcagttcttc	2	1	2	2	1
clonotype616	UNK_S	1	TRAV12-3*01	TRAJ52*01	TRAV27*01	TRAJ49*01	TRBV28*01	TRBJ1-4*01	CAMSDAGGTSYGKLTF	tgtgcaatgagcgatgctggtggtactagctatggaaagctgacattt	CAGGNTGNQFYF	tgtgcaggcggtaacaccggtaaccagttctatttt	CASRQDRPKLFF	tgtgccagcagacaggacaggccgaaactgtttttt	2	1	2	2	1
clonotype617	UNK_S	1	TRAV22*01	TRAJ23*01			TRBV11-2*01	TRBJ1-3*01	CAGSVGGGKLIF	tgtgctggctcggttgggggaggaaagcttatcttc			CASSSGNTIYF	tgtgccagcagctctggaaacaccatatatttt	1	0	1	1	1
clonotype618	UNK_S	1	TRAV17*01	TRAJ23*01			TRBV11-2*01	TRBJ2-3*01	CATDEGKLIF	tgtgctacggacgagggaaagcttatcttc			CASSLVDEQYF	tgtgccagcagcttagtggacgagcagtatttt	1	0	1	1	1
clonotype619	UNK_S	1	TRAV8-3*01	TRAJ18*01	TRAV26-2*01	TRAJ49*01	TRBV10-1*01	TRBJ1-1*01	CAVRVRGSTLGRLYF	tgtgctgtgagggtcagaggctcaaccctggggaggctatacttt	CILRDVNTGNQFYF	tgcatcctgagagacgtgaacaccggtaaccagttctatttt	CASSGLNTEAFF	tgcgccagcagtggactgaacactgaagctttcttt	2	1	2	2	1
clonotype62	UNK_S	2	TRAV13-1*01	TRAJ53*01			TRBV19*01	TRBJ1-5*01	CAAPGGSNYKLTF	tgtgcagcacctgggggtagcaactataaactgacattt			CASSIGQSHQPQHF	tgtgccagcagtataggacagtcccatcagccccagcatttt	2	0	2	1	1
clonotype620	UNK_S	1	TRAV25*01	TRAJ45*01			TRBV27*01	TRBJ1-1*01	CASGGGADGLTF	tgtgcatcaggaggaggtgctgacggactcaccttt			CASSSRFEEAFF	tgtgccagcagttcccgtttcgaagaagctttcttt	1	0	1	1	1
clonotype622	UNK_S	1	TRAV26-2*01	TRAJ40*01			TRBV5-6*01	TRBJ2-3*01	CILRIASGTYKYIF	tgcatcctgagaatcgcctcaggaacctacaaatacatcttt			CASSSGTDTQYF	tgtgccagcagctcggggacagatacgcagtatttt	1	0	1	1	1
clonotype624	UNK_S	1	TRAV17*01	TRAJ31*01			TRBV5-1*01	TRBJ2-1*01	CATGNARLMF	tgtgctacgggcaatgccagactcatgttt			CASSADRPEQFF	tgcgccagcagcgcggacaggcctgagcagttcttc	1	0	1	1	1
clonotype625	UNK_S	1	TRAV26-1*01	TRAJ48*01			TRBV5-1*01	TRBJ1-2*01	CIVRPSFGNEKLTF	tgcatcgtcagaccgtcctttggaaatgagaaattaaccttt			CASSLGGNGYTF	tgcgccagcagcttaggtggtaatggctacaccttc	1	0	1	1	1
clonotype626	UNK_S	1	TRAV25*01	TRAJ40*01			TRBV5-1*01	TRBJ2-1*01	CAGEGGTYKYIF	tgtgcaggagagggaggaacctacaaatacatcttt			CASSRIGDEQFF	tgcgccagcagtagaataggggatgagcagttcttc	1	0	1	1	1
clonotype628	UNK_S	1	TRAV23/DV6*01	TRAJ52*01	TRAV34*01	TRAJ49*01	TRBV19*01	TRBJ1-2*01	CAANRRGTSYGKLTF	tgtgcagcaaatcgacggggtactagctatggaaagctgacattt	CGADPGNQFYF	tgtggagcagaccccggtaaccagttctatttt	CASQEGDYGYTF	tgtgccagccaggaaggggactatggctacaccttc	2	1	2	2	1
clonotype629	UNK_S	1	TRAV26-1*01	TRAJ15*01			TRBV19*01	TRBJ1-2*01	CIVLRPYQAGTALIF	tgcatcgtccttaggccgtaccaggcaggaactgctctgatcttt			CASSIGTGGYTF	tgtgccagtagtatcggcactggaggctacaccttc	1	0	1	1	1
clonotype63	UNK_S	2	TRAV13-1*01	TRAJ49*01			TRBV6-2*01	TRBJ2-5*01	CAASIRSGNQFYF	tgtgcagcaagtatacgttccggtaaccagttctatttt			CASSYWMGAETQYF	tgtgccagcagttactggatgggagccgagacccagtacttc	2	0	2	1	1
clonotype630	UNK_S	1	TRAV4*01	TRAJ4*01			TRBV6-5*01	TRBJ1-2*01	CLVGAISGGYNKLIF	tgcctcgtgggtgcaatttctggtggctacaataagctgattttt			CASSADRFVYTF	tgtgccagcagtgcagacaggttcgtctacaccttc	1	0	1	1	1
clonotype631	UNK_S	1	TRAV12-1*01	TRAJ8*01	TRAV9-2*01	TRAJ6*01	TRBV6-1*01	TRBJ1-4*01	CVVSDFQKLVF	tgtgtggtgtcagactttcagaaacttgtattt	CALRKGPGGSYIPTF	tgtgctctgagaaaggggccaggaggaagctacatacctacattt	CASSDRAEKLFF	tgtgccagcagtgacagagcggaaaaactgtttttt	2	1	2	2	1
clonotype632	UNK_S	1	TRAV13-1*01	TRAJ48*01			TRBV6-1*01	TRBJ1-2*01	CAASKIEKLTF	tgtgcagcaagtaaaatcgagaaattaaccttt			CASSESLYGYTF	tgtgccagcagtgagtcgctctatggctacaccttc	1	0	1	1	1
clonotype634	UNK_S	1	TRAV27*01	TRAJ48*01	TRAV38-2/DV8*01	TRAJ40*01	TRBV30*01	TRBJ2-6*01	CAGAGFGNEKLTF	tgtgcaggagccggctttggaaatgagaaattaaccttt	CAYNQGSGTYKYIF	tgtgcttataatcagggctcaggaacctacaaatacatcttt	CAWRTTGRANVLTF	tgtgcctggaggactacagggagggccaacgtcctgactttc	2	1	2	2	1
clonotype635	UNK_S	1	TRAV8-3*01	TRAJ40*01	TRAV8-6*01	TRAJ11*01	TRBV30*01	TRBJ2-7*01	CVPGTYKYIF	tgtgttccggggacctacaaatacatcttt	CAVSEPGYSTLTF	tgtgctgtgagtgaaccaggatacagcaccctcaccttt	CAWGGQRSSYEQYF	tgtgcctgggggggacagagaagctcctacgagcagtacttc	2	1	2	2	1
clonotype636	UNK_S	1	TRAV26-2*01	TRAJ32*01			TRBV29-1*01	TRBJ2-2*01	CILYPYGGATNKLIF	tgcatcttgtacccttatggtggtgctacaaacaagctcatcttt			CSGVSGRPPGELFF	tgcagcggagttagcgggaggccccccggggagctgtttttt	1	0	1	1	1
clonotype637	UNK_S	1	TRAV39*01	TRAJ40*01			TRBV29-1*01	TRBJ1-4*01	CAVDTSGTYKYIF	tgtgccgtggacacctcaggaacctacaaatacatcttt			CSVKEQGRNEKLFF	tgcagcgtgaaagagcagggtagaaatgaaaaactgtttttt	1	0	1	1	1
clonotype638	UNK_S	1	TRAV9-2*01	TRAJ34*01			TRBV20-1*01	TRBJ2-5*01	CARGDTDKLIF	tgtgctcgaggggacaccgacaagctcatcttt			CSAEGLAGEETQYF	tgcagtgcagagggactagcgggagaggagacccagtacttc	1	0	1	1	1
clonotype639	UNK_S	1	TRAV39*01	TRAJ30*01			TRBV20-1*01	TRBJ2-1*01	CAVTRYRDDKIIF	tgtgccgtgacccgatacagagatgacaagatcatcttt			CSARRPLAYNEQFF	tgcagtgctagacgtccccttgcctacaatgagcagttcttc	1	0	1	1	1
clonotype64	UNK_S	2	TRAV8-4*01	TRAJ36*01	TRAV36/DV7*01	TRAJ10*01	TRBV5-1*01	TRBJ2-3*01	CAVQTGANNLFF	tgtgctgttcaaactggggcaaacaacctcttcttt	CAVLILTGGGNKLTF	tgtgctgtcctgatactcacgggaggaggaaacaaactcaccttt	CASSFASGSDTQYF	tgcgccagcagctttgctagcgggtctgatacgcagtatttt	3	2	4	2	1
clonotype640	UNK_S	1	TRAV35*01	TRAJ54*01			TRBV20-1*01	TRBJ2-3*01	CAGLFQGAQKLVF	tgtgctgggctctttcagggagcccagaagctggtattt			CSASVPGTSDTQYF	tgcagtgctagtgtccccgggactagcgatacgcagtatttt	1	0	1	1	1
clonotype641	UNK_S	1	TRAV26-1*01	TRAJ40*01			TRBV20-1*01	TRBJ1-2*01	CIVSPLGSGTYKYIF	tgcatcgtcagtcccctgggctcaggaacctacaaatacatcttt			CSASHFGDPGGYTF	tgcagtgcttcccatttcggggacccgggtggctacaccttc	1	0	1	1	1
clonotype642	UNK_S	1	TRAV26-1*01	TRAJ42*01			TRBV20-1*01	TRBJ1-1*01	CIVRRDGGSQGNLIF	tgcatcgtcaggagagatggaggaagccaaggaaatctcatcttt			CSAGGLRMNTEAFF	tgcagtgccggggggttgcgaatgaacactgaagctttcttt	1	0	1	1	1
clonotype643	UNK_S	1	TRAV1-2*01	TRAJ4*01	TRAV4*01	TRAJ4*01	TRBV20-1*01	TRBJ1-4*01	CAVYSISGGYNKLIF	tgtgctgtgtattcgatttctggtggctacaataagctgattttt	CLVGDMFSGGYNKLIF	tgcctcgtgggtgacatgttttctggtggctacaataagctgattttt	CSAPRQGNREKLFF	tgcagtgcgcctagacaggggaatagggaaaaactgtttttt	2	1	2	2	1
clonotype644	UNK_S	1	TRAV26-2*01	TRAJ57*01			TRBV20-1*01	TRBJ2-7*01	CILTRTQGGSEKLVF	tgcatccttactcgaactcagggcggatctgaaaagctggtcttt			CSARAPTSVYEQYF	tgcagtgctagagccccgactagcgtatacgagcagtacttc	1	0	1	1	1
clonotype645	UNK_S	1	TRAV38-1*01	TRAJ30*01	TRAV30*01	TRAJ43*01	TRBV20-1*01	TRBJ2-3*01	CAFMKHEAAQIIF	tgtgctttcatgaagcatgaggccgcccagatcatcttt	CGTDNNNDMRF	tgcggcacagacaataacaatgacatgcgcttt	CSAPTSGRSDTQYF	tgcagtgctccgactagcgggagaagtgatacgcagtatttt	2	1	2	2	1
clonotype646	UNK_S	1	TRAV9-2*01	TRAJ49*01			TRBV20-1*01	TRBJ2-7*01	CAHHTGNQFYF	tgtgctcaccacaccggtaaccagttctatttt			CSAEPGTGGYEQYF	tgcagtgctgaacccgggacagggggctacgagcagtacttc	1	0	1	1	1
clonotype647	UNK_S	1	TRAV26-1*01	TRAJ15*01			TRBV20-1*01	TRBJ2-2*01	CIVRPRNQAGTALIF	tgcatcgtcagaccccgtaaccaggcaggaactgctctgatcttt			CSAVTISNTGELFF	tgcagtgctgtgaccatctcgaacaccggggagctgtttttt	1	0	1	1	1
clonotype648	UNK_S	1	TRAV26-2*01	TRAJ3*01			TRBV28*01	TRBJ2-5*01	CILSAGYSSASKIIF	tgcatcctgagcgcggggtacagcagtgcttccaagataatcttt			CATRYAGETQYF	tgtgccacccggtatgcgggagagacccagtacttc	1	0	1	1	1
clonotype649	UNK_S	1	TRAV16*01	TRAJ56*01			TRBV7-8*01	TRBJ1-1*01	CALSSTGANSKLTF	tgtgctctaagctcgactggagccaatagtaagctgacattt			CASRGSAEAFF	tgtgccagcaggggttctgccgaagctttcttt	1	0	1	1	1
clonotype65	UNK_S	2	TRAV8-2*01	TRAJ49*01			TRBV19*01	TRBJ2-7*01	CVVSGSNTGNQFYF	tgtgttgtgagtggatcgaacaccggtaaccagttctatttt			CASTPGTTRYEQYF	tgtgccagtactcccgggacgacgcgttacgagcagtacttc	2	0	2	1	1
clonotype650	UNK_S	1	TRAV29/DV5*01	TRAJ42*01	TRAV35*01	TRAJ11*01	TRBV10-2*01	TRBJ2-7*01	CAASAVNYGGSQGNLIF	tgtgcagcaagcgctgtgaattatggaggaagccaaggaaatctcatcttt	CAGVSSGYSTLTF	tgtgctggggtctcttcaggatacagcaccctcaccttt	CASRLSSYEQYF	tgcgccagcaggttgtcgtcctacgagcagtacttc	2	1	2	2	1
clonotype651	UNK_S	1	TRAV8-1*01	TRAJ42*01	TRAV13-1*01	TRAJ41*01	TRBV10-1*01	TRBJ2-1*01	CAPPPGGSQGNLIF	tgtgcccccccccccggaggaagccaaggaaatctcatcttt	CAASTGYALNF	tgtgcagcaagtaccgggtatgcactcaacttc	CASSERANEQFF	tgcgccagcagtgaacgagccaatgagcagttcttc	2	1	2	2	1
clonotype652	UNK_S	1	TRAV8-2*01	TRAJ39*01			TRBV27*01	TRBJ2-1*01	CEGAGNMLTF	tgtgaaggtgcaggcaacatgctcaccttt			CASWTGGNEQFF	tgtgccagctggacagggggtaatgagcagttcttc	1	0	1	1	1
clonotype653	UNK_S	1	TRAV12-2*01	TRAJ39*01	TRAV35*01	TRAJ10*01	TRBV5-4*01	TRBJ2-3*01	CAHGNNAGNMLTF	tgtgcccatgggaataatgcaggcaacatgctcaccttt	CAGLTGGGNKLTF	tgtgctggtctcacgggaggaggaaacaaactcaccttt	CASSLLTDTQYF	tgtgccagcagcttacttacagatacgcagtatttt	2	1	2	2	1
clonotype654	UNK_S	1	TRAV27*01	TRAJ31*01			TRBV5-1*01	TRBJ1-2*01	CAGEENNNARLMF	tgtgcaggagaagagaataacaatgccagactcatgttt			CASSLGGRGYTF	tgcgccagcagcttggggggtcgtggctacaccttc	1	0	1	1	1
clonotype655	UNK_S	1	TRAV26-2*01	TRAJ15*01			TRBV5-1*01	TRBJ2-2*01	CILRARNQAGTALIF	tgcatcctgagagcccgcaaccaggcaggaactgctctgatcttt			CASSLVTGELFF	tgcgccagcagcttggtaaccggggagctgtttttt	1	0	1	1	1
clonotype656	UNK_S	1	TRAV26-1*01	TRAJ15*01			TRBV3-1*01	TRBJ2-7*01	CIVRGANQAGTALIF	tgcatcgtcagaggggccaaccaggcaggaactgctctgatcttt			CASSQVAAEQYF	tgtgccagcagccaagtggctgccgagcagtacttc	1	0	1	1	1
clonotype658	UNK_S	1	TRAV39*01	TRAJ33*01			TRBV9*01	TRBJ2-1*01	CAVEPDSNYQLIW	tgtgccgtggagccggatagcaactatcagttaatctgg			CASSVGTDEQFF	tgtgccagcagcgtagggaccgatgagcagttcttc	1	0	1	1	1
clonotype66	UNK_S	2	TRAV38-2/DV8*01	TRAJ33*01			TRBV2*01	TRBJ2-7*01	CAFTDSNYQLIW	tgtgctttcacggatagcaactatcagttaatctgg			CASVVPDSYEQYF	tgtgccagcgtagtacccgactcctacgagcagtacttc	2	0	2	1	1
clonotype660	UNK_S	1	TRAV35*01	TRAJ30*01			TRBV19*01	TRBJ1-1*01	CAGLSPPRDDKIIF	tgtgctggactctcaccacccagagatgacaagatcatcttt			CASSIGVAEAFF	tgtgccagtagtataggagtggctgaagctttcttt	1	0	1	1	1
clonotype661	UNK_S	1	TRAV22*01	TRAJ40*01			TRBV19*01	TRBJ2-3*01	CAVEGTSGTYKYIF	tgtgctgtggaaggtacctcaggaacctacaaatacatcttt			CASSISGNTQYF	tgtgccagtagtatatctgggaatacgcagtatttt	1	0	1	1	1
clonotype662	UNK_S	1	TRAV25*01	TRAJ26*01			TRBV6-1*01	TRBJ2-7*01	CAVADVNYGQNFVF	tgtgcggtcgccgacgtaaactatggtcagaattttgtcttt			CASSFGTSQQYV	tgtgccagcagcttcgggacatctcagcagtacgtc	1	0	1	1	1
clonotype663	UNK_S	1	TRAV14/DV4*01	TRAJ6*01	TRAV12-2*01	TRAJ20*01	TRBV6-1*01	TRBJ2-1*01	CAMRDHTPSGGSYIPTF	tgtgcaatgagagaccataccccatcaggaggaagctacatacctacattt	CAVNLDYKLSF	tgtgccgtgaacttggattacaagctcagcttt	CASSARVNEQFF	tgtgccagcagtgctcgggtgaatgagcagttcttc	2	1	2	2	1
clonotype664	UNK_S	1	TRAV21*01	TRAJ45*01	TRAV26-1*01	TRAJ42*01	TRBV30*01	TRBJ1-5*01	CAVRDSGGGADGLTF	tgtgctgtgagggattcaggaggaggtgctgacggactcaccttt	CIVRVEGGGSQGNLIF	tgcatcgtcagagtcgaaggtggaggaagccaaggaaatctcatcttt	CAWRRPGGNQPQHF	tgtgcctggagaagaccggggggcaatcagccccagcatttt	2	1	2	2	1
clonotype665	UNK_S	1	TRAV5*01	TRAJ7*01	TRAV2*01	TRAJ15*01	TRBV30*01	TRBJ2-1*01	CAEKGPRGNNRLAF	tgtgcagagaagggccctcgggggaacaacagactcgctttt	CAGLQAGTALIF	tgtgctgggcttcaggcaggaactgctctgatcttt	CAWSISLTANEQFF	tgtgcctggagcattagtctaaccgccaatgagcagttcttc	2	1	2	2	1
clonotype666	UNK_S	1	TRAV17*01	TRAJ54*01			TRBV30*01	TRBJ2-1*01	CATDQGAQKLVF	tgtgctacggatcagggagcccagaagctggtattt			CAWRSTGDVDEQFF	tgtgcctggaggagtacaggggatgtcgatgagcagttcttc	1	0	1	1	1
clonotype667	UNK_S	1	TRAV35*01	TRAJ48*01			TRBV29-1*01	TRBJ2-2*01	CAGQSNFGNEKLTF	tgtgctgggcagtcaaactttggaaatgagaaattaaccttt			CSAFPRQNTGELFF	tgcagcgcctttccgcgacaaaacaccggggagctgtttttt	1	0	1	1	1
clonotype67	UNK_S	2	TRAV19*01	TRAJ40*01			TRBV27*01	TRBJ1-2*01	CALSTTSGTYKYIF	tgtgctctgagtactacctcaggaacctacaaatacatcttt			CASGPRGGSYGYTF	tgtgccagcggacccaggggggggtcctatggctacaccttc	2	0	2	1	1
clonotype670	UNK_S	1	TRAV23/DV6*01	TRAJ16*01	TRAV26-1*01	TRAJ36*01	TRBV29-1*01	TRBJ1-2*01	CAASPTDGQKLLF	tgtgcagcaagccccacagatggccagaagctgctcttt	CIVRVARLAGANNLFF	tgcatcgtcagagtcgcgcggttggctggggcaaacaacctcttcttt	CSVEAGWRGEGYTF	tgcagcgttgaagcgggttggaggggggaaggctacaccttc	2	1	2	2	1
clonotype671	UNK_S	1	TRAV21*01	TRAJ10*01	TRAV13-1*01	TRAJ45*01	TRBV20-1*01	TRBJ1-1*01	CASSGGGNKLTF	tgtgcttcctcgggaggaggaaacaaactcaccttt	CAASIEGGADGLTF	tgtgcagcaagtatagaaggaggtgctgacggactcaccttt	CSALDGQSGTEAFF	tgcagtgccctagatggacagtcggggactgaagctttcttt	2	1	2	2	1
clonotype672	UNK_S	1	TRAV5*01	TRAJ26*01			TRBV20-1*01	TRBJ1-1*01	CAESLGQNFVF	tgtgcagagagcctgggtcagaattttgtcttt			CSARDLGGNTEAFF	tgcagtgctagagacttggggggaaacactgaagctttcttt	1	0	1	1	1
clonotype673	UNK_S	1	TRAV8-1*01	TRAJ53*01			TRBV20-1*01	TRBJ2-3*01	CAGGSNYKLTF	tgtgccggaggtagcaactataaactgacattt			CSARVTGGTDTQYF	tgcagtgctagagtgacgggaggaacagatacgcagtatttt	1	0	1	1	1
clonotype674	UNK_S	1	TRAV17*01	TRAJ20*01			TRBV20-1*01	TRBJ1-1*01	CATDENDYKLSF	tgtgctacggacgaaaacgactacaagctcagcttt			CSARVIGANTEAFF	tgcagtgctagagttatcggggcgaacactgaagctttcttt	1	0	1	1	1
clonotype676	UNK_S	1	TRAV13-1*01	TRAJ21*01			TRBV2*01	TRBJ2-1*01	CAASKNFNKFYF	tgtgcagcaagtaagaacttcaacaaattttacttt			CASSEVEFGFF	tgtgccagcagtgaggtagagtttgggttcttc	1	0	1	1	1
clonotype677	UNK_S	1	TRAV16*01	TRAJ24*01	TRAV13-1*01	TRAJ17*01	TRBV28*01	TRBJ1-5*01	CALRGATDSWGKLQF	tgtgctctaaggggggcaactgacagctgggggaaattgcagttt	CAASKAAGNKLTF	tgtgcagcaagtaaagctgcaggcaacaagctaactttt	CASSESNQPQHF	tgtgccagcagcgaatccaatcagccccagcatttt	2	1	2	2	1
clonotype68	UNK_S	2	TRAV38-1*01	TRAJ53*01			TRBV2*01	TRBJ2-3*01	CAFMEGNSGGSNYKLTF	tgtgctttcatggaggggaatagtggaggtagcaactataaactgacattt			CATRTQVVDTQYF	tgtgccacccggacccaagttgtggatacgcagtatttt	2	0	2	1	1
clonotype680	UNK_S	1	TRAV29/DV5*01	TRAJ53*01	TRAV26-1*01	TRAJ18*01	TRBV28*01	TRBJ2-2*01	CAARSRSGGSNYKLTF	tgtgcagctcgatcgaggagtggaggtagcaactataaactgacattt	CIAKNDRGSTLGRLYF	tgcatcgccaaaaacgacagaggctcaaccctggggaggctatacttt	CASSLITGELFF	tgtgccagcagtcttataaccggggagctgtttttt	2	1	2	2	1
clonotype681	UNK_S	1	TRAV13-1*01	TRAJ20*01	TRAV19*01	TRAJ7*01	TRBV28*01	TRBJ1-2*01	CAASANDYKLSF	tgtgcagcaagcgctaacgactacaagctcagcttt	CPPWGGNNRLAF	tgtccaccatggggggggaacaacagactcgctttt	CASSLGSYGYTF	tgtgccagcagtttaggatcatatggctacaccttc	2	1	2	2	1
clonotype682	UNK_S	1	TRAV21*01	TRAJ43*01			TRBV10-3*01	TRBJ2-7*01	CAVRGNGNDMRF	tgtgctgtgagggggaatgggaatgacatgcgcttt			CAISDQEYEQYF	tgtgccatcagtgaccaggagtacgagcagtacttc	1	0	1	1	1
clonotype683	UNK_S	1	TRAV13-1*01	TRAJ34*01			TRBV7-3*01	TRBJ2-3*01	CAASYNTDKLIF	tgtgcagcaagttataacaccgacaagctcatcttt			CASSVTDTQYF	tgtgccagcagcgtgacagatacgcagtatttt	1	0	1	1	1
clonotype685	UNK_S	1	TRAV8-4*01	TRAJ20*01	TRAV2*01	TRAJ34*01	TRBV5-6*01	TRBJ2-7*01	CAVSLNDYKLSF	tgtgctgtgagccttaacgactacaagctcagcttt	CAVVYNTDKLIF	tgtgctgtggtttataacaccgacaagctcatcttt	CASSWAGDEQYF	tgtgccagctcctgggccggcgacgagcagtacttc	2	1	2	2	1
clonotype686	UNK_S	1	TRAV27*01	TRAJ39*01			TRBV5-4*01	TRBJ2-5*01	CAGLFNNAGNMLTF	tgtgcagggctctttaataatgcaggcaacatgctcaccttt			CASSFWEETQYF	tgtgccagcagcttttgggaagagacccagtacttc	1	0	1	1	1
clonotype689	UNK_S	1	TRAV26-2*01	TRAJ42*01			TRBV5-1*01	TRBJ2-5*01	CILRAFYGGSQGNLIF	tgcatcctgagggcattttatggaggaagccaaggaaatctcatcttt			CASSLVQETQYF	tgcgccagcagcttggtccaagagacccagtacttc	1	0	1	1	1
clonotype69	UNK_S	2	TRAV19*01	TRAJ43*01			TRBV18*01	TRBJ2-2*01	CALSEARNNNDMRF	tgtgctctgagtgaggcgcggaataacaatgacatgcgcttt			CASSPLVNTGELFF	tgtgccagctcacctcttgtcaacaccggggagctgtttttt	2	0	2	1	1
clonotype690	UNK_S	1	TRAV21*01	TRAJ16*01			TRBV3-1*01	TRBJ1-2*01	CAVFSDGQKLLF	tgtgctgtcttttcagatggccagaagctgctcttt			CASSLQGDGYTF	tgtgccagcagtctacagggagatggctacaccttc	1	0	1	1	1
clonotype691	UNK_S	1	TRAV14/DV4*01	TRAJ40*01	TRAV24*01	TRAJ29*01	TRBV4-1*01	TRBJ1-2*01	CSGTYKYIF	tgttcaggaacctacaaatacatcttt	CASPSGNTPLVF	tgtgcctctccttcaggaaacacacctcttgtcttt	CASSQGLVGYTF	tgcgccagcagccaaggcctcgttggctacaccttc	2	1	2	2	1
clonotype692	UNK_S	1	TRAV12-1*01	TRAJ20*01			TRBV15*01	TRBJ2-7*01	CVAASNDYKLSF	tgtgtggctgcgtctaacgactacaagctcagcttt			CATSTNYYEQYF	tgtgccaccagcacaaattattacgagcagtacttc	1	0	1	1	1
clonotype693	UNK_S	1	TRAV25*01	TRAJ16*01			TRBV15*01	TRBJ1-5*01	CAGRRFSDGQKLLF	tgtgcagggagacggttttcagatggccagaagctgctcttt			CATSSAYQPQHF	tgtgccaccagcagtgcctatcagccccagcatttt	1	0	1	1	1
clonotype694	UNK_S	1	TRAV26-1*01	TRAJ52*01			TRBV25-1*01	TRBJ1-2*01	CIVRVAPGGTSYGKLTF	tgcatcgtcagagtcgcgcctggtggtactagctatggaaagctgacattt			CASSDLRDGYTF	tgtgccagcagtgatctcagagatggctacaccttc	1	0	1	1	1
clonotype695	UNK_S	1	TRAV35*01	TRAJ17*01			TRBV19*01	TRBJ2-3*01	CAGQLYKAAGNKLTF	tgtgctgggcagctgtacaaagctgcaggcaacaagctaactttt			CASSQGGLGVHF	tgtgccagtagtcaggggggactaggagtgcatttt	1	0	1	1	1
clonotype696	UNK_S	1	TRAV8-4*01	TRAJ8*01			TRBV19*01	TRBJ2-7*01	CAVNTGFQKLVF	tgtgctgtgaacacaggctttcagaaacttgtattt			CASSNRETEQYF	tgtgccagtagtaatcgggagaccgagcagtacttc	1	0	1	1	1
clonotype697	UNK_S	1	TRAV26-1*01	TRAJ44*01			TRBV19*01	TRBJ1-2*01	CIVRVGRNTGTASKLTF	tgcatcgtcagagtcggtagaaataccggcactgccagtaaactcaccttt			CASSTPGFGHTF	tgtgccagtagtaccccagggtttggccacaccttc	1	0	1	1	1
clonotype698	UNK_S	1	TRAV12-1*01	TRAJ10*01	TRAV12-2*01	TRAJ7*01	TRBV19*01	TRBJ2-3*01	CVVLTGGGNKLTF	tgtgtggtgttgacgggaggaggaaacaaactcaccttt	CAVGRGNNRLAF	tgtgccgtgggaagggggaacaacagactcgctttt	CASSIEGGTQYF	tgtgccagtagtatcgagggaggtacgcagtatttt	2	1	2	2	1
clonotype699	UNK_S	1	TRAV21*01	TRAJ27*01			TRBV19*01	TRBJ2-3*01	CAVRGTNAGKSTF	tgtgctgtgagggggaccaatgcaggcaaatcaaccttt			CASSFGADTQYF	tgtgccagttctttcggggcagatacgcagtatttt	1	0	1	1	1
clonotype7	UNK_S	8	TRAV1-2*01	TRAJ26*01			TRBV11-2*01	TRBJ1-1*01	CAVGPHGQNFVF	tgtgctgtggggccccatggtcagaattttgtcttt			CASSSTPEAFF	tgtgccagcagctcaacccctgaagctttcttt	8	0	8	1	1
clonotype70	UNK_S	2	TRAV14/DV4*01	TRAJ29*01			TRBV2*01	TRBJ1-2*01	CAMREGGSGNTPLVF	tgtgcaatgagagagggcggatcaggaaacacacctcttgtcttt			CASSETGARRGYTF	tgtgccagcagcgagacaggggcccgccggggctacaccttc	2	0	2	1	1
clonotype700	UNK_S	1	TRAV17*01	TRAJ54*01			TRBV6-5*01	TRBJ1-1*01	CATLIQGAQKLVF	tgtgctactttaattcagggagcccagaagctggtattt			CASSYFDGEAFF	tgtgccagcagttacttcgacggtgaagctttcttt	1	0	1	1	1
clonotype702	UNK_S	1	TRAV35*01	TRAJ32*01			TRBV6-2*01	TRBJ1-2*01	CAGRNYGGATNKLIF	tgtgctgggcggaattatggtggtgctacaaacaagctcatcttt			CASSDRVYGYTF	tgtgccagcagcgacagggtttatggctacaccttc	1	0	1	1	1
clonotype703	UNK_S	1	TRAV21*01	TRAJ6*01			TRBV6-2*01	TRBJ1-1*01	CAAPSGGSYIPTF	tgtgctgccccatcaggaggaagctacatacctacattt			CASSYTGAEAFF	tgtgccagcagttacacaggagctgaagctttcttt	1	0	1	1	1
clonotype705	UNK_S	1	TRAV5*01	TRAJ43*01			TRBV30*01	TRBJ1-1*01	CAERHNNNDMRF	tgtgcagaacgtcacaataacaatgacatgcgcttt			CAWSDRGRNTEAFF	tgtgcctggagtgacagggggaggaacactgaagctttcttt	1	0	1	1	1
clonotype706	UNK_S	1	TRAV3*01	TRAJ20*01			TRBV29-1*01	TRBJ2-1*01	CAGGSNDYKLSF	tgtgcgggagggtctaacgactacaagctcagcttt			CRVFGAGGLNEQFF	tgcagagttttcggggcgggagggctgaatgagcagttcttc	1	0	1	1	1
clonotype708	UNK_S	1	TRAV8-3*01	TRAJ39*01	TRAV19*01	TRAJ35*01	TRBV29-1*01	TRBJ2-7*01	CAVGNAGNMLTF	tgtgctgtgggaaatgcaggcaacatgctcaccttt	CALSDVGFGNVLHC	tgtgctctgagtgacgtaggctttgggaatgtgctgcattgc	CSAGLAGGPGEQYF	tgcagcgccggactagcgggagggcctggcgagcagtacttc	2	1	2	2	1
clonotype709	UNK_S	1	TRAV35*01	TRAJ32*01			TRBV29-1*01	TRBJ2-2*01	CAGQLVSGATNKLIF	tgtgctgggcagctagtaagtggtgctacaaacaagctcatcttt			CSAGTSGRAGELFF	tgcagcgccgggactagcgggagggccggggagctgtttttt	1	0	1	1	1
clonotype710	UNK_S	1	TRAV21*01	TRAJ22*01			TRBV29-1*01	TRBJ2-3*01	CAAPSGSARQLTF	tgtgctgcgccttctggttctgcaaggcaactgaccttt			CSVNDRGFTDTQYF	tgcagcgttaatgacagggggttcacagatacgcagtatttt	1	0	1	1	1
clonotype711	UNK_S	1	TRAV13-1*01	TRAJ20*01			TRBV29-1*01	TRBJ2-1*01	CAATSPKDYKLSF	tgtgcagcaacctccccaaaggactacaagctcagcttt			CSVEWREGLNEQFF	tgcagcgttgaatggcgggagggcctcaatgagcagttcttc	1	0	1	1	1
clonotype712	UNK_S	1	TRAV27*01	TRAJ23*01			TRBV29-1*01	TRBJ2-5*01	CAGGPPYNQGGKLIF	tgtgcaggagggcctccttataaccagggaggaaagcttatcttc			CSVELAGEGETQYF	tgcagcgttgagctagcgggagagggagagacccagtacttc	1	0	1	1	1
clonotype713	UNK_S	1	TRAV12-1*01	TRAJ15*01			TRBV29-1*01	TRBJ2-3*01	CVVNPQAGTALIF	tgtgtggtgaacccccaggcaggaactgctctgatcttt			CSVDSLAVHGTQYF	tgcagcgttgattctttagcggttcatggtacgcagtatttt	1	0	1	1	1
clonotype715	UNK_S	1	TRAV8-1*01	TRAJ16*01	TRAV9-2*01	TRAJ4*01	TRBV20-1*01	TRBJ1-5*01	CAVNARGDGQKLLF	tgtgccgtgaatgctcgaggagatggccagaagctgctcttt	CALSVGGYNKLIF	tgtgctctgagtgtgggtggctacaataagctgattttt	CSARKAEYNQPQHF	tgcagtgctagaaaggcagaatacaatcagccccagcatttt	2	1	2	2	1
clonotype716	UNK_S	1	TRAV17*01	TRAJ20*01			TRBV20-1*01	TRBJ1-3*01	CATDGTNDYKLSF	tgtgctacggacgggactaacgactacaagctcagcttt			CSARLPGAGNTIYF	tgcagtgctagacttccaggggctggaaacaccatatatttt	1	0	1	1	1
clonotype717	UNK_S	1	TRAV26-1*01	TRAJ52*01			TRBV20-1*01	TRBJ2-1*01	CIVRVNAGGTSYGKLTF	tgcatcgtcagagttaatgctggtggtactagctatggaaagctgacattt			CSARDRASYNEQFF	tgcagtgctagagatcgggctagctacaatgagcagttcttc	1	0	1	1	1
clonotype719	UNK_S	1	TRAV21*01	TRAJ40*01	TRAV35*01	TRAJ56*01	TRBV20-1*01	TRBJ2-5*01	CAVIVSGTYKYIF	tgtgctgtgatcgtctcaggaacctacaaatacatcttt	CAGQTRTGANSKLTF	tgtgctgggcagacgcgtactggagccaatagtaagctgacattt	CSARGTLGWETQYF	tgcagtgctagaggcactctaggatgggagacccagtacttc	2	1	2	2	1
clonotype72	UNK_S	2	TRAV10*01	TRAJ36*01			TRBV7-3*01	TRBJ1-6*01	CVVSVQTGANNLFF	tgtgtggtgagcgttcaaactggggcaaacaacctcttcttt			CASSLGDNHSPLHF	tgtgccagcagcttaggggacaaccattcacccctccacttt	2	0	2	1	1
clonotype720	UNK_S	1	TRAV9-2*01	TRAJ49*01			TRBV20-1*01	TRBJ2-2*01	CALSTNTGNQFYF	tgtgctctgagcacgaacaccggtaaccagttctatttt			CSARGVLPTGELFF	tgcagtgctagaggtgtactacccaccggggagctgtttttt	1	0	1	1	1
clonotype721	UNK_S	1	TRAV8-4*01	TRAJ6*01	TRAV12-1*01	TRAJ5*01	TRBV20-1*01	TRBJ2-3*01	CAVTEEGGPGGSYIPTF	tgtgctgtgaccgaggagggggggccgggaggaagctacatacctacattt	CVVNRKGRRALTF	tgtgtggtgaacaggaagggcaggagagcacttactttt	CSARASESTDTQYF	tgcagtgctagggctagcgagagcacagatacgcagtatttt	2	1	2	2	1
clonotype722	UNK_S	1	TRAV13-1*01	TRAJ10*01	TRAV17*01	TRAJ21*01	TRBV20-1*01	TRBJ2-1*01	CAAKGGVTGGGNKLTF	tgtgcagcaaaagggggggtcacgggaggaggaaacaaactcaccttt	CATVIYNFNKFYF	tgtgctacggtcatatacaacttcaacaaattttacttt	CSARGAASYNEQFF	tgcagtgctaggggagcggcctcctacaatgagcagttcttc	2	1	2	2	1
clonotype723	UNK_S	1	TRAV35*01	TRAJ49*01			TRBV20-1*01	TRBJ1-5*01	CAGQSYPNTGNQFYF	tgtgctgggcagtcctatccgaacaccggtaaccagttctatttt			CSASVRAKDQPQHF	tgcagtgctagtgttcgggcaaaggatcagccccagcatttt	1	0	1	1	1
clonotype724	UNK_S	1	TRAV8-1*01	TRAJ20*01			TRBV20-1*01	TRBJ1-5*01	CARRSNDYKLSF	tgtgcccgccgttctaacgactacaagctcagcttt			CSASSYLDNQPQHF	tgcagtgctagttcttacttagacaatcagccccagcatttt	1	0	1	1	1
clonotype725	UNK_S	1	TRAV27*01	TRAJ24*01			TRBV20-1*01	TRBJ2-2*01	CAGARATDSWGKLQF	tgtgcaggagctcgggcaactgacagctgggggaaattgcagttt			CSASLAGNTGELFF	tgcagtgctagtttggcagggaacaccggggagctgtttttt	1	0	1	1	1
clonotype726	UNK_S	1	TRAV19*01	TRAJ10*01	TRAV12-2*01	TRAJ39*01	TRBV20-1*01	TRBJ1-5*01	CALRVRTGGGNKLTF	tgtgctctgagagtaaggacgggaggaggaaacaaactcaccttt	CAVHHAGNMLTF	tgtgccgtgcaccatgcaggcaacatgctcaccttt	CSAPSGGNNQPQHF	tgcagtgctccctcagggggaaacaatcagccccagcatttt	2	1	2	2	1
clonotype727	UNK_S	1	TRAV13-1*01	TRAJ5*01	TRAV8-2*01	TRAJ35*01	TRBV20-1*01	TRBJ2-1*01	CAATYTGRRALTF	tgtgcagcaacctacacgggcaggagagcacttactttt	CVVKPVGFGNVLHC	tgtgttgtgaaacccgttggctttgggaatgtgctgcattgc	CSAVKNSGSDEQFF	tgcagtgccgttaagaattccgggtcggatgagcagttcttc	2	1	2	2	1
clonotype728	UNK_S	1	TRAV12-1*01	TRAJ36*01			TRBV20-1*01	TRBJ2-5*01	CVVNKGGANNLFF	tgtgtggtgaacaagggtggggcaaacaacctcttcttt			CSATRGAGQETQYF	tgcagtgctacgaggggggcaggccaagagacccagtacttc	1	0	1	1	1
clonotype729	UNK_S	1	TRAV5*01	TRAJ39*01	TRAV14/DV4*01	TRAJ15*01	TRBV20-1*01	TRBJ2-4*01	CAEGNAGNMLTF	tgtgcagagggtaatgcaggcaacatgctcaccttt	CAMREPNQAGTALIF	tgtgcaatgagagagccaaaccaggcaggaactgctctgatcttt	CSARVNRGGDIQYF	tgcagtgctagagttaacagggggggggacattcagtacttc	2	1	2	2	1
clonotype73	UNK_S	2	TRAV1-1*01	TRAJ33*01			TRBV10-3*01	TRBJ2-3*01	CAVIDSNYQLIW	tgcgctgtgatcgatagcaactatcagttaatctgg			CAISESTVGAHTQYF	tgtgccatcagtgagtcgacggttggggcacatacgcagtatttt	2	0	2	1	1
clonotype730	UNK_S	1	TRAV13-1*01	TRAJ17*01			TRBV20-1*01	TRBJ1-1*01	CAASMAAGNKLTF	tgtgcagcaagtatggctgcaggcaacaagctaactttt			CSARNRLRNTEAFF	tgcagtgctaggaacaggcttaggaacactgaagctttcttt	1	0	1	1	1
clonotype731	UNK_S	1	TRAV17*01	TRAJ7*01			TRBV20-1*01	TRBJ2-2*01	CATDVGGNNRLAF	tgtgctacggacgtaggggggaacaacagactcgctttt			CSAVPGLGVGELFF	tgcagtgctgtcccgggactaggggtcggggagctgtttttt	1	0	1	1	1
clonotype732	UNK_S	1	TRAV17*01	TRAJ30*01			TRBV18*01	TRBJ2-1*01	CATDSNRDDKIIF	tgtgctacggactcgaacagagatgacaagatcatcttt			CASSPGLGQFF	tgtgccagctcaccagggctagggcagttcttc	1	0	1	1	1
clonotype733	UNK_S	1	TRAV17*01	TRAJ7*01			TRBV18*01	TRBJ2-5*01	CATDGDGNNRLAF	tgtgctacggacggcgatgggaacaacagactcgctttt			CASSLKETQYF	tgtgccagctcactcaaagagacccagtacttc	1	0	1	1	1
clonotype734	UNK_S	1	TRAV13-2*01	TRAJ29*01			TRBV12-3*01	TRBJ2-5*01	CAESSGNTPLVF	tgtgcagagtcttcaggaaacacacctcttgtcttt			CASSGSWTQYF	tgtgccagcagtggcagttggacccagtacttc	1	0	1	1	1
clonotype735	UNK_S	1	TRAV38-2/DV8*01	TRAJ20*01			TRBV2*01	TRBJ2-1*01	CAYRGYKLSF	tgtgcttataggggctacaagctcagcttt			CASSDGREEFF	tgtgccagcagtgacggtcgggaagagttcttc	1	0	1	1	1
clonotype736	UNK_S	1	TRAV13-2*01	TRAJ24*01	TRAV8-6*01	TRAJ4*01	TRBV28*01	TRBJ1-1*01	CAELDSWGKLQF	tgtgcagagcttgacagctgggggaaattgcagttt	CAVNLSGGYNKLIF	tgtgctgtgaatctttctggtggctacaataagctgattttt	CASKLVSTEAFF	tgtgccagcaagttagtctctactgaagctttcttt	2	1	2	2	1
clonotype737	UNK_S	1	TRAV9-2*01	TRAJ9*01			TRBV28*01	TRBJ2-5*01	CALRDTGGFKTIF	tgtgctctgagagatactggaggcttcaaaactatcttt			CASRQLQETQYF	tgtgccagcaggcagctccaagagacccagtacttc	1	0	1	1	1
clonotype738	UNK_S	1	TRAV2*01	TRAJ22*01			TRBV28*01	TRBJ1-1*01	CAASPGSARQLTF	tgtgctgcgtctcctggttctgcaaggcaactgaccttt			CASSRGSTEAFF	tgtgccagcagtagggggtccactgaagctttcttt	1	0	1	1	1
clonotype739	UNK_S	1	TRAV13-1*01	TRAJ6*01			TRBV28*01	TRBJ2-3*01	CASLAGGSYIPTF	tgtgcatcgctcgcaggaggaagctacatacctacattt			CASSPNTDTQYF	tgtgccagcagtcctaacacagatacgcagtatttt	1	0	1	1	1
clonotype74	UNK_S	2	TRAV1-2*01	TRAJ12*01			TRBV9*01	TRBJ2-1*01	CAVKKDSSYKLIF	tgtgctgtgaagaaggatagcagctataaattgatcttc			CASSPGLAPNNEQFF	tgtgccagcagccccggactagcgcccaacaatgagcagttcttc	2	0	2	1	1
clonotype740	UNK_S	1	TRAV8-1*01	TRAJ49*01			TRBV28*01	TRBJ2-5*01	CAVTNTGNQFYF	tgtgccgtgaccaacaccggtaaccagttctatttt			CASSRDRLAQYF	tgtgccagcagtcgcgacaggctggcccagtacttc	1	0	1	1	1
clonotype741	UNK_S	1	TRAV13-1*01	TRAJ53*01			TRBV28*01	TRBJ2-7*01	CAASGGSNYKLTF	tgtgcagcaagtggaggtagcaactataaactgacattt			CASSFLPYEQYF	tgtgccagcagttttcttccctacgagcagtacttc	1	0	1	1	1
clonotype742	UNK_S	1	TRAV13-1*01	TRAJ26*01			TRBV10-2*01	TRBJ2-1*01	CAASNNYGQNFVF	tgtgcagcaagtaataactatggtcagaattttgtcttt			CASGVGANEQFF	tgcgccagtggggtgggggccaatgagcagttcttc	1	0	1	1	1
clonotype743	UNK_S	1	TRAV12-2*01	TRAJ9*01			TRBV27*01	TRBJ2-1*01	CAADTGGFKTIF	tgtgccgccgatactggaggcttcaaaactatcttt			CASSSQGNEQFF	tgtgccagcagctcccaggggaatgagcagttcttc	1	0	1	1	1
clonotype744	UNK_S	1	TRAV21*01	TRAJ15*01			TRBV5-6*01	TRBJ1-2*01	CAVTDQAGTALIF	tgtgctgtgacggaccaggcaggaactgctctgatcttt			CASSSDSYGYTF	tgtgccagcagctcggacagctatggctacaccttc	1	0	1	1	1
clonotype745	UNK_S	1	TRAV13-2*01	TRAJ20*01			TRBV5-1*01	TRBJ1-6*01	CAENSNDYKLSF	tgtgcagagaattctaacgactacaagctcagcttt			CASTGSQGPLHF	tgcgccagcaccgggagtcagggtcccctccacttt	1	0	1	1	1
clonotype746	UNK_S	1	TRAV12-2*01	TRAJ11*01			TRBV15*01	TRBJ2-7*01	CAVRLGYSTLTF	tgtgccgtgagattaggatacagcaccctcaccttt			CATSRQGGEQYV	tgtgccaccagcagacaggggggagagcagtacgtc	1	0	1	1	1
clonotype747	UNK_S	1	TRAV9-2*01	TRAJ9*01			TRBV14*01	TRBJ2-7*01	CALWNTGGFKTIF	tgtgctctctggaatactggaggcttcaaaactatcttt			CASSRDYEQYF	tgtgccagcagccgggattacgagcagtacttc	1	0	1	1	1
clonotype748	UNK_S	1	TRAV12-2*01	TRAJ15*01			TRBV19*01	TRBJ1-2*01	CAGPNQAGTALIF	tgtgccgggccaaaccaggcaggaactgctctgatcttt			CASTAGDYGYTF	tgtgccagtacggcgggggactatggctacaccttc	1	0	1	1	1
clonotype749	UNK_S	1	TRAV39*01	TRAJ45*01			TRBV19*01	TRBJ1-2*01	CAVDPYSGGGADGLTF	tgtgccgtggacccgtattcaggaggaggtgctgacggactcaccttt			CASSISSRGYTF	tgtgccagtagtatatcttcgaggggctacaccttc	1	0	1	1	1
clonotype75	UNK_S	2	TRAV9-2*01	TRAJ36*01			TRBV27*01	TRBJ2-1*01	CASGANNLFF	tgtgcctctggggcaaacaacctcttcttt			CASSPDWSSYNEQFF	tgtgccagcagcccagactggagctcctacaatgagcagttcttc	2	0	2	1	1
clonotype750	UNK_S	1	TRAV20*01	TRAJ39*01			TRBV19*01	TRBJ1-1*01	CAAPADNAGNMLTF	tgtgctgccccagctgataatgcaggcaacatgctcaccttt			CATSAGVTEAFF	tgtgccacctcggcgggggttactgaagctttcttt	1	0	1	1	1
clonotype751	UNK_S	1	TRAV23/DV6*01	TRAJ23*01	TRAV5*01	TRAJ33*01	TRBV6-6*01	TRBJ1-1*01	CAASIFQGGKLIF	tgtgcagcaagcattttccagggaggaaagcttatcttc	CAESNGSNYQLIW	tgtgcagagagtaacggtagcaactatcagttaatctgg	CATAGGFTEAFF	tgtgccaccgccgggggcttcactgaagctttcttt	2	1	2	2	1
clonotype752	UNK_S	1	TRAV12-1*01	TRAJ38*01			TRBV6-6*01	TRBJ1-2*01	CVVNYAGNNRKLIW	tgtgtggtgaactatgctggcaacaaccgtaagctgatttgg			CASSYSDGGYTF	tgtgccagcagttactcggacgggggctacaccttc	1	0	1	1	1
clonotype753	UNK_S	1	TRAV5*01	TRAJ15*01			TRBV6-6*01	TRBJ1-1*01	CAESGQAGTALIF	tgtgcagagagtggccaggcaggaactgctctgatcttt			CASSSDNTEAFF	tgtgccagcagttcggataacactgaagctttcttt	1	0	1	1	1
clonotype754	UNK_S	1	TRAV12-2*01	TRAJ21*01			TRBV6-1*01	TRBJ1-3*01	CAALQYNFNKFYF	tgtgccgcccttcaatacaacttcaacaaattttacttt			CASSTGSNTIYF	tgtgccagcagtaccggcagcaacaccatatatttt	1	0	1	1	1
clonotype756	UNK_S	1	TRAV12-2*01	TRAJ9*01			TRBV6-1*01	TRBJ2-7*01	CAVINTGGFKTIF	tgtgccgtgatcaatactggaggcttcaaaactatcttt			CASGREVYEQYF	tgtgccagcgggcgggaggtatacgagcagtacttc	1	0	1	1	1
clonotype757	UNK_S	1	TRAV12-1*01	TRAJ29*01			TRBV6-2*01	TRBJ1-2*01	CVVPTDSGNTPLVF	tgtgtggtccccactgattcaggaaacacacctcttgtcttt			CASSSQNYGYTF	tgtgccagcagttcgcagaactatggctacaccttc	1	0	1	1	1
clonotype758	UNK_S	1	TRAV38-2/DV8*01	TRAJ49*01			TRBV30*01	TRBJ2-1*01	CAYRSANQFYF	tgtgcttataggagcgcgaaccagttctatttt			CAWSMGHGFAEQFF	tgtgcctggagtatgggtcatgggtttgctgagcagttcttc	1	0	1	1	1
clonotype76	UNK_S	2	TRAV25*01	TRAJ40*01			TRBV6-1*01	TRBJ2-2*01	CAGVTSGTYKYIF	tgtgcaggggttacctcaggaacctacaaatacatcttt			CASSEDSLDAGELFF	tgtgccagcagtgaagatagcctagatgccggggagctgtttttt	2	0	2	1	1
clonotype760	UNK_S	1	TRAV13-1*01	TRAJ36*01			TRBV30*01	TRBJ1-5*01	CAASKQTGANNLFF	tgtgcagcaagtaagcaaactggggcaaacaacctcttcttt			CAWSGAPSNQPQHF	tgtgcctggagcggggcacctagcaatcagccccagcatttt	1	0	1	1	1
clonotype761	UNK_S	1	TRAV21*01	TRAJ40*01			TRBV30*01	TRBJ2-7*01	CAVASTSGTYKYIF	tgtgctgttgcctctacctcaggaacctacaaatacatcttt			CAWSFGSGRNEQYF	tgtgcctggagcttcgggagcgggaggaacgagcagtacttc	1	0	1	1	1
clonotype762	UNK_S	1	TRAV13-2*01	TRAJ11*01			TRBV30*01	TRBJ2-1*01	CAEMERGYSTLTF	tgtgcagagatggagcggggatacagcaccctcaccttt			CAWRGRIIADEQFF	tgtgcctggagggggcgaattattgcggatgagcagttcttc	1	0	1	1	1
clonotype763	UNK_S	1	TRAV13-2*01	TRAJ45*01			TRBV30*01	TRBJ1-1*01	CAEKQGGADGLTF	tgtgcagagaaacaaggaggtgctgacggactcaccttt			CAWSVLGGDTEAFF	tgtgcctggagtgtactagggggggacactgaagctttcttt	1	0	1	1	1
clonotype764	UNK_S	1	TRAV41*01	TRAJ53*01			TRBV30*01	TRBJ1-5*01	CAVLRGGSNYKLTF	tgtgctgttttgcgtggaggtagcaactataaactgacattt			CACGGTGSNQPQHF	tgtgcctgtggtgggacagggagcaatcagccccagcatttt	1	0	1	1	1
clonotype765	UNK_S	1	TRAV8-3*01	TRAJ33*01			TRBV29-1*01	TRBJ1-2*01	CAAGGDSNYQLIW	tgtgctgcggggggtgatagcaactatcagttaatctgg			CSGAVAGDSYGYTF	tgcagcggagcggtggcaggggattcgtatggctacaccttc	1	0	1	1	1
clonotype766	UNK_S	1	TRAV12-3*01	TRAJ16*01			TRBV29-1*01	TRBJ2-2*01	CAMSGGGQKLLF	tgtgcaatgagcgggggtggccagaagctgctcttt			CSVLAGGKSGELFF	tgcagcgttctagcgggagggaaatccggggagctgtttttt	1	0	1	1	1
clonotype767	UNK_S	1	TRAV13-1*01	TRAJ45*01			TRBV29-1*01	TRBJ1-5*01	CAAHSGGGADGLTF	tgtgcagcccattcaggaggaggtgctgacggactcaccttt			CSVEDPPGAKPQHF	tgcagcgttgaagatccaccgggggcgaagccccagcatttt	1	0	1	1	1
clonotype768	UNK_S	1	TRAV8-3*01	TRAJ29*01			TRBV29-1*01	TRBJ2-4*01	CAVGEEGNTPLVF	tgtgctgtgggcgaggaaggaaacacacctcttgtcttt			CSVEDRAGVNIQYF	tgcagcgttgaagatcgagcgggagttaacattcagtacttc	1	0	1	1	1
clonotype769	UNK_S	1	TRAV12-3*01	TRAJ30*01			TRBV29-1*01	TRBJ2-1*01	CAMSYRDDKIIF	tgtgcaatgagctacagagatgacaagatcatcttt			CSVARSNTYNEQFF	tgcagcgttgctagatcaaacacctacaatgagcagttcttc	1	0	1	1	1
clonotype77	UNK_S	2	TRAV21*01	TRAJ34*01			TRBV2*01	TRBJ2-2*01	CAAANTDKLIF	tgtgctgcggcaaacaccgacaagctcatcttt			CASSRLASTGELFF	tgtgccagcagtcgactagccagtaccggggagctgtttttt	2	0	2	1	1
clonotype770	UNK_S	1	TRAV21*01	TRAJ31*01			TRBV29-1*01	TRBJ2-5*01	CAVRGQDNNARLMF	tgtgctgtgagaggccaggataacaatgccagactcatgttt			CSSGARGRGETQYF	tgcagctccggggcccggggacggggagagacccagtacttc	1	0	1	1	1
clonotype771	UNK_S	1	TRAV12-1*01	TRAJ30*01			TRBV20-1*01	TRBJ1-1*01	CVVNMGDRDDKIIF	tgtgtggtgaacatgggcgacagagatgacaagatcatcttt			CSATPGHPNTEAFF	tgcagtgcaactccgggacacccgaacactgaagctttcttt	1	0	1	1	1
clonotype772	UNK_S	1	TRAV36/DV7*01	TRAJ52*01			TRBV20-1*01	TRBJ2-3*01	CAAGGTSYGKLTF	tgtgctgctggtggtactagctatggaaagctgacattt			CSASSGSSTDTQYF	tgcagtgcatcttccgggagtagcacagatacgcagtatttt	1	0	1	1	1
clonotype773	UNK_S	1	TRAV13-1*01	TRAJ40*01			TRBV20-1*01	TRBJ2-2*01	CAASKRVGTYKYIF	tgtgcagcaagtaaaagggtcggaacctacaaatacatcttt			CSARKTGDTGELFF	tgcagtgctagaaagacaggagacaccggggagctgtttttt	1	0	1	1	1
clonotype774	UNK_S	1	TRAV13-2*01	TRAJ48*01			TRBV20-1*01	TRBJ1-2*01	CAEGLSGDEKLTF	tgtgcagagggcctctccggggatgagaaattaaccttt			CSARRDRNNYGYTF	tgcagtgctagaagggacagaaataactatggctacaccttc	1	0	1	1	1
clonotype775	UNK_S	1	TRAV2*01	TRAJ15*01			TRBV20-1*01	TRBJ2-3*01	CAVEGGQAGTALIF	tgtgctgtggagggaggtcaggcaggaactgctctgatcttt			CSARGASGADTQYF	tgcagtgctaggggggctagcggagcagatacgcagtatttt	1	0	1	1	1
clonotype776	UNK_S	1	TRAV12-1*01	TRAJ24*01			TRBV20-1*01	TRBJ2-5*01	CVVNTPDSWGKLQF	tgtgtggtgaacacccctgacagctgggggaaattgcagttt			CSASHLRDQETQYF	tgcagtgcttcccacctcagggaccaagagacccagtacttc	1	0	1	1	1
clonotype777	UNK_S	1	TRAV3*01	TRAJ29*01			TRBV20-1*01	TRBJ1-2*01	CAVSQSGNTPLVF	tgtgctgtgagccagtcaggaaacacacctcttgtcttt			CSVQRREGDYGYTF	tgcagtgttcagcgcagggaaggtgactatggctacaccttc	1	0	1	1	1
clonotype778	UNK_S	1	TRAV8-6*01	TRAJ48*01			TRBV20-1*01	TRBJ2-7*01	CAVGGFGNEKLTF	tgtgctgtgggaggctttggaaatgagaaattaaccttt			CSATTRDRVDEQYF	tgcagtgccacgacccgggacagggtggacgagcagtacttc	1	0	1	1	1
clonotype779	UNK_S	1	TRAV13-1*01	TRAJ21*01			TRBV20-1*01	TRBJ2-1*01	CAASNSGNFNKFYF	tgtgcagcaagtaatagtggcaacttcaacaaattttacttt			CSAPGRSSYNEQFF	tgcagtgccccggggagaagctcctacaatgagcagttcttc	1	0	1	1	1
clonotype78	UNK_S	2	TRAV12-1*01	TRAJ8*01			TRBV6-2*01	TRBJ1-5*01	CVVPAGFQKLVF	tgtgtggtgcccgcaggctttcagaaacttgtattt			CASSSMTVQAAPQHF	tgtgccagcagttcgatgactgtacaggcggcgccccagcatttt	2	0	2	1	1
clonotype780	UNK_S	1	TRAV3*01	TRAJ43*01			TRBV20-1*01	TRBJ2-2*01	CAVRVSNNNDMRF	tgtgctgtgagagtctccaataacaatgacatgcgcttt			CSARPGQNTGELFF	tgcagtgcgcgtccgggacagaacaccggggagctgtttttt	1	0	1	1	1
clonotype781	UNK_S	1	TRAV19*01	TRAJ33*01			TRBV20-1*01	TRBJ2-1*01	CALDSNYQLIW	tgtgctctggatagcaactatcagttaatctgg			CSARKGLASNEQFF	tgcagtgctagaaagggactagcgagtaatgagcagttcttc	1	0	1	1	1
clonotype782	UNK_S	1	TRAV21*01	TRAJ54*01			TRBV20-1*01	TRBJ2-7*01	CAVLPRNQAQKLVF	tgtgctgtcctcccccgcaaccaagcccagaagctggtattt			CSARISSGAYEQYF	tgcagtgctagaatatctagcggcgcctacgagcagtacttc	1	0	1	1	1
clonotype783	UNK_S	1	TRAV12-1*01	TRAJ48*01			TRBV20-1*01	TRBJ1-6*01	CVVNKDFGNEKLTF	tgtgtggtgaacaaggactttggaaatgagaaattaaccttt			CSARGKGLNSPLHF	tgcagtgctagaggaaagggacttaattcacccctccacttt	1	0	1	1	1
clonotype784	UNK_S	1	TRAV13-1*01	TRAJ17*01			TRBV20-1*01	TRBJ2-2*01	CAASRGAAGNKLTF	tgtgcagcaagtagaggagctgcaggcaacaagctaactttt			CSARVGLLQGELFF	tgcagtgctagagtgggactattgcaaggggagctgtttttt	1	0	1	1	1
clonotype786	UNK_S	1	TRAV17*01	TRAJ24*01			TRBV20-1*01	TRBJ2-2*01	CATALRGSWGKLQF	tgtgctacggccctacgcggcagctgggggaaattgcagttt			CSARGFVNTGELFF	tgcagtgctagggggttcgtgaacaccggggagctgtttttt	1	0	1	1	1
clonotype788	UNK_S	1	TRAV13-1*01	TRAJ17*01			TRBV20-1*01	TRBJ1-5*01	CAATYKAAGNKLTF	tgtgcagcaacctacaaagctgcaggcaacaagctaactttt			CSAGPGQPNQPQHF	tgcagtgctggaccgggacagccaaatcagccccagcatttt	1	0	1	1	1
clonotype79	UNK_S	2	TRAV9-2*01	TRAJ11*01			TRBV30*01	TRBJ1-5*01	CALLTGYSTLTF	tgtgctctccttacaggatacagcaccctcaccttt			CAWSVEAGASSNQPQHF	tgtgcctggagtgtagaggcaggggcctcgagcaatcagccccagcatttt	2	0	2	1	1
clonotype790	UNK_S	1	TRAV13-1*01	TRAJ39*01			TRBV20-1*01	TRBJ2-1*01	CALRTGNAGNMLTF	tgtgcattgcgaacgggtaatgcaggcaacatgctcaccttt			CSALLAGGNNEQFF	tgcagtgctttactagcgggagggaacaatgagcagttcttc	1	0	1	1	1
clonotype791	UNK_S	1	TRAV8-6*01	TRAJ23*01			TRBV18*01	TRBJ2-1*01	CAVSDDPGGKLIF	tgtgctgtgagtgacgatccgggaggaaagcttatcttc			CASSPLSEQFF	tgtgccagctcaccactctctgagcagttcttc	1	0	1	1	1
clonotype792	UNK_S	1	TRAV2*01	TRAJ29*01			TRBV12-3*01	TRBJ1-1*01	CAVEGTSGNTPLVF	tgtgctgtggaggggacatcaggaaacacacctcttgtcttt			CASSQGLEAFF	tgtgccagcagccagggccttgaagctttcttt	1	0	1	1	1
clonotype793	UNK_S	1	TRAV9-2*01	TRAJ9*01			TRBV12-3*01	TRBJ2-1*01	CALSDTTGGFKTIF	tgtgctctgagtgatactactggaggcttcaaaactatcttt			CASSSTREQFF	tgtgccagcagttctacccgtgagcagttcttc	1	0	1	1	1
clonotype794	UNK_S	1	TRAV12-2*01	TRAJ28*01			TRBV12-3*01	TRBJ1-1*01	CAVTGAGSYQLTF	tgtgccgtgaccggggctgggagttaccaactcactttc			CASSWNTEAFF	tgtgccagcagttggaacactgaagctttcttt	1	0	1	1	1
clonotype795	UNK_S	1	TRAV20*01	TRAJ20*01			TRBV2*01	TRBJ1-1*01	CAVGGGTNDYKLSF	tgtgctgtggggggggggaccaacgactacaagctcagcttt			CATTGGLEAFF	tgtgccacgacagggggccttgaagctttcttt	1	0	1	1	1
clonotype796	UNK_S	1	TRAV12-2*01	TRAJ37*01			TRBV2*01	TRBJ1-1*01	CAVSSSNTGKLIF	tgtgccgtttcctctagcaacacaggcaaactaatcttt			CASTRVGEAFF	tgtgccagcacccgggtaggtgaagctttcttt	1	0	1	1	1
clonotype797	UNK_S	1	TRAV21*01	TRAJ12*01			TRBV2*01	TRBJ2-3*01	CAVDKTDSSYKLIF	tgtgctgtggataaaacggatagcagctataaattgatcttc			CARTPTDTQYF	tgtgccaggacccctacggatacgcagtatttt	1	0	1	1	1
clonotype799	UNK_S	1	TRAV38-1*01	TRAJ43*01	TRAV12-1*01	TRAJ18*01	TRBV28*01	TRBJ1-1*01	CAFGYDVDMRF	tgtgctttcgggtatgatgttgacatgcgcttt	CVVNPAAGRGSTLGRLYF	tgtgtggtgaacccggcggcgggcagaggctcaaccctggggaggctatacttt	CASSLLGTEAFF	tgtgccagcagtttattgggtactgaagctttcttt	2	1	2	2	1
clonotype8	UNK_S	8	TRAV30*01	TRAJ53*01			TRBV7-8*01	TRBJ2-3*01	CGSEGGYGSNYKLTF	tgcggctcagagggaggttatggtagcaactataaactgacattt			CASSLGVAGGPDTQYF	tgtgccagcagcttaggcgtagcgggaggcccagatacgcagtatttt	8	0	8	1	1
clonotype80	UNK_S	2	TRAV2*01	TRAJ21*01			TRBV7-9*01	TRBJ2-1*01	CAVEGNFNKFYF	tgtgctgtggaggggaacttcaacaaattttacttt			CASSLGAGDVEQFF	tgtgccagcagcttaggagcgggagatgttgagcagttcttc	2	0	2	1	1
clonotype800	UNK_S	1	TRAV13-2*01	TRAJ13*01			TRBV7-9*01	TRBJ2-7*01	CAENSGGYQKVTF	tgtgcagagaattctgggggttaccagaaagttaccttt			CASSYSYEQYF	tgtgccagcagctactcctacgagcagtacttc	1	0	1	1	1
clonotype801	UNK_S	1	TRAV35*01	TRAJ52*01			TRBV7-2*01	TRBJ2-2*01	CAGLRAGGTSYGKLTF	tgtgctgggcttcgtgctggtggtactagctatggaaagctgacattt			CASSLRGELFF	tgtgccagcagcttaaggggggagctgtttttt	1	0	1	1	1
clonotype802	UNK_S	1	TRAV13-1*01	TRAJ11*01			TRBV7-6*01	TRBJ2-5*01	CAAGIFSGYSTLTF	tgtgcagcgggtatcttttcaggatacagcaccctcaccttt			CASSRGETQYF	tgtgccagcagccggggagagacccagtacttc	1	0	1	1	1
clonotype803	UNK_S	1	TRAV5*01	TRAJ24*01			TRBV10-1*01	TRBJ2-7*01	CAEGIDSWGKLQF	tgtgcagaggggattgacagctgggggaaattgcagttt			CASSGTSLEQYF	tgcgccagcagcgggacaagtctcgagcagtacttc	1	0	1	1	1
clonotype804	UNK_S	1	TRAV21*01	TRAJ23*01			TRBV27*01	TRBJ2-5*01	CAVPPYNQGGKLIF	tgtgctgtgccgccttataaccagggaggaaagcttatcttc			CASSSGGRPECF	tgtgccagcagtagcgggggcaggccagagtgcttc	1	0	1	1	1
clonotype805	UNK_S	1	TRAV19*01	TRAJ34*01	TRAV13-1*01	TRAJ20*01	TRBV27*01	TRBJ1-2*01	CALSEEYNTDKLIF	tgtgctctgagtgaggagtataacaccgacaagctcatcttt	CAARTGSNDYKLSF	tgtgcagcccgaacgggttctaacgactacaagctcagcttt	CASSPDQIYRFF	tgtgccagcagtcctgatcaaatttacaggttcttc	2	1	2	2	1
clonotype806	UNK_S	1	TRAV5*01	TRAJ39*01			TRBV27*01	TRBJ1-1*01	CAEVLNAGNMLTF	tgtgcagaggtcctaaatgcaggcaacatgctcaccttt			CASSLGGAEAFF	tgtgccagcagtttagggggcgccgaggctttcttt	1	0	1	1	1
clonotype807	UNK_S	1	TRAV13-1*01	TRAJ4*01			TRBV5-5*01	TRBJ1-3*01	CAASDSGGYNKLIF	tgtgcagcaagtgattctggtggctacaataagctgattttt			CASSPEGNTIYF	tgtgccagcagtcccgaaggaaacaccatatatttt	1	0	1	1	1
clonotype808	UNK_S	1	TRAV20*01	TRAJ52*01			TRBV5-1*01	TRBJ1-1*01	CAGGLGTSYGKLTF	tgtgctggaggcctgggtactagctatggaaagctgacattt			CASSPAGTEAFF	tgcgccagcagccccgccggcactgaagctttcttt	1	0	1	1	1
clonotype809	UNK_S	1	TRAV20*01	TRAJ43*01			TRBV5-1*01	TRBJ1-1*01	CAVHPNGVHNDMRF	tgtgctgtgcatccgaacggggtacacaatgacatgcgcttt			CASSLGGPGAFF	tgcgccagcagcttggggggaccgggagctttcttt	1	0	1	1	1
clonotype81	UNK_S	2	TRAV9-2*01	TRAJ3*01			TRBV7-2*01	TRBJ1-6*01	CALSSSASKIIF	tgtgctctgagcagcagtgcttccaagataatcttt			CASSSTQANSPLHF	tgtgccagcagctcgacacaagctaattcacccctccacttt	2	0	2	1	1
clonotype810	UNK_S	1	TRAV8-4*01	TRAJ49*01			TRBV3-1*01	TRBJ2-3*01	CAVTANTGNQFYF	tgtgctgtgacggcgaacaccggtaaccagttctatttt			CASSPPGNTQYF	tgtgccagcagccctccgggaaatacgcagtatttt	1	0	1	1	1
clonotype811	UNK_S	1	TRAV8-2*01	TRAJ16*01			TRBV3-1*01	TRBJ1-1*01	CVVIDSDGQKLLF	tgtgttgtgattgactcagatggccagaagctgctcttt			CASSLLGTEAFF	tgtgccagcagcctcctcggcactgaagctttcttt	1	0	1	1	1
clonotype812	UNK_S	1	TRAV20*01	TRAJ37*01	TRAV19*01	TRAJ48*01	TRBV4-2*01	TRBJ2-1*01	CAVQDPSNTGKLIF	tgtgctgtgcaggatcctagcaacacaggcaaactaatcttt	CARDHFGNEKLTF	tgtgctcgggatcactttggaaatgagaaattaaccttt	CASSKQGNEQFF	tgtgccagcagcaaacagggcaatgagcagttcttc	2	1	2	2	1
clonotype813	UNK_S	1	TRAV13-1*01	TRAJ11*01			TRBV4-2*01	TRBJ2-2*01	CAASMNSGYSTLTF	tgtgcagcaagtatgaattcaggatacagcaccctcaccttt			CASSQVTGELFF	tgtgccagcagccaggtcaccggggagctgtttttt	1	0	1	1	1
clonotype814	UNK_S	1	TRAV8-2*01	TRAJ10*01	TRAV12-1*01	TRAJ3*01	TRBV9*01	TRBJ2-1*01	CVVTFTPTGGGNKLTF	tgtgttgtgaccttcactcccacgggaggaggaaacaaactcaccttt	CVVNPGSSASKIIF	tgtgtggtgaacccggggagcagtgcttccaagataatcttt	CASSSRGTSQIF	tgtgccagcagctccagagggactagccagatcttc	2	1	2	2	1
clonotype815	UNK_S	1	TRAV8-3*01	TRAJ20*01			TRBV9*01	TRBJ2-7*01	CAVEAGNDYKLSF	tgtgctgtggaggcgggtaacgactacaagctcagcttt			CASSKDTYEQYF	tgtgccagctcaaaggacacctacgagcagtacttc	1	0	1	1	1
clonotype817	UNK_S	1	TRAV21*01	TRAJ28*01			TRBV19*01	TRBJ1-2*01	CAVDPPGAGSYQLTF	tgtgctgtcgatccccctggggctgggagttaccaactcactttc			CASSIGKYGYTF	tgtgccagtagtattggaaaatatggctacaccttc	1	0	1	1	1
clonotype818	UNK_S	1	TRAV5*01	TRAJ4*01			TRBV6-6*01	TRBJ2-5*01	CAETTSGGYNKLIF	tgtgcagagaccacttctggtggctacaataagctgattttt			CASSRRQETQYF	tgtgccagcagtagacggcaagagacccagtacttc	1	0	1	1	1
clonotype819	UNK_S	1	TRAV38-1*01	TRAJ22*01			TRBV6-1*01	TRBJ2-7*01	CAFSGSARQLTF	tgtgctttctctggttctgcaaggcaactgaccttt			CASKSQLGEQYF	tgtgccagcaagagccagttaggcgagcagtacttc	1	0	1	1	1
clonotype82	UNK_S	2	TRAV41*01	TRAJ49*01			TRBV6-2*01	TRBJ2-7*01	CAVSWPTGNQFYF	tgtgctgtcagttggcccaccggtaaccagttctatttt			CASSRYRGSSYEQYF	tgtgccagcagtcgatacagggggtcatcctacgagcagtacttc	2	0	2	1	1
clonotype820	UNK_S	1	TRAV3*01	TRAJ11*01			TRBV6-2*01	TRBJ2-5*01	CAVRKNSGYSTLTF	tgtgctgtgagaaagaattcaggatacagcaccctcaccttt			CASSDNQETQYF	tgtgccagcagtgataaccaagagacccagtacttc	1	0	1	1	1
clonotype821	UNK_S	1	TRAV20*01	TRAJ28*01			TRBV30*01	TRBJ1-5*01	CAVRPTSAGSYQLTF	tgtgctgtccgaccaacctcagctgggagttaccaactcactttc			CAWTPDNLGQPQHF	tgtgcctggacccccgacaatttgggtcagccccagcatttt	1	0	1	1	1
clonotype822	UNK_S	1	TRAV8-3*01	TRAJ35*01			TRBV30*01	TRBJ1-6*01	CAVGAGGFGNVLHC	tgtgctgtgggtgcggggggctttgggaatgtgctgcattgc			CAWSRYGSNSPLHF	tgtgcctggagtagatatgggtctaattcacccctccacttt	1	0	1	1	1
clonotype823	UNK_S	1	TRAV3*01	TRAJ33*01			TRBV29-1*01	TRBJ2-7*01	CAVRDGDSNYQLIW	tgtgctgtgagagacggggatagcaactatcagttaatctgg			CSVARQGRSYEQYF	tgcagcgtcgcccgacaggggaggtcctacgagcagtacttc	1	0	1	1	1
clonotype824	UNK_S	1	TRAV3*01	TRAJ6*01			TRBV20-1*01	TRBJ1-4*01	CAVRRSGGSYIPTF	tgtgctgtgagacgatcaggaggaagctacatacctacattt			CSARPRQANEKLFF	tgcagtgctagaccccgacaggcaaatgaaaaactgtttttt	1	0	1	1	1
clonotype825	UNK_S	1	TRAV13-1*01	TRAJ4*01			TRBV20-1*01	TRBJ1-1*01	CAASLFSGGYNKLIF	tgtgcagcaagcttgttttctggtggctacaataagctgattttt			CSAREGRGNTEAFF	tgcagtgctagagaaggacgggggaacactgaagctttcttt	1	0	1	1	1
clonotype826	UNK_S	1	TRAV5*01	TRAJ22*01			TRBV20-1*01	TRBJ2-1*01	CAETYSGSARQLTF	tgtgcagagacttattctggttctgcaaggcaactgaccttt			CSARGEAPRNEQFF	tgcagtgctagaggggaagcgccgaggaatgagcagttcttc	1	0	1	1	1
clonotype827	UNK_S	1	TRAV8-4*01	TRAJ48*01			TRBV20-1*01	TRBJ2-1*01	CAVRANFGNEKLTF	tgtgctgtgagggctaactttggaaatgagaaattaaccttt			CSVKDRPIYNEQFF	tgcagtgtgaaagaccgaccaatttacaatgagcagttcttc	1	0	1	1	1
clonotype83	UNK_S	2	TRAV38-2/DV8*01	TRAJ52*01	TRAV12-3*01	TRAJ54*01	TRBV7-3*01	TRBJ2-5*01	CAYSNAGGTSYGKLTF	tgtgcttactctaatgctggtggtactagctatggaaagctgacattt	CAMGPGAQKLVF	tgtgcaatgggtcccggagcccagaagctggtattt	CASSPHRGQETQYF	tgtgccagcagccctcaccggggacaagagacccagtacttc	3	2	4	2	1
clonotype830	UNK_S	1	TRAV12-3*01	TRAJ54*01			TRBV20-1*01	TRBJ1-1*01	CAMRVWGAQKLVF	tgtgcaatgagagtatggggagcccagaagctggtattt			CSARNGEGNTEAFF	tgcagtgctagaaacggagaggggaacactgaagctttcttt	1	0	1	1	1
clonotype831	UNK_S	1	TRAV13-1*01	TRAJ44*01			TRBV20-1*01	TRBJ1-6*01	CAASANTGTASKLTF	tgtgcagcaagtgcgaataccggcactgccagtaaactcaccttt			CSARDRGRHSPLHF	tgcagtgctagagatagggggcgacattcacccctccacttt	1	0	1	1	1
clonotype832	UNK_S	1	TRAV21*01	TRAJ56*01			TRBV20-1*01	TRBJ2-7*01	CAVRPNTGANSKLTF	tgtgctgtgaggccgaacactggagccaatagtaagctgacattt			CSARGQHLSYEQYF	tgcagtgctagaggtcagcatctctcctacgagcagtacttc	1	0	1	1	1
clonotype833	UNK_S	1	TRAV9-2*01	TRAJ17*01			TRBV20-1*01	TRBJ2-7*01	CALSEAWAAGNKLTF	tgtgctctgagtgaagcatgggctgcaggcaacaagctaactttt			CSARYQRGRQEQYF	tgcagtgctagataccagaggggaagacaggagcagtacttc	1	0	1	1	1
clonotype834	UNK_S	1	TRAV12-3*01	TRAJ37*01			TRBV20-1*01	TRBJ2-4*01	CAMRSSNTGKLIF	tgtgcaatgagatctagcaacacaggcaaactaatcttt			CSARPGRGQYIQYF	tgcagtgctaggccgggcagggggcaatacattcagtacttc	1	0	1	1	1
clonotype835	UNK_S	1	TRAV9-2*01	TRAJ27*01			TRBV2*01	TRBJ2-7*01	CALSDLGTNAGKSTF	tgtgctctgagtgatctaggcaccaatgcaggcaaatcaaccttt			CASKQGYEQYF	tgtgccagcaaacagggctacgagcagtacttc	1	0	1	1	1
clonotype836	UNK_S	1	TRAV19*01	TRAJ49*01			TRBV28*01	TRBJ2-7*01	CALRNTGNQFYF	tgtgctctgaggaacaccggtaaccagttctatttt			CASSLPLYEQYF	tgtgccagcagtcttcccctctacgagcagtacttc	1	0	1	1	1
clonotype837	UNK_S	1	TRAV8-6*01	TRAJ49*01			TRBV28*01	TRBJ2-7*01	CAVSGPNTGNQFYF	tgtgctgtgagtgggccgaacaccggtaaccagttctatttt			CASSLLGYEQYF	tgtgccagcagtttattaggctacgagcagtacttc	1	0	1	1	1
clonotype838	UNK_S	1	TRAV12-2*01	TRAJ33*01			TRBV11-2*01	TRBJ2-7*01	CAVAGLDSNYQLIW	tgtgccgtggccggcttggatagcaactatcagttaatctgg			CASSSTYEQYF	tgtgccagcagctcgacctacgagcagtacttc	1	0	1	1	1
clonotype839	UNK_S	1	TRAV38-1*01	TRAJ43*01			TRBV5-5*01	TRBJ2-2*01	CAFMYNNNDMRF	tgtgctttcatgtacaataacaatgacatgcgcttt			CASSKEAGELFF	tgtgccagcagcaaagaggccggggagctgtttttt	1	0	1	1	1
clonotype84	UNK_S	2	TRAV8-1*01	TRAJ3*01			TRBV6-1*01	TRBJ2-5*01	CAVITYSSASKIIF	tgtgccgtgattacgtacagcagtgcttccaagataatcttt			CASSERGLAWETQYF	tgtgccagcagcgaacggggactagcttgggagacccagtacttc	2	0	2	1	1
clonotype840	UNK_S	1	TRAV8-2*01	TRAJ23*01			TRBV5-1*01	TRBJ2-5*01	CVVGSYNQGGKLIF	tgtgttgtgggatcttataaccagggaggaaagcttatcttc			CASSLPEETQYF	tgcgccagcagcttgccggaagagacccagtacttc	1	0	1	1	1
clonotype841	UNK_S	1	TRAV13-2*01	TRAJ39*01			TRBV5-1*01	TRBJ2-2*01	CAEKVNNAGNMLTF	tgtgcagagaaagttaataatgcaggcaacatgctcaccttt			CASSLETRELFF	tgcgccagcagcttggagacccgggagctgtttttt	1	0	1	1	1
clonotype842	UNK_S	1	TRAV8-4*01	TRAJ4*01			TRBV5-1*01	TRBJ2-7*01	CAVGFSGGYNKLIF	tgtgctgtggggttttctggtggctacaataagctgattttt			CASSLGVEEQYF	tgcgccagcagcttgggtgtggaggagcagtacttc	1	0	1	1	1
clonotype843	UNK_S	1	TRAV17*01	TRAJ17*01			TRBV5-1*01	TRBJ2-1*01	CATDSIKAAGNKLTF	tgtgctacggactcgatcaaagctgcaggcaacaagctaactttt			CASSLSYNEQFF	tgcgccagcagcttgtcctacaatgagcagttcttc	1	0	1	1	1
clonotype844	UNK_S	1	TRAV8-3*01	TRAJ3*01			TRBV12-4*01	TRBJ1-2*01	CAVGAESSASKIIF	tgtgctgtgggtgcggaaagcagtgcttccaagataatcttt			CASSFNYGYTF	tgtgccagcagttttaactatggctacaccttc	1	0	1	1	1
clonotype845	UNK_S	1	TRAV13-1*01	TRAJ23*01			TRBV12-4*01	TRBJ2-5*01	CAAVGVDNQGGKLIF	tgtgcagcggtcggcgtggataaccagggaggaaagcttatcttc			CASSFQETQYF	tgtgccagcagttttcaagagacccagtacttc	1	0	1	1	1
clonotype846	UNK_S	1	TRAV8-4*01	TRAJ39*01			TRBV3-1*01	TRBJ2-2*01	CAVRGNNAGNMLTF	tgtgctgtgagggggaataatgcaggcaacatgctcaccttt			CASSQLAGELFF	tgtgccagcagccagttggccggggagctgtttttt	1	0	1	1	1
clonotype847	UNK_S	1	TRAV8-6*01	TRAJ54*01			TRBV3-1*01	TRBJ2-3*01	CAVSKIQGAQKLVF	tgtgctgtgagtaaaattcagggagcccagaagctggtattt			CASSSDTDTQYF	tgtgccagcagctcggacacagatacgcagtatttt	1	0	1	1	1
clonotype848	UNK_S	1	TRAV9-2*01	TRAJ39*01			TRBV4-2*01	TRBJ2-1*01	CALSLHNNAGNMLTF	tgtgctctgagccttcataataatgcaggcaacatgctcaccttt			CASSQDGGEQFF	tgtgccagcagccaagatgggggtgagcagttcttc	1	0	1	1	1
clonotype849	UNK_S	1	TRAV8-4*01	TRAJ10*01			TRBV9*01	TRBJ2-3*01	CAVSFTGGGNKLTF	tgtgctgtgagcttcacgggaggaggaaacaaactcaccttt			CASSVVGDTQYF	tgtgccagcagcgtagttggagatacgcagtatttt	1	0	1	1	1
clonotype85	UNK_S	2	TRAV8-3*01	TRAJ37*01	TRAV12-3*01	TRAJ30*01	TRBV20-1*01	TRBJ2-7*01	CAQGGSSNTGKLIF	tgtgcccaggggggctctagcaacacaggcaaactaatcttt	CAMSRGRDDKIIF	tgtgcaatgagccgagggagagatgacaagatcatcttt	CSARDRPGRGFDYEQYF	tgcagtgctagagataggccgggtaggggcttcgactacgagcagtacttc	3	2	4	2	1
clonotype850	UNK_S	1	TRAV8-4*01	TRAJ15*01			TRBV9*01	TRBJ2-1*01	CAVSANQAGTALIF	tgtgctgtgagtgccaaccaggcaggaactgctctgatcttt			CASRGSYNEQFF	tgtgccagccgggggagctacaatgagcagttcttc	1	0	1	1	1
clonotype851	UNK_S	1	TRAV12-1*01	TRAJ3*01			TRBV15*01	TRBJ2-2*01	CVLEPGYSSASKIIF	tgtgtgctcgagccggggtacagcagtgcttccaagataatcttt			CATSRLSGELFF	tgtgccaccagcaggttgtccggggagctgtttttt	1	0	1	1	1
clonotype852	UNK_S	1	TRAV8-1*01	TRAJ28*01			TRBV25-1*01	TRBJ2-2*01	CAVILVSVGSYQLTF	tgtgccgtgattctcgtctcggtagggagttaccaactcactttc			CASSGLTGELFF	tgtgccagcagtggactcaccggggagctgtttttt	1	0	1	1	1
clonotype853	UNK_S	1	TRAV17*01	TRAJ22*01			TRBV19*01	TRBJ1-6*01	CATVPISSGSARQLTF	tgtgctacggtcccgatttcttctggttctgcaaggcaactgaccttt			CASSGGASPLHF	tgtgccagtagtggaggggcctcacccctccacttt	1	0	1	1	1
clonotype854	UNK_S	1	TRAV14/DV4*01	TRAJ9*01			TRBV6-5*01	TRBJ1-2*01	CAMREGGGFKTIF	tgtgcaatgagagagggcggaggcttcaaaactatcttt			CASKGPHYGYTF	tgtgccagcaaagggcctcactatggctacaccttc	1	0	1	1	1
clonotype855	UNK_S	1	TRAV3*01	TRAJ3*01			TRBV6-2*01	TRBJ2-7*01	CAVRAEYSSASKIIF	tgtgctgtgagagccgagtacagcagtgcttccaagataatcttt			CASSSQSYEQYV	tgtgccagcagctcccagtcttacgagcagtacgtc	1	0	1	1	1
clonotype856	UNK_S	1	TRAV12-3*01	TRAJ17*01			TRBV30*01	TRBJ1-4*01	CAMSIKAAGNKLTF	tgtgcaatgagcatcaaagctgcaggcaacaagctaactttt			CAWSGAPAGEKLFF	tgtgcctggagtggggccccggccggggaaaaactgtttttt	1	0	1	1	1
clonotype857	UNK_S	1	TRAV38-2/DV8*01	TRAJ43*01			TRBV30*01	TRBJ1-6*01	CAYRSAGRNDMRF	tgtgcttataggagcgcgggaagaaatgacatgcgcttt			CAWWTGGENSPLHF	tgtgcctggtggacagggggcgaaaattcacccctccacttt	1	0	1	1	1
clonotype858	UNK_S	1	TRAV17*01	TRAJ52*01			TRBV30*01	TRBJ1-6*01	CATDGTGGTSYGKLTF	tgtgctacggacggcactggtggtactagctatggaaagctgacattt			CAWSVLGVGSPLHF	tgtgcctggagtgtactgggggtagggtcacccctccacttt	1	0	1	1	1
clonotype859	UNK_S	1	TRAV14/DV4*01	TRAJ49*01			TRBV29-1*01	TRBJ2-1*01	CAMREVTGNQFYF	tgtgcaatgagagaggttaccggtaaccagttctatttt			CSVGDRGTYNEQFF	tgcagcgtcggggacaggggaacctacaatgagcagttcttc	1	0	1	1	1
clonotype86	UNK_S	2	TRAV13-1*01	TRAJ48*01			TRBV11-2*01	TRBJ2-5*01	CAASLKDFGNEKLTF	tgtgcagcaagtttaaaggattttggaaatgagaaattaaccttt			CASSLYSSGETQYF	tgtgccagcagcttatactcatcaggagagacccagtacttc	2	0	2	1	1
clonotype860	UNK_S	1	TRAV17*01	TRAJ56*01			TRBV29-1*01	TRBJ2-1*01	CATVLHYTGANSKLTF	tgtgctacggtcctgcattatactggagccaatagtaagctgacattt			CSVDGGLSYNEQFF	tgcagcgttgatgggggtttgtcctacaatgagcagttcttc	1	0	1	1	1
clonotype861	UNK_S	1	TRAV38-1*01	TRAJ57*01			TRBV20-1*01	TRBJ1-2*01	CAFSEGGSEKLVF	tgtgctttctcggagggcggatctgaaaagctggtcttt			CSAGIIVTNYGYTF	tgcagtgcggggatcattgtcactaactatggctacaccttc	1	0	1	1	1
clonotype862	UNK_S	1	TRAV34*01	TRAJ52*01			TRBV20-1*01	TRBJ2-2*01	CGAPGAGGTSYGKLTF	tgtggagcccccggtgctggtggtactagctatggaaagctgacattt			CSAKDRTNTGELFF	tgcagtgctaaagacaggacgaacaccggggagctgtttttt	1	0	1	1	1
clonotype864	UNK_S	1	TRAV21*01	TRAJ22*01			TRBV20-1*01	TRBJ2-5*01	CAVSFLSSGSARQLTF	tgtgctgtgagctttctctcttctggttctgcaaggcaactgaccttt			CSARREGQEETQYF	tgcagtgctaggcgggagggccaggaagagacccagtacttc	1	0	1	1	1
clonotype865	UNK_S	1	TRAV38-1*01	TRAJ20*01			TRBV20-1*01	TRBJ2-3*01	CAFILSDDYKLSF	tgtgctttcattttatctgacgactacaagctcagcttt			CSAPSGTLTDTQYF	tgcagtgctccgagcgggaccctcacagatacgcagtatttt	1	0	1	1	1
clonotype866	UNK_S	1	TRAV12-3*01	TRAJ24*01			TRBV20-1*01	TRBJ2-4*01	CAMSLTDSWGKLQF	tgtgcaatgagcctaactgacagctgggggaaattgcagttt			CSALSGRAKNIQYF	tgcagtgctctaagcgggagggccaaaaacattcagtacttc	1	0	1	1	1
clonotype867	UNK_S	1	TRAV10*01	TRAJ26*01			TRBV20-1*01	TRBJ1-1*01	CVVSAWDYGQNFVF	tgtgtggtgagcgcgtgggactatggtcagaattttgtcttt			CSAPTGGAGPEAFF	tgcagtgcccccacagggggagcggggcctgaagctttcttt	1	0	1	1	1
clonotype868	UNK_S	1	TRAV12-3*01	TRAJ47*01			TRBV20-1*01	TRBJ2-1*01	CAMSSMEYGNKLVF	tgtgcaatgagctccatggaatatggaaacaagctggtcttt			CSAREPRAYNEQFF	tgcagtgctagagagcccagggcctacaatgagcagttcttc	1	0	1	1	1
clonotype869	UNK_S	1	TRAV8-4*01	TRAJ4*01			TRBV2*01	TRBJ2-4*01	CAVTRFSGGYNKLIF	tgtgctgtgactcgattttctggtggctacaataagctgattttt			CASSEGSFQYF	tgtgccagcagtgaagggagctttcagtacttc	1	0	1	1	1
clonotype870	UNK_S	1	TRAV8-6*01	TRAJ53*01	TRAV12-2*01	TRAJ11*01	TRBV2*01	TRBJ2-1*01	CAVSERSGGSNYKLTF	tgtgctgtgagtgagagaagtggaggtagcaactataaactgacattt	CAVTRVNSGYSTLTF	tgtgccgtgacacgggtgaattcaggatacagcaccctcaccttt	CASPRGNEQFF	tgtgccagccctcgtgggaatgagcagttcttc	2	1	2	2	1
clonotype871	UNK_S	1	TRAV14/DV4*01	TRAJ22*01			TRBV2*01	TRBJ1-1*01	CAMRPGSARQLTF	tgtgcaatgaggcccggttctgcaaggcaactgaccttt			CASLQNTEAFF	tgtgccagcttacagaacactgaagctttcttt	1	0	1	1	1
clonotype872	UNK_S	1	TRAV12-3*01	TRAJ13*01			TRBV24-1*01	TRBJ1-5*01	CAMSASGGYQKVTF	tgtgcaatgagcgcgtccgggggttaccagaaagttaccttt			CATSDFGGTQHF	tgtgccaccagtgatttcgggggaacccagcatttt	1	0	1	1	1
clonotype873	UNK_S	1	TRAV12-3*01	TRAJ26*01			TRBV5-8*01	TRBJ2-3*01	CAMSAIGYGQNFVF	tgtgcaatgagcgcgataggctatggtcagaattttgtcttt			CASSGSTDTQYF	tgtgccagcagcggcagcacagatacgcagtatttt	1	0	1	1	1
clonotype874	UNK_S	1	TRAV13-2*01	TRAJ45*01			TRBV10-3*01	TRBJ2-7*01	CAETPSGGGADGLTF	tgtgcagagaccccttcaggaggaggtgctgacggactcaccttt			CAISERAYEQYF	tgtgccatcagtgaaagggcctacgagcagtacttc	1	0	1	1	1
clonotype875	UNK_S	1	TRAV20*01	TRAJ37*01			TRBV10-3*01	TRBJ2-4*01	CAVQAGGSSNTGKLIF	tgtgctgtgcaggccggaggctctagcaacacaggcaaactaatcttt			CAISGDGNIQYF	tgtgccatcagtggggacggcaacattcagtacttc	1	0	1	1	1
clonotype877	UNK_S	1	TRAV12-3*01	TRAJ9*01			TRBV10-2*01	TRBJ1-1*01	CALRPYTGGFKTIF	tgtgcactaagaccctatactggaggcttcaaaactatcttt			CASTGMNTEAFF	tgcgccagcacaggaatgaacactgaagctttcttt	1	0	1	1	1
clonotype878	UNK_S	1	TRAV8-6*01	TRAJ4*01			TRBV27*01	TRBJ2-5*01	CAVTPFSGGYNKLIF	tgtgctgtgaccccgttttctggtggctacaataagctgattttt			CASRTSGETQYF	tgtgccagcaggacatcaggggagacccagtacttc	1	0	1	1	1
clonotype879	UNK_S	1	TRAV14/DV4*01	TRAJ21*01	TRAV13-2*01	TRAJ28*01	TRBV5-4*01	TRBJ1-1*01	CAMRGHNFNKFYF	tgtgcaatgagaggacacaacttcaacaaattttacttt	CAEKGTSGAGSYQLTF	tgtgcagagaaggggacctctggggctgggagttaccaactcactttc	CASSLGATEAFF	tgtgccagcagcttgggcgccactgaagctttcttt	2	1	2	2	1
clonotype88	UNK_S	2	TRAV8-4*01	TRAJ10*01			TRBV27*01	TRBJ1-1*01	CAVSVPQRGGNKLTF	tgtgctgtgagtgtcccccagcggggaggaaacaaactcaccttt			CASSFSGTANTEAFF	tgtgccagcagtttttccgggacagctaacactgaagctttcttt	2	0	2	1	1
clonotype880	UNK_S	1	TRAV21*01	TRAJ22*01			TRBV5-4*01	TRBJ2-1*01	CAVTQISSGSARQLTF	tgtgctgtcactcaaatttcttctggttctgcaaggcaactgaccttt			CASSLFGDEQFF	tgtgccagcagcttgttcggggatgagcagttcttc	1	0	1	1	1
clonotype881	UNK_S	1	TRAV38-2/DV8*01	TRAJ45*01			TRBV5-5*01	TRBJ1-2*01	CACLTGGADGLTF	tgtgcttgtttgacaggaggtgctgacggactcaccttt			CASSFRDFLYTF	tgtgccagcagcttccgggacttcctctacaccttc	1	0	1	1	1
clonotype882	UNK_S	1	TRAV8-4*01	TRAJ29*01			TRBV5-1*01	TRBJ2-7*01	CAVSEGDSGNTPLVF	tgtgctgtgagtgaaggggattcaggaaacacacctcttgtcttt			CASSSRETEQYF	tgcgccagcagctcccgggagaccgagcagtacttc	1	0	1	1	1
clonotype884	UNK_S	1	TRAV38-2/DV8*01	TRAJ48*01			TRBV9*01	TRBJ1-1*01	CAYRVSGNEKLTF	tgtgcttatagagtcagcggaaatgagaaattaaccttt			CASSKGTSEAFF	tgtgccagcagcaaagggacatctgaagctttcttt	1	0	1	1	1
clonotype885	UNK_S	1	TRAV8-3*01	TRAJ6*01			TRBV9*01	TRBJ2-3*01	CAVGHSSGGSYIPTF	tgtgctgtgggtcattcatcaggaggaagctacatacctacattt			CASSASPDTQYF	tgtgccagcagcgcctctccagatacgcagtatttt	1	0	1	1	1
clonotype886	UNK_S	1	TRAV8-4*01	TRAJ4*01	TRAV23/DV6*01	TRAJ36*01	TRBV9*01	TRBJ2-2*01	CAVRLVSGGYNKLIF	tgtgctgtgagactcgtttctggtggctacaataagctgattttt	CAASDQTGANNLFF	tgtgcagcctccgatcaaactggggcaaacaacctcttcttt	CASSVGAGELFF	tgtgccagcagcgtaggagccggggagctgtttttt	2	1	2	2	1
clonotype887	UNK_S	1	TRAV38-2/DV8*01	TRAJ30*01			TRBV15*01	TRBJ1-2*01	CAYRRNRDDKIIF	tgtgcttataggaggaacagagatgacaagatcatcttt			CATSVQGSGYTF	tgtgccaccagcgtacagggatccggctacaccttc	1	0	1	1	1
clonotype888	UNK_S	1	TRAV8-1*01	TRAJ37*01			TRBV25-1*01	TRBJ2-2*01	CAVRFHGSSNTGKLIF	tgtgccgtgaggttccatggctctagcaacacaggcaaactaatcttt			CASSEYSGELFF	tgtgccagcagtgaatatagtggggagctgtttttt	1	0	1	1	1
clonotype889	UNK_S	1	TRAV14/DV4*01	TRAJ12*01	TRAV12-3*01	TRAJ37*01	TRBV19*01	TRBJ1-1*01	CAMKSVDSSYKLIF	tgtgcaatgaagtcggtggatagcagctataaattgatcttc	CAMRGGSSNTGKLIF	tgtgcaatgagggggggctctagcaacacaggcaaactaatcttt	CASSIRGTEAFF	tgtgccagtagtatacgagggactgaagctttcttt	2	1	2	2	1
clonotype890	UNK_S	1	TRAV12-3*01	TRAJ17*01	TRAV29/DV5*01	TRAJ29*01	TRBV6-1*01	TRBJ2-7*01	CAMTLIKAAGNKLTF	tgtgcaatgaccttgatcaaagctgcaggcaacaagctaactttt	CAAPSGNTPLVF	tgtgcagcaccttcaggaaacacacctcttgtcttt	CASSERRYEQYF	tgtgccagcagtgaaaggcgctacgagcagtacttc	2	1	2	2	1
clonotype891	UNK_S	1	TRAV10*01	TRAJ31*01			TRBV30*01	TRBJ1-2*01	CVVSATKNNNARLMF	tgtgtggtgagcgcaacaaagaataacaatgccagactcatgttt			CAWSSHRVSYGYTF	tgtgcctggagttcccacagggtctcctatggctacaccttc	1	0	1	1	1
clonotype892	UNK_S	1	TRAV17*01	TRAJ52*01			TRBV30*01	TRBJ2-1*01	CATNSNAGGTSYGKLTF	tgtgctacgaatagtaatgctggtggtactagctatggaaagctgacattt			CAWTPLARGHEQFF	tgtgcctggaccccgctagcccgggggcatgagcagttcttc	1	0	1	1	1
clonotype893	UNK_S	1	TRAV24*01	TRAJ16*01			TRBV30*01	TRBJ2-7*01	CASSRFSDGQKLLF	tgtgcctcctctcggttttcagatggccagaagctgctcttt			CAWSDFNLPGEQYF	tgtgcctggagtgacttcaacttaccgggcgagcagtacttc	1	0	1	1	1
clonotype894	UNK_S	1	TRAV12-3*01	TRAJ10*01			TRBV29-1*01	TRBJ2-7*01	CAMSGVTGGGNKLTF	tgtgcaatgagcggggtcacgggaggaggaaacaaactcaccttt			CSALTSGRAYEQYF	tgcagcgccctgactagcgggagggcctacgagcagtacttc	1	0	1	1	1
clonotype895	UNK_S	1	TRAV3*01	TRAJ38*01			TRBV29-1*01	TRBJ2-2*01	CAVRASGAGNNRKLIW	tgtgctgtgagagcctcgggggctggcaacaaccgtaagctgatttgg			CSGGWGHDTGELFF	tgcagcggggggtgggggcacgacaccggggagctgtttttt	1	0	1	1	1
clonotype896	UNK_S	1	TRAV19*01	TRAJ33*01			TRBV29-1*01	TRBJ2-1*01	CALRSTDSNYQLIW	tgtgctctgaggagtacggatagcaactatcagttaatctgg			CSVASRGPYNEQFF	tgcagcgtggcctccaggggcccctacaatgagcagttcttc	1	0	1	1	1
clonotype897	UNK_S	1	TRAV8-1*01	TRAJ8*01			TRBV29-1*01	TRBJ2-7*01	CAVNYLKNTGFQKLVF	tgtgccgtgaattacttaaagaacacaggctttcagaaacttgtattt			CSVVSLDDSYEQYF	tgcagcgttgtctcgctagacgactcctacgagcagtacttc	1	0	1	1	1
clonotype898	UNK_S	1	TRAV8-4*01	TRAJ28*01			TRBV29-1*01	TRBJ2-7*01	CAVSEGSGAGSYQLTF	tgtgctgtgagtgaaggctctggggctgggagttaccaactcactttc			CSVSTSGNIYEQYF	tgcagcgtttcgactagcgggaatatctacgagcagtacttc	1	0	1	1	1
clonotype899	UNK_S	1	TRAV14/DV4*01	TRAJ52*01			TRBV29-1*01	TRBJ2-5*01	CAMGGGTSYGKLTF	tgtgcaatgggtggtggtactagctatggaaagctgacattt			CSVWTGLNQETQYF	tgcagcgtttggaccggactcaaccaagagacccagtacttc	1	0	1	1	1
clonotype90	UNK_S	2	TRAV5*01	TRAJ3*01			TRBV3-1*01	TRBJ1-4*01	CAEGSGYSSASKIIF	tgtgcagagggatcggggtacagcagtgcttccaagataatcttt			CASSPRDGPSEKLFF	tgtgccagcagcccccgggacggaccgagtgaaaaactgtttttt	2	0	2	1	1
clonotype900	UNK_S	1	TRAV12-2*01	TRAJ52*01			TRBV20-1*01	TRBJ2-7*01	CAVSSRDGTSYGKLTF	tgtgccgtgagttcccgggatggtactagctatggaaagctgacattt			CSASVAGHGYEQYV	tgcagtgcatccgtagcgggacacgggtacgagcagtacgtc	1	0	1	1	1
clonotype901	UNK_S	1	TRAV38-2/DV8*01	TRAJ54*01			TRBV20-1*01	TRBJ2-1*01	CAYSLLQGAQKLVF	tgtgcttatagtttgctccagggagcccagaagctggtattt			CSAVGGVTYNEQFF	tgcagtgcggtggggggagtcacctacaatgagcagttcttc	1	0	1	1	1
clonotype902	UNK_S	1	TRAV12-3*01	TRAJ8*01			TRBV20-1*01	TRBJ2-4*01	CAMSDWGTGFQKLVF	tgtgcaatgagcgattggggcacaggctttcagaaacttgtattt			CSATQSAPKNIQYF	tgcagtgctacccagtcagcccccaaaaacattcagtacttc	1	0	1	1	1
clonotype903	UNK_S	1	TRAV8-3*01	TRAJ45*01			TRBV20-1*01	TRBJ2-7*01	CAVGALTGGGADGLTF	tgtgctgtgggtgccttaacaggaggaggtgctgacggactcaccttt			CSARDPRGRDEQYF	tgcagtgctagagaccccaggggacgcgacgagcagtacttc	1	0	1	1	1
clonotype904	UNK_S	1	TRAV12-1*01	TRAJ13*01			TRBV20-1*01	TRBJ2-7*01	CVVNWGSYSGGYQKVTF	tgtgtggtgaactgggggtcctattctgggggttaccagaaagttaccttt			CSARVPVNSYEQYF	tgcagtgctagagtgccagtcaactcctacgagcagtacttc	1	0	1	1	1
clonotype905	UNK_S	1	TRAV19*01	TRAJ20*01			TRBV18*01	TRBJ2-7*01	CALSELSNDYKLSF	tgtgctctgagtgagctatctaacgactacaagctcagcttt			CASSHSYEQYF	tgtgccagctctcactcctacgagcagtacttc	1	0	1	1	1
clonotype906	UNK_S	1	TRAV19*01	TRAJ49*01			TRBV2*01	TRBJ2-7*01	CALSEAVSGNQFYF	tgtgctctgagtgaggcggtgtccggtaaccagttctatttt			CASSEPYEQYV	tgtgccagcagtgaaccgtacgagcagtacgtc	1	0	1	1	1
clonotype907	UNK_S	1	TRAV17*01	TRAJ52*01			TRBV5-1*01	TRBJ2-1*01	CATDFNAGGTSYGKLTF	tgtgctacggactttaatgctggtggtactagctatggaaagctgacattt			CASKFLGYEQFF	tgcgccagcaaattcctagggtatgagcagttcttc	1	0	1	1	1
clonotype908	UNK_S	1	TRAV19*01	TRAJ26*01			TRBV5-1*01	TRBJ1-2*01	CALSADNYGQNFVF	tgtgctctgagtgccgataactatggtcagaattttgtcttt			CASSGSNYGYTF	tgcgccagcagcggcagcaactatggctacaccttc	1	0	1	1	1
clonotype909	UNK_S	1	TRAV21*01	TRAJ37*01			TRBV5-1*01	TRBJ1-1*01	CAAILSHGSSNTGKLIF	tgtgctgccatattatcccatggctctagcaacacaggcaaactaatcttt			CASRLGATEAFF	tgcgccagcaggttaggggcgactgaagctttcttt	1	0	1	1	1
clonotype91	UNK_S	2	TRAV3*01	TRAJ23*01			TRBV14*01	TRBJ2-7*01	CAVRDRSNQGGKLIF	tgtgctgtgagagacaggagtaaccagggaggaaagcttatcttc			CASSTTTGRYEQYF	tgtgccagcagcactacgacagggcgctacgagcagtacttc	2	0	2	1	1
clonotype910	UNK_S	1	TRAV38-2/DV8*01	TRAJ39*01			TRBV5-1*01	TRBJ2-2*01	CAYRSGDAGNMLTF	tgtgcttataggagcggagatgcaggcaacatgctcaccttt			CASSLDTGELFF	tgcgccagctccctagacaccggggagctgtttttt	1	0	1	1	1
clonotype912	UNK_S	1	TRAV38-1*01	TRAJ43*01			TRBV15*01	TRBJ2-7*01	CAFMKPLNNNDMRF	tgtgctttcatgaagccccttaataacaatgacatgcgcttt			CATSTTVGEQYF	tgtgccaccagcaccaccgttggagagcagtacttc	1	0	1	1	1
clonotype913	UNK_S	1	TRAV34*01	TRAJ52*01			TRBV6-6*01	TRBJ2-7*01	CGADDLNAGGTSYGKLTF	tgtggagcagacgaccttaatgctggtggtactagctatggaaagctgacattt			CASSSRLDEQYF	tgtgccagcagttcccgattggacgagcagtacttc	1	0	1	1	1
clonotype914	UNK_S	1	TRAV12-3*01	TRAJ53*01			TRBV6-2*01	TRBJ2-1*01	CAMRGRSGGSNYKLTF	tgtgcaatgagagggaggagtggaggtagcaactataaactgacattt			CASTQRVNEQFF	tgtgccagcacccagagggtcaatgagcagttcttc	1	0	1	1	1
clonotype915	UNK_S	1	TRAV19*01	TRAJ9*01			TRBV30*01	TRBJ2-5*01	CALSEASTGGFKTIF	tgtgctctgagtgaggccagtactggaggcttcaaaactatcttt			CAWSKVAGVETQYF	tgtgcctggagtaaggtagcgggagtggagacccagtacttc	1	0	1	1	1
clonotype916	UNK_S	1	TRAV9-2*01	TRAJ52*01			TRBV20-1*01	TRBJ1-5*01	CALSSANAGGTSYGKLTF	tgtgctctgagtagtgctaatgctggtggtactagctatggaaagctgacattt			CSARDKASNQPQHF	tgcagtgctagagataaggcgagcaatcagccccagcatttt	1	0	1	1	1
clonotype917	UNK_S	1	TRAV38-1*01	TRAJ53*01			TRBV20-1*01	TRBJ1-6*01	CAFSLLLGSNYKLTF	tgtgctttctccttgctgctgggtagcaactataaactgacattt			CSARARGRGSPLHF	tgcagtgctagagccagggggcgtggttcacccctccacttt	1	0	1	1	1
clonotype918	UNK_S	1	TRAV19*01	TRAJ10*01			TRBV2*01	TRBJ2-1*01	CALSDPTGGGNKLTF	tgtgctctgagtgaccccacgggaggaggaaacaaactcaccttt			CASSDPSKQFF	tgtgccagcagtgacccgagtaagcagttcttc	1	0	1	1	1
clonotype919	UNK_S	1	TRAV38-1*01	TRAJ33*01	TRAV38-1*01	TRAJ43*01	TRBV5-1*01	TRBJ2-3*01	CAFIIAMDSNYQLIW	tgtgctttcattattgccatggatagcaactatcagttaatctgg	CAFMKQNLNNNDMRF	tgtgctttcatgaagcagaacctaaataacaatgacatgcgcttt	CASSSGADTQYF	tgcgccagcagctccggtgcagatacgcagtatttt	2	1	2	2	1
clonotype92	UNK_S	2	TRAV12-3*01	TRAJ48*01			TRBV5-6*01	TRBJ1-5*01	CAMTPLSNFGNEKLTF	tgtgcaatgacccccttatctaactttggaaatgagaaattaaccttt			CASSVSGLYNQPQHF	tgtgccagcagcgtgtcgggactctacaatcagccccagcatttt	2	0	2	1	1
clonotype920	UNK_S	1	TRAV9-2*01	TRAJ28*01			TRBV6-5*01	TRBJ1-2*01	CALSDQWAYSGAGSYQLTF	tgtgctctgagtgatcaatgggcatactctggggctgggagttaccaactcactttc			CASSRQGHGYTF	tgtgccagcagccgacagggccatggctacaccttc	1	0	1	1	1
clonotype921	UNK_S	1	TRAV38-2/DV8*01	TRAJ52*01			TRBV30*01	TRBJ2-1*01	CASCGAGGTSYGKLTF	tgtgcgtcttgcggtgctggtggtactagctatggaaagctgacattt			CAWSVLSLCGEQFF	tgtgcctggagtgtactatccctatgcggcgagcagttcttc	1	0	1	1	1
clonotype922	UNK_S	1	TRAV19*01	TRAJ41*01			TRBV29-1*01	TRBJ1-2*01	CALSEADSNSGYALNF	tgtgctctgagtgaggcagactcaaattccgggtatgcactcaacttc			CSVVPTTEDYGYTF	tgcagcgttgttcccacgacggaggactatggctacaccttc	1	0	1	1	1
clonotype923	UNK_S	1	TRAV38-1*01	TRAJ42*01			TRBV20-1*01	TRBJ2-7*01	CAFMKKSGGSQGNLIF	tgtgctttcatgaagaagagtggaggaagccaaggaaatctcatcttt			CSALPGGPVYEQYV	tgcagtgcgttgcccggagggcccgtctacgagcagtacgtc	1	0	1	1	1
clonotype924	UNK_S	1	TRAV38-1*01	TRAJ54*01			TRBV28*01	TRBJ1-1*01	CAFMKQVPQGAQKLVF	tgtgctttcatgaagcaggtccctcagggagcccagaagctggtattt			CASSLFWKSAFF	tgtgccagcagtttattttggaagtcagctttcttt	1	0	1	1	1
clonotype925	UNK_S	1	TRAV29/DV5*01	TRAJ49*01			TRBV5-8*01	TRBJ2-1*01	CAASAVGNQFYF	tgtgcagcaagcgcggtcggtaaccagttctatttt			CASSPRGITGFF	tgtgccagcagcccccggggaattacagggttcttc	1	0	1	1	1
clonotype926	UNK_S	1	TRAV19*01	TRAJ23*01			TRBV7-9*01	TRBJ2-5*01	CALSEAPYNQGGKLIF	tgtgctctgagtgaggcgccttataaccagggaggaaagcttatcttc			CASSLKETQYF	tgtgccagctcactaaaagagacccagtacttc	1	0	1	1	1
clonotype927	UNK_S	1	TRAV29/DV5*01	TRAJ43*01			TRBV7-2*01	TRBJ2-1*01	CAALHNNNDMRF	tgtgcagcactacacaataacaatgacatgcgcttt			CASRKATEQFF	tgtgccagccgaaaagcaactgagcagttcttc	1	0	1	1	1
clonotype928	UNK_S	1	TRAV19*01	TRAJ58*01			TRBV5-6*01	TRBJ2-4*01	CALSEARETSGSRLTF	tgtgctctgagtgaggctcgagaaaccagtggctctaggttgaccttt			CASSFWRNIQYF	tgtgccagcagcttctggcgaaacattcagtacttc	1	0	1	1	1
clonotype929	UNK_S	1	TRAV29/DV5*01	TRAJ35*01			TRBV19*01	TRBJ2-1*01	CAATIGFGNVLHC	tgtgcagcgaccataggctttgggaatgtgctgcattgc			CASSRTGIEQFF	tgtgccagtagtagaacagggattgagcagttcttc	1	0	1	1	1
clonotype93	UNK_S	2	TRAV29/DV5*01	TRAJ24*01			TRBV7-3*01	TRBJ2-2*01	CAASGPTDSWGKLQF	tgtgcagcaagtggtccaactgacagctgggggaaattgcagttt			CASSSYGGAGELFF	tgtgccagcagctcctacgggggcgccggggagctgtttttt	2	0	2	1	1
clonotype930	UNK_S	1	TRAV14/DV4*01	TRAJ28*01			TRBV29-1*01	TRBJ2-3*01	CAMREPSAGAGSYQLTF	tgtgcaatgagagagccttctgctggggctgggagttaccaactcactttc			CSVEGRTKTDTQYF	tgcagcgtcgaagggcggactaagacagatacgcagtatttt	1	0	1	1	1
clonotype932	UNK_S	1	TRAV19*01	TRAJ10*01			TRBV5-5*01	TRBJ2-5*01	CALSSYILTGGGNKLTF	tgtgctctgagttcctatatactcacgggaggaggaaacaaactcaccttt			CASSVMTETQYF	tgtgccagcagcgttatgacagagacccagtacttc	1	0	1	1	1
clonotype933	UNK_S	1	TRAV23/DV6*01	TRAJ49*01			TRBV29-1*01	TRBJ2-2*01	CAATSRGNQFYF	tgtgcagcaacgtcccggggtaaccagttctatttt			CSARGLVTTGELFF	tgcagcgcacgaggactagtaaccaccggggagctgtttttt	1	0	1	1	1
clonotype934	UNK_S	1	TRAV23/DV6*01	TRAJ20*01			TRBV5-1*01	TRBJ1-1*01	CAASKADYKLSF	tgtgcagcaagcaaagccgactacaagctcagcttt			CASSLVAGEAFF	tgcgccagcagcttggttgccggggaagctttcttt	1	0	1	1	1
clonotype935	UNK_S	1	TRAV29/DV5*01	TRAJ40*01			TRBV6-6*01	TRBJ2-7*01	CAATGTTSGTYKYIF	tgtgcagcaaccggcactacctcaggaacctacaaatacatcttt			CASGQGGSEQYF	tgtgccagcggacagggagggtccgagcagtacttc	1	0	1	1	1
clonotype936	UNK_S	1	TRAV23/DV6*01	TRAJ6*01	TRAV29/DV5*01	TRAJ37*01	TRBV30*01	TRBJ2-1*01	CAAPMAGGSYIPTF	tgtgcagcccccatggcaggaggaagctacatacctacattt	CAASARSSNTGKLIF	tgtgcagcaagcgcgcggtctagcaacacaggcaaactaatcttt	CAWSVRLADNEQFF	tgtgcctggagtgtacggctagcggacaatgagcagttcttc	2	1	2	2	1
clonotype937	UNK_S	1	TRAV29/DV5*01	TRAJ53*01			TRBV20-1*01	TRBJ1-5*01	CAASGLGGSNYKLTF	tgtgcagcaagcggcctcggaggtagcaactataaactgacattt			CSAIPGVSNQPQHF	tgcagtgccattccaggggtaagcaatcagccccagcatttt	1	0	1	1	1
clonotype938	UNK_S	1	TRAV29/DV5*01	TRAJ53*01			TRBV27*01	TRBJ2-5*01	CAASASGGSNYKLTF	tgtgcagcaagcgcgagtggaggtagcaactataaactgacattt			CASSRSYGTQYF	tgtgccagcagtagaagttacgggacccagtacttc	1	0	1	1	1
clonotype939	UNK_S	1	TRAV29/DV5*01	TRAJ40*01			TRBV5-4*01	TRBJ2-7*01	CAASSLTSGTYKYIF	tgtgcagcctcaagtttaacctcaggaacctacaaatacatcttt			CASSFGGYEQYV	tgtgccagcagctttgggggttacgagcagtacgtc	1	0	1	1	1
clonotype94	UNK_S	2	TRAV23/DV6*01	TRAJ16*01	TRAV8-2*01	TRAJ37*01	TRBV5-1*01	TRBJ2-3*01	CAATSPIDGQKLLF	tgtgcagcaacctctccgatagatggccagaagctgctcttt	CVVNFSNTGKLIF	tgtgttgtgaactttagcaacacaggcaaactaatcttt	CASSLVAGASDTQYF	tgcgccagcagcttggtggcaggggcttcagatacgcagtatttt	3	2	4	2	1
clonotype940	UNK_S	1	TRAV23/DV6*01	TRAJ36*01			TRBV25-1*01	TRBJ2-1*01	CAASTHTGANNLFF	tgtgcagcaagcacccatactggggcaaacaacctcttcttt			CASSPSSMEQFF	tgtgccagcagtccctcttcgatggagcagttcttc	1	0	1	1	1
clonotype941	UNK_S	1	TRAV23/DV6*01	TRAJ22*01			TRBV6-5*01	TRBJ1-4*01	CAGISSGSARQLTF	tgtgcagggatttcttctggttctgcaaggcaactgaccttt			CASRTGNEKLFF	tgtgccagcaggacagggaatgaaaaactgtttttt	1	0	1	1	1
clonotype942	UNK_S	1	TRAV23/DV6*01	TRAJ29*01			TRBV20-1*01	TRBJ1-4*01	CAASKGSGNTPLVF	tgtgcagcaagcaaaggttcaggaaacacacctcttgtcttt			CSASRTGSDEKLFF	tgcagtgctagtcggacagggagtgatgaaaaactgtttttt	1	0	1	1	1
clonotype944	UNK_S	1	TRAV23/DV6*01	TRAJ40*01			TRBV7-9*01	TRBJ2-1*01	CAASRPTSGTYKYIF	tgtgcagcaagcagacctacctcaggaacctacaaatacatcttt			CASSLGTGEFF	tgtgccagcagcttagggacgggggagttcttc	1	0	1	1	1
clonotype945	UNK_S	1	TRAV23/DV6*01	TRAJ52*01			TRBV5-1*01	TRBJ2-3*01	CAARGAGGTSYGKLTF	tgtgcagcaaggggcgctggtggtactagctatggaaagctgacattt			CASSLLADTQYF	tgcgccagcagcttacttgcagatacgcagtatttt	1	0	1	1	1
clonotype946	UNK_S	1	TRAV23/DV6*01	TRAJ28*01			TRBV14*01	TRBJ2-2*01	CAASTYSGAGSYQLTF	tgtgcagcaagtacatactctggggctgggagttaccaactcactttc			CASSQRRELFF	tgtgccagcagccaaaggagggagctgtttttt	1	0	1	1	1
clonotype947	UNK_S	1	TRAV23/DV6*01	TRAJ58*01			TRBV5-1*01	TRBJ1-1*01	CAAKAPQGETSGSRLTF	tgtgcagcaaaagccccccagggagaaaccagtggctctaggttgaccttt			CASSWTGGEAFF	tgcgccagcagctggacagggggtgaagctttcttt	1	0	1	1	1
clonotype948	UNK_S	1	TRAV6*01	TRAJ20*01			TRBV7-2*01	TRBJ2-5*01	CAHSNDYKLSF	tgtgctcattctaacgactacaagctcagcttt			CASSFGETQYF	tgtgccagcagctttggagagacccagtacttc	1	0	1	1	1
clonotype949	UNK_S	1	TRAV6*01	TRAJ20*01			TRBV6-2*01	TRBJ2-1*01	CALVANDYKLSF	tgtgctctagtggctaacgactacaagctcagcttt			CASSLTRNEQFF	tgtgccagcagcctaacacggaatgagcagttcttc	1	0	1	1	1
clonotype950	UNK_S	1	TRAV6*01	TRAJ24*01			TRBV27*01	TRBJ2-7*01	CALPPSWGKLQF	tgtgctctcccccccagctgggggaaattgcagttt			CASSLQGYEQYF	tgtgccagcagtttacagggctacgagcagtacttc	1	0	1	1	1
clonotype951	UNK_S	1	TRAV6*01	TRAJ24*01			TRBV30*01	TRBJ1-6*01	CALETDSWGKLQF	tgtgctctagaaactgacagctgggggaaattgcagttt			CAWSVPSNNSPLHF	tgtgcctggagtgtacccagcaataattcacccctccacttt	1	0	1	1	1
clonotype952	UNK_S	1	TRAV6*01	TRAJ4*01			TRBV20-1*01	TRBJ2-3*01	CAYLRGGYNKLIF	tgtgcttaccttaggggtggctacaataagctgattttt			CSAPRGQGTDTQYF	tgcagtgctcctcgtgggcagggcacagatacgcagtatttt	1	0	1	1	1
clonotype953	UNK_S	1	TRAV6*01	TRAJ7*01			TRBV20-1*01	TRBJ2-7*01	CALASYGNNRLAF	tgtgctctagcttcctatgggaacaacagactcgctttt			CSAQPGTSAYEQYF	tgcagtgctcaacccgggactagcgcctacgagcagtacttc	1	0	1	1	1
clonotype954	UNK_S	1	TRAV6*01	TRAJ44*01			TRBV20-1*01	TRBJ2-3*01	CALDDSGTASKLTF	tgtgctctagacgattccggcactgccagtaaactcaccttt			CSAQDGGGAYTQYF	tgcagtgcccaggacggggggggggcgtatacgcagtatttt	1	0	1	1	1
clonotype955	UNK_S	1	TRAV6*01	TRAJ7*01			TRBV2*01	TRBJ2-3*01	CALDPSYGNNRLAF	tgtgctctagacccttcctatgggaacaacagactcgctttt			CASRGEDTQYF	tgtgccagcagaggggaggatacgcagtatttt	1	0	1	1	1
clonotype956	UNK_S	1	TRAV6*01	TRAJ3*01			TRBV20-1*01	TRBJ2-7*01	CALDPLYSSASKIIF	tgtgctctagacccgttgtacagcagtgcttccaagataatcttt			CSARTDMSSYEQYF	tgcagtgcacggaccgatatgagctcctacgagcagtacttc	1	0	1	1	1
clonotype957	UNK_S	1	TRAV6*01	TRAJ13*01			TRBV20-1*01	TRBJ2-7*01	CALRGNSGGYQKVTF	tgtgctctaagagggaattctgggggttaccagaaagttaccttt			CSAPIQGHAYEQYF	tgcagtgcgccaatacagggtcacgcctacgagcagtacttc	1	0	1	1	1
clonotype96	UNK_S	2	TRAV16*01	TRAJ40*01			TRBV12-3*01	TRBJ2-2*01	CALRGASGTYKYIF	tgtgctcttcggggggcctcaggaacctacaaatacatcttt			CASSLTGVNTGELFF	tgtgccagcagtttgacaggggttaacaccggggagctgtttttt	2	0	2	1	1
clonotype97	UNK_S	2	TRAV14/DV4*01	TRAJ26*01			TRBV2*01	TRBJ2-3*01	CAMREVESNYGQNFVF	tgtgcaatgagagaggtcgaaagtaactatggtcagaattttgtcttt			CASRGLAASTDTQYF	tgtgccagcagggggctagcggctagcacagatacgcagtatttt	2	0	2	1	1
clonotype98	UNK_S	2	TRAV19*01	TRAJ18*01			TRBV7-9*01	TRBJ2-1*01	CALSEANDRGSTLGRLYF	tgtgctctgagtgaggcgaacgacagaggctcaaccctggggaggctatacttt			CASSRNSGNYNEQFF	tgtgccagcagtcggaatagcggaaactacaatgagcagttcttc	2	0	2	1	1
clonotype99	UNK_S	2	TRAV16*01	TRAJ23*01			TRBV7-8*01	TRBJ1-2*01	CALRGGKLIF	tgtgctctaagaggaggaaagcttatcttc			CASTAGTPEDYGYTF	tgtgccagcaccgccgggaccccggaggactatggctacaccttc	2	0	2	1	1
